   2.728316601500000E-15   0.000000000000000E+00   1.000000000000000E+00   1.000000000000000E+00   0.000000000000000E+00  -9.831921163700000E+01   8.700000000000000E+02   0.000000000000000E+00
   1.249465119200000E-10   1.980849553000000E-04   1.000000000000000E+00   1.000000000000000E+00   6.558778499700000E-30  -9.831921162400000E+01   8.700000000000000E+02   6.715587929400000E-06
   4.998000431899999E-10   3.961699105100000E-04   1.000000000000000E+00   1.000000000000000E+00   1.227172316000000E-28  -9.831921158800000E+01   8.700000000000000E+02   1.343117585800000E-05
   1.124566288700000E-09   5.942503714800000E-04   1.000000000000000E+00   1.000000000000000E+00  -6.567585700700000E-29  -9.831921152699999E+01   8.700000000000000E+02   2.014669848800000E-05
   1.999213849300000E-09   7.923338280500000E-04   1.000000000000000E+00   1.000000000000000E+00   5.680416054600000E-29  -9.831921144200000E+01   8.700000000000000E+02   2.686226464400000E-05
   3.123764051600000E-09   9.904172841100000E-04   1.000000000000000E+00   1.000000000000000E+00   3.839549767300000E-29  -9.831921133300000E+01   8.700000000000000E+02   3.357783079400000E-05
   4.498221751500000E-09   1.188498026200000E-03   1.000000000000000E+00   1.000000000000000E+00   3.396027573500000E-28  -9.831921120000000E+01   8.700000000000000E+02   4.029335751300000E-05
   6.122572993500000E-09   1.386581028600000E-03   1.000000000000000E+00   1.000000000000000E+00  -8.277789219400000E-29  -9.831921104200001E+01   8.700000000000000E+02   4.700891707600000E-05
   7.996831372100000E-09   1.584664030200000E-03   1.000000000000000E+00   1.000000000000000E+00  -1.077330826100000E-28  -9.831921086100000E+01   8.700000000000000E+02   5.372447662900000E-05
   1.012098822200000E-08   1.782735811700000E-03   1.000000000000000E+00   1.000000000000000E+00   8.427250586100000E-28  -9.831921065500001E+01   8.700000000000000E+02   6.043987315900000E-05
   1.249504114600000E-08   1.980817564400000E-03   1.000000000000000E+00   1.000000000000000E+00   5.690945438600000E-29  -9.831921042400000E+01   8.700000000000000E+02   6.715541457500000E-05
   1.511900243100000E-08   2.178899315900000E-03   1.000000000000000E+00   1.000000000000000E+00   1.135202761200000E-27  -9.831921017000001E+01   8.700000000000000E+02   7.387095597500000E-05
   1.799286042000000E-08   2.376999235500000E-03   1.000000000000000E+00   1.000000000000000E+00   3.634457611600000E-28  -9.831920989100000E+01   8.700000000000000E+02   8.058676136000001E-05
   2.111661704200000E-08   2.575082498200000E-03   1.000000000000000E+00   1.000000000000000E+00   7.781587546600000E-28  -9.831920958800001E+01   8.700000000000000E+02   8.730232472599999E-05
   2.449027968000000E-08   2.773165759200000E-03   1.000000000000000E+00   1.000000000000000E+00   1.375405593200000E-27  -9.831920926100000E+01   8.700000000000000E+02   9.401788807400000E-05
   2.811383748100000E-08   2.971273654700000E-03   1.000000000000000E+00   1.000000000000000E+00   2.639457578800000E-28  -9.831920891000000E+01   8.700000000000000E+02   1.007338093600000E-04
   3.198729813500000E-08   3.169358554400000E-03   1.000000000000000E+00   1.000000000000000E+00   1.485835780600000E-27  -9.831920853400000E+01   8.700000000000000E+02   1.074493965300000E-04
   3.611065920400000E-08   3.367443452000000E-03   1.000000000000000E+00   1.000000000000000E+00  -7.471859880900000E-28  -9.831920813399999E+01   8.700000000000000E+02   1.141649836700000E-04
   4.048391972900000E-08   3.565497927200000E-03   1.000000000000000E+00   1.000000000000000E+00   1.074742677300000E-27  -9.831920771000000E+01   8.700000000000000E+02   1.208801287900000E-04
   4.510708115300000E-08   3.763581130300000E-03   1.000000000000000E+00   1.000000000000000E+00   3.728787531100000E-27  -9.831920726200001E+01   8.700000000000000E+02   1.275956913300000E-04
   4.998014667900000E-08   3.961664330900000E-03   1.000000000000000E+00   1.000000000000000E+00  -2.938902839000000E-28  -9.831920678900001E+01   8.700000000000000E+02   1.343112538400000E-04
   5.510311134100000E-08   4.159684660600000E-03   1.000000000000000E+00   1.000000000000000E+00   1.035610252800000E-27  -9.831920629200000E+01   8.700000000000000E+02   1.410259028500000E-04
   6.047597535600000E-08   4.357764862200000E-03   1.000000000000000E+00   1.000000000000000E+00   2.757105680700000E-27  -9.831920577100000E+01   8.700000000000000E+02   1.477414218000000E-04
   6.609874009100000E-08   4.555845061000000E-03   1.000000000000000E+00   1.000000000000000E+00   2.065728782700000E-27  -9.831920522599999E+01   8.700000000000000E+02   1.544569407200000E-04
   7.197140603400000E-08   4.754005262800000E-03   1.000000000000000E+00   1.000000000000000E+00   6.505455924400000E-28  -9.831920465600000E+01   8.700000000000000E+02   1.611736220700000E-04
   7.809397735200001E-08   4.952088789100000E-03   1.000000000000000E+00   1.000000000000000E+00   2.980116134900000E-27  -9.831920406200000E+01   8.700000000000000E+02   1.678891893600000E-04
   8.446644172500001E-08   5.150172312200000E-03   1.000000000000000E+00   1.000000000000000E+00  -4.481094653100000E-28  -9.831920344400000E+01   8.700000000000000E+02   1.746047566000000E-04
   9.108880392500000E-08   5.348165481000000E-03   1.000000000000000E+00   1.000000000000000E+00   2.394645461900000E-27  -9.831920280200001E+01   8.700000000000000E+02   1.813190110300000E-04
   9.796107555799999E-08   5.546245651000000E-03   1.000000000000000E+00   1.000000000000000E+00   1.017626702100000E-27  -9.831920213600000E+01   8.700000000000000E+02   1.880345295700000E-04
   1.050832471500000E-07   5.744325817300000E-03   1.000000000000000E+00   1.000000000000000E+00  -1.914000782100000E-27  -9.831920144500000E+01   8.700000000000000E+02   1.947500480800000E-04
   1.124553167900000E-07   5.942544956600000E-03   1.000000000000000E+00   1.000000000000000E+00  -1.048180114300000E-27  -9.831920073000001E+01   8.700000000000000E+02   2.014675858500000E-04
   1.200772878300000E-07   6.140629747900000E-03   1.000000000000000E+00   1.000000000000000E+00  -2.229824096400000E-29  -9.831919999100000E+01   8.700000000000000E+02   2.081831715800000E-04
   1.279491554700000E-07   6.338714535200000E-03   1.000000000000000E+00   1.000000000000000E+00   5.529128946200000E-28  -9.831919922700000E+01   8.700000000000000E+02   2.148987572600000E-04
   1.360709335400000E-07   6.536650980400000E-03   1.000000000000000E+00   1.000000000000000E+00   1.512360064600000E-27  -9.831919843900000E+01   8.700000000000000E+02   2.216121875700000E-04
   1.444426052300000E-07   6.734731264200000E-03   1.000000000000000E+00   1.000000000000000E+00   1.000647246900000E-27  -9.831919762800000E+01   8.700000000000000E+02   2.283277078400000E-04
   1.530641771600000E-07   6.932811543700000E-03   1.000000000000000E+00   1.000000000000000E+00  -1.272984366800000E-28  -9.831919679100000E+01   8.700000000000000E+02   2.350432280600000E-04
   1.619356476600000E-07   7.131046569800000E-03   1.000000000000000E+00   1.000000000000000E+00   2.381582104700000E-27  -9.831919593100000E+01   8.700000000000000E+02   2.417609967400000E-04
   1.710570239900000E-07   7.329131138700000E-03   1.000000000000000E+00   1.000000000000000E+00   1.644089944400000E-27  -9.831919504600000E+01   8.700000000000000E+02   2.484765793100000E-04
   1.804283001700000E-07   7.527215702900000E-03   1.000000000000000E+00   1.000000000000000E+00   5.707918999000000E-27  -9.831919413800000E+01   8.700000000000000E+02   2.551921618300000E-04
   1.900494747900000E-07   7.725311504800000E-03   1.000000000000000E+00   1.000000000000000E+00  -9.017919902000000E-28  -9.831919320400000E+01   8.700000000000000E+02   2.619079076500000E-04
   1.999205475300000E-07   7.923396347300000E-03   1.000000000000000E+00   1.000000000000000E+00   4.466580844200000E-27  -9.831919224700000E+01   8.700000000000000E+02   2.686234942400000E-04
   2.100415262700000E-07   8.121481184700000E-03   1.000000000000000E+00   1.000000000000000E+00   8.630218520500000E-27  -9.831919126500000E+01   8.700000000000000E+02   2.753390807800000E-04
   2.204123998400000E-07   8.319390132500000E-03   1.000000000000000E+00   1.000000000000000E+00  -2.048346464200000E-27  -9.831919026000000E+01   8.700000000000000E+02   2.820521116800000E-04
   2.310331822500000E-07   8.517470771400000E-03   1.000000000000000E+00   1.000000000000000E+00  -6.110406793600000E-28  -9.831918923000001E+01   8.700000000000000E+02   2.887676372500000E-04
   2.419038638100000E-07   8.715551404899999E-03   1.000000000000000E+00   1.000000000000000E+00   4.731978745400000E-27  -9.831918817499999E+01   8.700000000000000E+02   2.954831627500000E-04
   2.530244391400000E-07   8.913813267200000E-03   1.000000000000000E+00   1.000000000000000E+00   6.349643828700000E-27  -9.831918709700000E+01   8.700000000000000E+02   3.022013214900000E-04
   2.643949194800000E-07   9.111897916600000E-03   1.000000000000000E+00   1.000000000000000E+00   1.762760119800000E-27  -9.831918599399999E+01   8.700000000000000E+02   3.089169053800000E-04
   2.760152973900000E-07   9.309982560100001E-03   1.000000000000000E+00   1.000000000000000E+00   3.639520962200000E-27  -9.831918486700000E+01   8.700000000000000E+02   3.156324892000000E-04
   2.878855793400000E-07   9.508058057100000E-03   1.000000000000000E+00   1.000000000000000E+00   4.651356532600000E-27  -9.831918371600000E+01   8.700000000000000E+02   3.223479401400000E-04
   3.000057638100000E-07   9.706142498000000E-03   1.000000000000000E+00   1.000000000000000E+00  -1.042236329000000E-28  -9.831918254000000E+01   8.700000000000000E+02   3.290635210500000E-04
   3.123758455000000E-07   9.904226932499999E-03   1.000000000000000E+00   1.000000000000000E+00   3.365239456400000E-27  -9.831918134100000E+01   8.700000000000000E+02   3.357791018900000E-04
   3.249958227400000E-07   1.010224904600000E-02   1.000000000000000E+00   1.000000000000000E+00   4.165757531400000E-27  -9.831918011700000E+01   8.700000000000000E+02   3.424937772300000E-04
   3.378657017300000E-07   1.030033224600000E-02   1.000000000000000E+00   1.000000000000000E+00   5.408145494300000E-27  -9.831917886900000E+01   8.700000000000000E+02   3.492093401700000E-04
   3.509854820800000E-07   1.049841543900000E-02   1.000000000000000E+00   1.000000000000000E+00   3.965622801800000E-29  -9.831917759600000E+01   8.700000000000000E+02   3.559249030300000E-04
   3.643551732400000E-07   1.069656039600000E-02   1.000000000000000E+00   1.000000000000000E+00   5.832232085500000E-27  -9.831917630000000E+01   8.700000000000000E+02   3.626413633400000E-04
   3.779747561800000E-07   1.089464471900000E-02   1.000000000000000E+00   1.000000000000000E+00   2.220616494200000E-27  -9.831917497900000E+01   8.700000000000000E+02   3.693569426600000E-04
   3.918442409900000E-07   1.109272903500000E-02   1.000000000000000E+00   1.000000000000000E+00   1.737449252000000E-27  -9.831917363399999E+01   8.700000000000000E+02   3.760725219000000E-04
   4.059636318100000E-07   1.129066993400000E-02   1.000000000000000E+00   1.000000000000000E+00   8.203869632199999E-27  -9.831917226400000E+01   8.700000000000000E+02   3.827860173200000E-04
   4.203329154500000E-07   1.148875171900000E-02   1.000000000000000E+00   1.000000000000000E+00   6.896175047200000E-27  -9.831917087100000E+01   8.700000000000000E+02   3.895015598400000E-04
   4.349521027800000E-07   1.168683349700000E-02   1.000000000000000E+00   1.000000000000000E+00  -1.361107153400000E-27  -9.831916945300000E+01   8.700000000000000E+02   3.962171022700000E-04
   4.498211848300000E-07   1.188507572900000E-02   1.000000000000000E+00   1.000000000000000E+00  -2.783281806500000E-27  -9.831916801100000E+01   8.700000000000000E+02   4.029349760900000E-04
   4.649401743100000E-07   1.208316016600000E-02   1.000000000000000E+00   1.000000000000000E+00   4.669983556200000E-27  -9.831916654400000E+01   8.700000000000000E+02   4.096505572000000E-04
   4.803090586800000E-07   1.228124459500000E-02   1.000000000000000E+00   1.000000000000000E+00   6.015116033600000E-28  -9.831916505400000E+01   8.700000000000000E+02   4.163661382200000E-04
   4.959278490100000E-07   1.247910914000000E-02   1.000000000000000E+00   1.000000000000000E+00   6.895115996600000E-27  -9.831916353900000E+01   8.700000000000000E+02   4.230785243700000E-04
   5.117965409900000E-07   1.267719006300000E-02   1.000000000000000E+00   1.000000000000000E+00   7.805968625500000E-27  -9.831916200000001E+01   8.700000000000000E+02   4.297940544900000E-04
   5.279151220000000E-07   1.287527097700000E-02   1.000000000000000E+00   1.000000000000000E+00   1.981928429700000E-27  -9.831916043699999E+01   8.700000000000000E+02   4.365095845200000E-04
   5.442836163100000E-07   1.307354632900000E-02   1.000000000000000E+00   1.000000000000000E+00   1.598959654100000E-27  -9.831915884900000E+01   8.700000000000000E+02   4.432279397200000E-04
   5.609020091900000E-07   1.327163017300000E-02   1.000000000000000E+00   1.000000000000000E+00  -2.666640383900000E-27  -9.831915723800000E+01   8.700000000000000E+02   4.499435123600000E-04
   5.777702974300000E-07   1.346971400900000E-02   1.000000000000000E+00   1.000000000000000E+00   8.002042117900000E-27  -9.831915560200000E+01   8.700000000000000E+02   4.566590849000000E-04
   5.948884877000000E-07   1.366784812000000E-02   1.000000000000000E+00   1.000000000000000E+00   2.499416831300000E-27  -9.831915394100000E+01   8.700000000000000E+02   4.633753879700000E-04
   6.122565775700000E-07   1.386593266700000E-02   1.000000000000000E+00   1.000000000000000E+00  -1.976280588100000E-27  -9.831915225700000E+01   8.700000000000000E+02   4.700909709000000E-04
   6.298745709900000E-07   1.406401720400000E-02   1.000000000000000E+00   1.000000000000000E+00   4.120769207200000E-27  -9.831915054800000E+01   8.700000000000000E+02   4.768065537200000E-04
   6.477424625000000E-07   1.426207324600000E-02   1.000000000000000E+00   1.000000000000000E+00   7.100566600800000E-27  -9.831914881500001E+01   8.700000000000000E+02   4.835217225400000E-04
   6.658602546900000E-07   1.446015737000000E-02   1.000000000000000E+00   1.000000000000000E+00   5.340563864100000E-27  -9.831914705800000E+01   8.700000000000000E+02   4.902372994000000E-04
   6.842279463000000E-07   1.465824148400000E-02   1.000000000000000E+00   1.000000000000000E+00   1.805532083500000E-26  -9.831914527700000E+01   8.700000000000000E+02   4.969528761600000E-04
   7.028455364600000E-07   1.485623198900000E-02   1.000000000000000E+00   1.000000000000000E+00   5.597876614600000E-27  -9.831914347100000E+01   8.700000000000000E+02   5.036670928200000E-04
   7.217130315200000E-07   1.505431483600000E-02   1.000000000000000E+00   1.000000000000000E+00   9.273315616600000E-27  -9.831914164100000E+01   8.700000000000000E+02   5.103826512200000E-04
   7.408304245400000E-07   1.525239767300000E-02   1.000000000000000E+00   1.000000000000000E+00  -1.703263501100000E-28  -9.831913978700000E+01   8.700000000000000E+02   5.170982095000000E-04
   7.601977173900000E-07   1.545061621400000E-02   1.000000000000000E+00   1.000000000000000E+00   6.523758990300000E-27  -9.831913790900001E+01   8.700000000000000E+02   5.238157395800000E-04
   7.798149100300000E-07   1.564870077100000E-02   1.000000000000000E+00   1.000000000000000E+00   8.355475816600000E-27  -9.831913600700000E+01   8.700000000000000E+02   5.305313229200000E-04
   7.996820055500000E-07   1.584678531800000E-02   1.000000000000000E+00   1.000000000000000E+00  -3.406169163400000E-27  -9.831913408000000E+01   8.700000000000000E+02   5.372469061400000E-04
   8.197990016600000E-07   1.604455516500000E-02   1.000000000000000E+00   1.000000000000000E+00   4.535657859000000E-27  -9.831913212900000E+01   8.700000000000000E+02   5.439579168600000E-04
   8.401658960600000E-07   1.624263580600000E-02   1.000000000000000E+00   1.000000000000000E+00   8.945055742300000E-27  -9.831913015300000E+01   8.700000000000000E+02   5.506734434000000E-04
   8.607826938600001E-07   1.644071643700000E-02   1.000000000000000E+00   1.000000000000000E+00   1.773727539000000E-27  -9.831912815400000E+01   8.700000000000000E+02   5.573889698100000E-04
   8.816493892700000E-07   1.663910399800000E-02   1.000000000000000E+00   1.000000000000000E+00   6.772395310200000E-27  -9.831912613000000E+01   8.700000000000000E+02   5.641089559100000E-04
   9.027659835700000E-07   1.683718826100000E-02   1.000000000000000E+00   1.000000000000000E+00   2.899343529600000E-28  -9.831912408200000E+01   8.700000000000000E+02   5.708245351700001E-04
   9.241324799600000E-07   1.703527251300000E-02   1.000000000000000E+00   1.000000000000000E+00   1.417494390700000E-28  -9.831912201000000E+01   8.700000000000000E+02   5.775401143000000E-04
   9.457488774200000E-07   1.723306053600000E-02   1.000000000000000E+00   1.000000000000000E+00   2.466272987400000E-28  -9.831911991400000E+01   8.700000000000000E+02   5.842513892900000E-04
   9.676151748400001E-07   1.743114136100000E-02   1.000000000000000E+00   1.000000000000000E+00   9.099664458300001E-27  -9.831911779300000E+01   8.700000000000000E+02   5.909669187000000E-04
   9.897313719000000E-07   1.762922217400000E-02   1.000000000000000E+00   1.000000000000000E+00   2.189671807500000E-27  -9.831911564799999E+01   8.700000000000000E+02   5.976824479699999E-04
   1.012097468600000E-06   1.782757785800000E-02   1.000000000000000E+00   1.000000000000000E+00   7.898759160500000E-27  -9.831911347899999E+01   8.700000000000000E+02   6.044019710900000E-04
   1.034713461900000E-06   1.802566170300000E-02   1.000000000000000E+00   1.000000000000000E+00   1.648509859000000E-27  -9.831911128500001E+01   8.700000000000000E+02   6.111175444700000E-04
   1.057579362300000E-06   1.822374553600000E-02   1.000000000000000E+00   1.000000000000000E+00   8.918678097100001E-27  -9.831910906800000E+01   8.700000000000000E+02   6.178331177200000E-04
   1.080695162700000E-06   1.842159372000000E-02   1.000000000000000E+00   1.000000000000000E+00   7.574595988100000E-27  -9.831910682600000E+01   8.700000000000000E+02   6.245452670600000E-04
   1.104060859800000E-06   1.861967499500000E-02   1.000000000000000E+00   1.000000000000000E+00  -3.031542616300000E-27  -9.831910456000000E+01   8.700000000000000E+02   6.312608032200000E-04
   1.127676452800000E-06   1.881775625900000E-02   1.000000000000000E+00   1.000000000000000E+00  -1.734924028200000E-29  -9.831910227000000E+01   8.700000000000000E+02   6.379763392400000E-04
   1.151541952200000E-06   1.901607262300000E-02   1.000000000000000E+00   1.000000000000000E+00   4.191023858900000E-27  -9.831909995500000E+01   8.700000000000000E+02   6.446952912800000E-04
   1.175657353600000E-06   1.921415631100000E-02   1.000000000000000E+00   1.000000000000000E+00   7.441676586500001E-27  -9.831909761599999E+01   8.700000000000000E+02   6.514108626000001E-04
   1.200022647000000E-06   1.941223998600000E-02   1.000000000000000E+00   1.000000000000000E+00  -1.188402389100000E-27  -9.831909525300000E+01   8.700000000000000E+02   6.581264337800000E-04
   1.224637847200000E-06   1.960984289500000E-02   1.000000000000000E+00   1.000000000000000E+00   1.042099448600000E-26  -9.831909286600001E+01   8.700000000000000E+02   6.648350195200000E-04
   1.249502947500000E-06   1.980792168900000E-02   1.000000000000000E+00   1.000000000000000E+00   5.738840169200000E-27  -9.831909045400000E+01   8.700000000000000E+02   6.715505198500000E-04
   1.274617940100000E-06   2.000600047000000E-02   1.000000000000000E+00   1.000000000000000E+00   1.256582466200000E-27  -9.831908801900001E+01   8.700000000000000E+02   6.782660200300000E-04
   1.299982843800000E-06   2.020417814700000E-02   1.000000000000000E+00   1.000000000000000E+00  -2.932816503000000E-27  -9.831908555900000E+01   8.700000000000000E+02   6.849829571900000E-04
   1.325597642700000E-06   2.040225787100000E-02   1.000000000000000E+00   1.000000000000000E+00  -8.908249862000000E-27  -9.831908307400001E+01   8.700000000000000E+02   6.916984711600000E-04
   1.351462342100000E-06   2.060033758300000E-02   1.000000000000000E+00   1.000000000000000E+00  -6.157786407300000E-27  -9.831908056600000E+01   8.700000000000000E+02   6.984139849700000E-04
   1.377576939000000E-06   2.079888812300000E-02   1.000000000000000E+00   1.000000000000000E+00   5.727864271100000E-27  -9.831907803300000E+01   8.700000000000000E+02   7.051363399000001E-04
   1.403941437200000E-06   2.099697229200000E-02   1.000000000000000E+00   1.000000000000000E+00   2.432769115200000E-27  -9.831907547599999E+01   8.700000000000000E+02   7.118519185700000E-04
   1.430555833700000E-06   2.119505644700000E-02   1.000000000000000E+00   1.000000000000000E+00   2.665688187500000E-28  -9.831907289500001E+01   8.700000000000000E+02   7.185674970700000E-04
   1.457420136500000E-06   2.139314797400000E-02   1.000000000000000E+00   1.000000000000000E+00   1.463546752200000E-26  -9.831907029000000E+01   8.700000000000000E+02   7.252831827300000E-04
   1.484534332400000E-06   2.159123217000000E-02   1.000000000000000E+00   1.000000000000000E+00   5.375994210000000E-27  -9.831906766000000E+01   8.700000000000000E+02   7.319987619100000E-04
   1.511898429900000E-06   2.178931635100000E-02   1.000000000000000E+00   1.000000000000000E+00   3.966825181800000E-27  -9.831906500600000E+01   8.700000000000000E+02   7.387143409300000E-04
   1.539512425500000E-06   2.198738145800000E-02   1.000000000000000E+00   1.000000000000000E+00   6.613984441600001E-27  -9.831906232800000E+01   8.700000000000000E+02   7.454296428300000E-04
   1.567376323100000E-06   2.218546543900000E-02   1.000000000000000E+00   1.000000000000000E+00   1.198378033500000E-26  -9.831905962600000E+01   8.700000000000000E+02   7.521452190200000E-04
   1.595490125800000E-06   2.238354940600000E-02   1.000000000000000E+00   1.000000000000000E+00   7.973563158200000E-27  -9.831905690000001E+01   8.700000000000000E+02   7.588607950500000E-04
   1.623853828900000E-06   2.258163527600000E-02   1.000000000000000E+00   1.000000000000000E+00   2.919437160600000E-27  -9.831905414800001E+01   8.700000000000000E+02   7.655763987600000E-04
   1.652467424000000E-06   2.277971923100000E-02   1.000000000000000E+00   1.000000000000000E+00   1.140292821900000E-26  -9.831905137299999E+01   8.700000000000000E+02   7.722919747000000E-04
   1.681330918000000E-06   2.297780317100000E-02   1.000000000000000E+00   1.000000000000000E+00   3.594628736100000E-27  -9.831904857400001E+01   8.700000000000000E+02   7.790075504600000E-04
   1.710444319700000E-06   2.317529163900000E-02   1.000000000000000E+00   1.000000000000000E+00  -7.120293658600000E-28  -9.831904575000000E+01   8.700000000000000E+02   7.857144741500000E-04
   1.739807614400000E-06   2.337337045900000E-02   1.000000000000000E+00   1.000000000000000E+00   1.868600907800000E-26  -9.831904290300000E+01   8.700000000000000E+02   7.924299756200000E-04
   1.769420811900000E-06   2.357144926500000E-02   1.000000000000000E+00   1.000000000000000E+00   8.404969160400000E-27  -9.831904003100000E+01   8.700000000000000E+02   7.991454769200000E-04
   1.799283907800000E-06   2.377012167000000E-02   1.000000000000000E+00   1.000000000000000E+00   8.106090831300000E-27  -9.831903713400000E+01   8.700000000000000E+02   8.058696031900000E-04
   1.829396908600000E-06   2.396820539100000E-02   1.000000000000000E+00   1.000000000000000E+00   5.192837247100000E-27  -9.831903421400000E+01   8.700000000000000E+02   8.125851760100000E-04
   1.859759803400000E-06   2.416628909700000E-02   1.000000000000000E+00   1.000000000000000E+00   8.459017045900001E-27  -9.831903126900001E+01   8.700000000000000E+02   8.193007486500000E-04
   1.890372597000000E-06   2.436438304500000E-02   1.000000000000000E+00   1.000000000000000E+00   7.301802249800000E-27  -9.831902830000000E+01   8.700000000000000E+02   8.260164701500000E-04
   1.921235296600000E-06   2.456246680300000E-02   1.000000000000000E+00   1.000000000000000E+00   8.239879628200000E-27  -9.831902530700000E+01   8.700000000000000E+02   8.327320436400000E-04
   1.952347890200000E-06   2.476055054400000E-02   1.000000000000000E+00   1.000000000000000E+00   3.124890199800000E-27  -9.831902229000001E+01   8.700000000000000E+02   8.394476169400000E-04
   1.983710392100000E-06   2.495847187900000E-02   1.000000000000000E+00   1.000000000000000E+00   1.046747175400000E-26  -9.831901924800000E+01   8.700000000000000E+02   8.461608305500000E-04
   2.015322780800000E-06   2.515655430000000E-02   1.000000000000000E+00   1.000000000000000E+00   3.276354560700000E-27  -9.831901618200000E+01   8.700000000000000E+02   8.528763847500000E-04
   2.047185076200000E-06   2.535463670400000E-02   1.000000000000000E+00   1.000000000000000E+00   8.542808804100000E-27  -9.831901309200001E+01   8.700000000000000E+02   8.595919387700000E-04
   2.079297277200000E-06   2.555288410700000E-02   1.000000000000000E+00   1.000000000000000E+00   7.596448193000000E-28  -9.831900997800000E+01   8.700000000000000E+02   8.663098902500000E-04
   2.111659367300000E-06   2.575096775700000E-02   1.000000000000000E+00   1.000000000000000E+00   1.475064350700000E-27  -9.831900683900000E+01   8.700000000000000E+02   8.730254624700001E-04
   2.144271365300000E-06   2.594905139100000E-02   1.000000000000000E+00   1.000000000000000E+00   4.021691645900000E-27  -9.831900367599999E+01   8.700000000000000E+02   8.797410345000000E-04
   2.177133258200000E-06   2.614671341200000E-02   1.000000000000000E+00   1.000000000000000E+00   3.097346513400000E-28  -9.831900048900000E+01   8.700000000000000E+02   8.864504806200000E-04
   2.210245050700000E-06   2.634479381800000E-02   1.000000000000000E+00   1.000000000000000E+00   7.348247862700000E-27  -9.831899727800000E+01   8.700000000000000E+02   8.931660058500000E-04
   2.243606745300000E-06   2.654287420700000E-02   1.000000000000000E+00   1.000000000000000E+00   1.004501509100000E-26  -9.831899404200000E+01   8.700000000000000E+02   8.998815308800000E-04
   2.277218338900000E-06   2.674087077200000E-02   1.000000000000000E+00   1.000000000000000E+00   9.061202694700000E-27  -9.831899078300000E+01   8.700000000000000E+02   9.065958380300001E-04
   2.311079832800000E-06   2.693895050600000E-02   1.000000000000000E+00   1.000000000000000E+00   1.330038324000000E-26  -9.831898749900000E+01   8.700000000000000E+02   9.133113536500000E-04
   2.345191219800000E-06   2.713703022100000E-02   1.000000000000000E+00   1.000000000000000E+00   1.677028419000000E-26  -9.831898418999999E+01   8.700000000000000E+02   9.200268690600000E-04
   2.379552513300000E-06   2.733557228200000E-02   1.000000000000000E+00   1.000000000000000E+00   9.679813806499999E-27  -9.831898085800000E+01   8.700000000000000E+02   9.267491023400000E-04
   2.414163697900000E-06   2.753365531300000E-02   1.000000000000000E+00   1.000000000000000E+00   6.503085850400000E-27  -9.831897750100001E+01   8.700000000000000E+02   9.334646660300000E-04
   2.449024791900000E-06   2.773173832500000E-02   1.000000000000000E+00   1.000000000000000E+00   1.398786546800000E-26  -9.831897411999999E+01   8.700000000000000E+02   9.401802295200000E-04
   2.484135783700000E-06   2.792945549800000E-02   1.000000000000000E+00   1.000000000000000E+00   1.007709786600000E-26  -9.831897071500001E+01   8.700000000000000E+02   9.468904774400000E-04
   2.519496673500000E-06   2.812753588000000E-02   1.000000000000000E+00   1.000000000000000E+00   3.166388340400000E-26  -9.831896728600000E+01   8.700000000000000E+02   9.536060028100000E-04
   2.555107456600000E-06   2.832561624400000E-02   1.000000000000000E+00   1.000000000000000E+00  -1.068026727500000E-27  -9.831896383199999E+01   8.700000000000000E+02   9.603215279700000E-04
   2.590968150100000E-06   2.852327556800000E-02   1.000000000000000E+00   1.000000000000000E+00   3.526229100900000E-28  -9.831896035400000E+01   8.700000000000000E+02   9.670309355100000E-04
   2.627078734600000E-06   2.872135297100000E-02   1.000000000000000E+00   1.000000000000000E+00   4.005350003900000E-27  -9.831895685200000E+01   8.700000000000000E+02   9.737464177600000E-04
   2.663439224100000E-06   2.891943035500000E-02   1.000000000000000E+00   1.000000000000000E+00   1.538459409600000E-26  -9.831895332600000E+01   8.700000000000000E+02   9.804618997900001E-04
   2.700049607400000E-06   2.911841617600000E-02   1.000000000000000E+00   1.000000000000000E+00   2.176686301800000E-26  -9.831894977499999E+01   8.700000000000000E+02   9.871905813600001E-04
   2.736909891900000E-06   2.931649970300000E-02   1.000000000000000E+00   1.000000000000000E+00  -5.621201266200000E-28  -9.831894620000000E+01   8.700000000000000E+02   9.939061527600001E-04
   2.774020082100000E-06   2.951458321000000E-02   1.000000000000000E+00   1.000000000000000E+00   1.298023652600000E-26  -9.831894260100000E+01   8.700000000000000E+02   1.000621723900000E-03
   2.811380163400000E-06   2.971266717500000E-02   1.000000000000000E+00   1.000000000000000E+00   1.667306283700000E-26  -9.831893897800001E+01   8.700000000000000E+02   1.007337301800000E-03
   2.848990144000000E-06   2.991075064700000E-02   1.000000000000000E+00   1.000000000000000E+00  -4.746272878900000E-27  -9.831893533000000E+01   8.700000000000000E+02   1.014052872600000E-03
   2.886850030000000E-06   3.010883410000000E-02   1.000000000000000E+00   1.000000000000000E+00  -1.298544665300000E-27  -9.831893165900000E+01   8.700000000000000E+02   1.020768443100000E-03
   2.924959810700000E-06   3.030640641600000E-02   1.000000000000000E+00   1.000000000000000E+00   1.662044358800000E-26  -9.831892796200000E+01   8.700000000000000E+02   1.027476587000000E-03
   2.963319495900000E-06   3.050448648900000E-02   1.000000000000000E+00   1.000000000000000E+00   7.408894798400000E-27  -9.831892424199999E+01   8.700000000000000E+02   1.034192108500000E-03
   3.001929073700000E-06   3.070256654200000E-02   1.000000000000000E+00   1.000000000000000E+00   9.833577310799999E-28  -9.831892049699999E+01   8.700000000000000E+02   1.040907629900000E-03
   3.040788552300000E-06   3.090053734500000E-02   1.000000000000000E+00   1.000000000000000E+00   6.666764520199999E-27  -9.831891672800000E+01   8.700000000000000E+02   1.047621563900000E-03
   3.079897935100000E-06   3.109861665800000E-02   1.000000000000000E+00   1.000000000000000E+00   5.315298732900000E-27  -9.831891293500000E+01   8.700000000000000E+02   1.054337074600000E-03
   3.119257212800000E-06   3.129669595000000E-02   1.000000000000000E+00   1.000000000000000E+00   7.453694488100000E-27  -9.831890911799999E+01   8.700000000000000E+02   1.061052585100000E-03
   3.158866385400000E-06   3.149506913400000E-02   1.000000000000000E+00   1.000000000000000E+00   1.917910032400000E-26  -9.831890527700000E+01   8.700000000000000E+02   1.067772365800000E-03
   3.198725464800000E-06   3.169315023500000E-02   1.000000000000000E+00   1.000000000000000E+00   1.093861947300000E-26  -9.831890141100000E+01   8.700000000000000E+02   1.074487902600000E-03
   3.238834438600000E-06   3.189123131400000E-02   1.000000000000000E+00   1.000000000000000E+00   7.462320872800000E-27  -9.831889752100000E+01   8.700000000000000E+02   1.081203439300000E-03
   3.279193311600000E-06   3.208967109900000E-02   1.000000000000000E+00   1.000000000000000E+00   1.840148719900000E-26  -9.831889360700001E+01   8.700000000000000E+02   1.087924187900000E-03
   3.319802089400000E-06   3.228775435200000E-02   1.000000000000000E+00   1.000000000000000E+00   5.261583697800000E-27  -9.831888966900000E+01   8.700000000000000E+02   1.094639756200000E-03
   3.360660758900000E-06   3.248583758300000E-02   1.000000000000000E+00   1.000000000000000E+00   1.046763813800000E-26  -9.831888570600000E+01   8.700000000000000E+02   1.101355324300000E-03
   3.401769331900000E-06   3.268316506800000E-02   1.000000000000000E+00   1.000000000000000E+00   3.025037585500000E-26  -9.831888171900000E+01   8.700000000000000E+02   1.108059911500000E-03
   3.443127797700000E-06   3.288124367600000E-02   1.000000000000000E+00   1.000000000000000E+00   1.959643361100000E-26  -9.831887770800000E+01   8.700000000000000E+02   1.114775412500000E-03
   3.484736171400000E-06   3.307932226400000E-02   1.000000000000000E+00   1.000000000000000E+00   2.310100573000000E-27  -9.831887367300000E+01   8.700000000000000E+02   1.121490913300000E-03
   3.526594442000000E-06   3.327726522400000E-02   1.000000000000000E+00   1.000000000000000E+00   1.718187420300000E-27  -9.831886961300000E+01   8.700000000000000E+02   1.128204443500000E-03
   3.568702608000000E-06   3.347534296100000E-02   1.000000000000000E+00   1.000000000000000E+00   1.215106438300000E-26  -9.831886552900001E+01   8.700000000000000E+02   1.134919932100000E-03
   3.611060673600000E-06   3.367342067700000E-02   1.000000000000000E+00   1.000000000000000E+00   2.850049060600000E-27  -9.831886142099999E+01   8.700000000000000E+02   1.141635420400000E-03
   3.653668643800000E-06   3.387165578400000E-02   1.000000000000000E+00   1.000000000000000E+00   9.399379642999999E-27  -9.831885728899999E+01   8.700000000000000E+02   1.148353195600000E-03
   3.696526506500000E-06   3.406973437600000E-02   1.000000000000000E+00   1.000000000000000E+00   1.874511755200000E-26  -9.831885313200000E+01   8.700000000000000E+02   1.155068696800000E-03
   3.739634266400000E-06   3.426781294600000E-02   1.000000000000000E+00   1.000000000000000E+00   4.333542402700000E-27  -9.831884895200000E+01   8.700000000000000E+02   1.161784197700000E-03
   3.782991928600000E-06   3.446639159400000E-02   1.000000000000000E+00   1.000000000000000E+00   1.023515831300000E-26  -9.831884474700000E+01   8.700000000000000E+02   1.168506964800000E-03
   3.826599489500000E-06   3.466447299300000E-02   1.000000000000000E+00   1.000000000000000E+00   6.300154962700000E-27  -9.831884051800000E+01   8.700000000000000E+02   1.175222507000000E-03
   3.870456948400000E-06   3.486255437000000E-02   1.000000000000000E+00   1.000000000000000E+00   2.656073174100000E-28  -9.831883626400000E+01   8.700000000000000E+02   1.181938048900000E-03
   3.914564311000000E-06   3.506071611700000E-02   1.000000000000000E+00   1.000000000000000E+00  -2.024271153000000E-29  -9.831883198700000E+01   8.700000000000000E+02   1.188654758600000E-03
   3.958921566700000E-06   3.525879790300000E-02   1.000000000000000E+00   1.000000000000000E+00   5.956112502100000E-27  -9.831882768500000E+01   8.700000000000000E+02   1.195370306600000E-03
   4.003528720900000E-06   3.545687966600000E-02   1.000000000000000E+00   1.000000000000000E+00   3.167576325800000E-26  -9.831882335800000E+01   8.700000000000000E+02   1.202085854400000E-03
   4.048385779900000E-06   3.565510911900000E-02   1.000000000000000E+00   1.000000000000000E+00   1.759943018400000E-26  -9.831881900800001E+01   8.700000000000000E+02   1.208803548100000E-03
   4.093492729400000E-06   3.585319165600000E-02   1.000000000000000E+00   1.000000000000000E+00   4.763033766000000E-27  -9.831881463300000E+01   8.700000000000000E+02   1.215519107200000E-03
   4.138849586100000E-06   3.605127417000000E-02   1.000000000000000E+00   1.000000000000000E+00   4.011793994900000E-27  -9.831881023500000E+01   8.700000000000000E+02   1.222234666000000E-03
   4.184456329300000E-06   3.624888832600000E-02   1.000000000000000E+00   1.000000000000000E+00   2.606838022700000E-26  -9.831880581199999E+01   8.700000000000000E+02   1.228943419800000E-03
   4.230312977500000E-06   3.644696823400000E-02   1.000000000000000E+00   1.000000000000000E+00   1.380719551300000E-26  -9.831880136500000E+01   8.700000000000000E+02   1.235658940900000E-03
   4.276419527600000E-06   3.664504811800000E-02   1.000000000000000E+00   1.000000000000000E+00   1.690899786600000E-26  -9.831879689300000E+01   8.700000000000000E+02   1.242374461800000E-03
   4.322775975800000E-06   3.684362909800000E-02   1.000000000000000E+00   1.000000000000000E+00  -2.860295925600000E-27  -9.831879239600001E+01   8.700000000000000E+02   1.249097263600000E-03
   4.369382321400000E-06   3.704171162800000E-02   1.000000000000000E+00   1.000000000000000E+00   2.848232937700000E-26  -9.831878787600000E+01   8.700000000000000E+02   1.255812823000000E-03
   4.416238560600000E-06   3.723979413400000E-02   1.000000000000000E+00   1.000000000000000E+00   2.424131057700000E-27  -9.831878333200000E+01   8.700000000000000E+02   1.262528382200000E-03
   4.463344704500000E-06   3.743790831800000E-02   1.000000000000000E+00   1.000000000000000E+00   3.572811507600000E-26  -9.831877876400000E+01   8.700000000000000E+02   1.269244401700000E-03
   4.510700742900000E-06   3.763599094300000E-02   1.000000000000000E+00   1.000000000000000E+00   2.265508529600000E-26  -9.831877417100000E+01   8.700000000000000E+02   1.275959962700000E-03
   4.558306683700000E-06   3.783407354400000E-02   1.000000000000000E+00   1.000000000000000E+00   1.478323752900000E-26  -9.831876955400000E+01   8.700000000000000E+02   1.282675523500000E-03
   4.606162524000000E-06   3.803196089200000E-02   1.000000000000000E+00   1.000000000000000E+00   9.012989262100000E-27  -9.831876491300000E+01   8.700000000000000E+02   1.289388247300000E-03
   4.654268259800000E-06   3.823004242700000E-02   1.000000000000000E+00   1.000000000000000E+00   2.606151567000000E-26  -9.831876024700000E+01   8.700000000000000E+02   1.296103792700000E-03
   4.702623893900000E-06   3.842812393700000E-02   1.000000000000000E+00   1.000000000000000E+00   3.791368745300000E-26  -9.831875555700000E+01   8.700000000000000E+02   1.302819337900000E-03
   4.751229424100000E-06   3.862637832100000E-02   1.000000000000000E+00   1.000000000000000E+00   2.485098362700000E-26  -9.831875084399999E+01   8.700000000000000E+02   1.309537394900000E-03
   4.800084856600000E-06   3.882446066700000E-02   1.000000000000000E+00   1.000000000000000E+00   1.906327928300000E-26  -9.831874610500000E+01   8.700000000000000E+02   1.316252952400000E-03
   4.849190181900000E-06   3.902254298900000E-02   1.000000000000000E+00   1.000000000000000E+00   1.031001178100000E-26  -9.831874134300000E+01   8.700000000000000E+02   1.322968509500000E-03
   4.898545417600000E-06   3.922011124400000E-02   1.000000000000000E+00   1.000000000000000E+00   1.359476664900000E-26  -9.831873655600000E+01   8.700000000000000E+02   1.329676597400000E-03
   4.948150537000000E-06   3.941819091800000E-02   1.000000000000000E+00   1.000000000000000E+00   2.704410089200000E-27  -9.831873174499999E+01   8.700000000000000E+02   1.336392116300000E-03
   4.998005558700000E-06   3.961627056700000E-02   1.000000000000000E+00   1.000000000000000E+00   9.042363672800000E-27  -9.831872691000000E+01   8.700000000000000E+02   1.343107634800000E-03
   5.048110480500000E-06   3.981401502700000E-02   1.000000000000000E+00   1.000000000000000E+00   5.061069359000000E-27  -9.831872205099999E+01   8.700000000000000E+02   1.349818283200000E-03
   5.098465297200000E-06   4.001209295700000E-02   1.000000000000000E+00   1.000000000000000E+00  -1.062275064600000E-26  -9.831871716700000E+01   8.700000000000000E+02   1.356533776900000E-03
   5.149070016400000E-06   4.021017086000000E-02   1.000000000000000E+00   1.000000000000000E+00   1.680699672000000E-27  -9.831871225899999E+01   8.700000000000000E+02   1.363249270300000E-03
   5.199924637800000E-06   4.040804507200000E-02   1.000000000000000E+00   1.000000000000000E+00   1.229679311900000E-26  -9.831870732700000E+01   8.700000000000000E+02   1.369961804200000E-03
   5.251029149500000E-06   4.060612192500000E-02   1.000000000000000E+00   1.000000000000000E+00   1.187969556900000E-26  -9.831870237100000E+01   8.700000000000000E+02   1.376677282500000E-03
   5.302383566300000E-06   4.080419875100000E-02   1.000000000000000E+00   1.000000000000000E+00   1.518691555600000E-26  -9.831869739100000E+01   8.700000000000000E+02   1.383392760500000E-03
   5.353987875600000E-06   4.100337299200000E-02   1.000000000000000E+00   1.000000000000000E+00   8.631649881700000E-27  -9.831869238600000E+01   8.700000000000000E+02   1.390124184000000E-03
   5.405842087300000E-06   4.120145506700000E-02   1.000000000000000E+00   1.000000000000000E+00   2.347642818600000E-26  -9.831868735700000E+01   8.700000000000000E+02   1.396839738400000E-03
   5.457946186900000E-06   4.139953711500000E-02   1.000000000000000E+00   1.000000000000000E+00   7.667260361800000E-27  -9.831868230400001E+01   8.700000000000000E+02   1.403555292500000E-03
   5.510300192300000E-06   4.159703686900000E-02   1.000000000000000E+00   1.000000000000000E+00   6.914729687800000E-27  -9.831867722699999E+01   8.700000000000000E+02   1.410262386000000E-03
   5.562904098300000E-06   4.179511609000000E-02   1.000000000000000E+00   1.000000000000000E+00   2.122727593400000E-27  -9.831867212500001E+01   8.700000000000000E+02   1.416977899300000E-03
   5.615757899400000E-06   4.199319528400000E-02   1.000000000000000E+00   1.000000000000000E+00   2.041538624800000E-26  -9.831866699900000E+01   8.700000000000000E+02   1.423693412200000E-03
   5.668861597000000E-06   4.219054985500000E-02   1.000000000000000E+00   1.000000000000000E+00   1.628035880200000E-26  -9.831866184800000E+01   8.700000000000000E+02   1.430398396400000E-03
   5.722215191100000E-06   4.238862559200000E-02   1.000000000000000E+00   1.000000000000000E+00   1.437925853900000E-26  -9.831865667400000E+01   8.700000000000000E+02   1.437113859300000E-03
   5.775818689000000E-06   4.258670130200000E-02   1.000000000000000E+00   1.000000000000000E+00   2.413232099200000E-26  -9.831865147500000E+01   8.700000000000000E+02   1.443829321800000E-03
   5.829672081700000E-06   4.278499613600000E-02   1.000000000000000E+00   1.000000000000000E+00   6.339860670500000E-27  -9.831864625199999E+01   8.700000000000000E+02   1.450547968200000E-03
   5.883775369500000E-06   4.298307280500000E-02   1.000000000000000E+00   1.000000000000000E+00  -1.220761572200000E-27  -9.831864100500000E+01   8.700000000000000E+02   1.457263444900000E-03
   5.938128558000000E-06   4.318114944700000E-02   1.000000000000000E+00   1.000000000000000E+00   1.999320412200000E-26  -9.831863573400000E+01   8.700000000000000E+02   1.463978921200000E-03
   5.992731642500000E-06   4.338025472100000E-02   1.000000000000000E+00   1.000000000000000E+00   5.523689526400000E-26  -9.831863044000001E+01   8.700000000000000E+02   1.470709343600000E-03
   6.047584627500000E-06   4.357833600300000E-02   1.000000000000000E+00   1.000000000000000E+00   8.060477768500000E-28  -9.831862511999999E+01   8.700000000000000E+02   1.477424887500000E-03
   6.102687504900000E-06   4.377641725700000E-02   1.000000000000000E+00   1.000000000000000E+00  -8.145037112400000E-27  -9.831861977600001E+01   8.700000000000000E+02   1.484140431000000E-03
   6.158040288000000E-06   4.397439505600000E-02   1.000000000000000E+00   1.000000000000000E+00   2.304049103200000E-26  -9.831861440599999E+01   8.700000000000000E+02   1.490854471500000E-03
   6.213642964900000E-06   4.417247578700000E-02   1.000000000000000E+00   1.000000000000000E+00   1.805758380300000E-26  -9.831860901400000E+01   8.700000000000000E+02   1.497570007700000E-03
   6.269495538400000E-06   4.437055648900000E-02   1.000000000000000E+00   1.000000000000000E+00   1.273638844100000E-27  -9.831860359700001E+01   8.700000000000000E+02   1.504285543500000E-03
   6.325598009100000E-06   4.456873884700000E-02   1.000000000000000E+00   1.000000000000000E+00  -1.059351007200000E-27  -9.831859815599999E+01   8.700000000000000E+02   1.511002556500000E-03
   6.381950376700000E-06   4.476681994300000E-02   1.000000000000000E+00   1.000000000000000E+00  -3.906576921200000E-27  -9.831859269100001E+01   8.700000000000000E+02   1.517718098200000E-03
   6.438552640700000E-06   4.496490101000000E-02   1.000000000000000E+00   1.000000000000000E+00   1.726845685800000E-26  -9.831858720100000E+01   8.700000000000000E+02   1.524433639600000E-03
   6.495404807900000E-06   4.516310366800000E-02   1.000000000000000E+00   1.000000000000000E+00   2.576839361500000E-26  -9.831858168700001E+01   8.700000000000000E+02   1.531150947800000E-03
   6.552506867600000E-06   4.536118521000000E-02   1.000000000000000E+00   1.000000000000000E+00   7.261892651200000E-27  -9.831857614899999E+01   8.700000000000000E+02   1.537866496200000E-03
   6.609858827900000E-06   4.555926672200000E-02   1.000000000000000E+00   1.000000000000000E+00   3.016524126100000E-26  -9.831857058700000E+01   8.700000000000000E+02   1.544582044400000E-03
   6.667460684800000E-06   4.575725249100000E-02   1.000000000000000E+00   1.000000000000000E+00  -2.728318727900000E-27  -9.831856500100000E+01   8.700000000000000E+02   1.551296201400000E-03
   6.725312433900000E-06   4.595533353000000E-02   1.000000000000000E+00   1.000000000000000E+00   5.800204212400000E-27  -9.831855939099999E+01   8.700000000000000E+02   1.558011742800000E-03
   6.783414088900000E-06   4.615341453900000E-02   1.000000000000000E+00   1.000000000000000E+00   6.254802421300000E-27  -9.831855375600000E+01   8.700000000000000E+02   1.564727283900000E-03
   6.841765636100000E-06   4.635066990300000E-02   1.000000000000000E+00   1.000000000000000E+00   2.678867566700000E-26  -9.831854809600000E+01   8.700000000000000E+02   1.571430828500000E-03
   6.900367082000000E-06   4.654874732300000E-02   1.000000000000000E+00   1.000000000000000E+00   2.163893344500000E-26  -9.831854241300000E+01   8.700000000000000E+02   1.578146317600000E-03
   6.959218425900000E-06   4.674682471300000E-02   1.000000000000000E+00   1.000000000000000E+00   3.298158972500000E-26  -9.831853670500000E+01   8.700000000000000E+02   1.584861806400000E-03
   7.018319662900000E-06   4.694584868000000E-02   1.000000000000000E+00   1.000000000000000E+00   2.631917289100000E-26  -9.831853097299999E+01   8.700000000000000E+02   1.591591049000000E-03
   7.077670801200000E-06   4.714393000400000E-02   1.000000000000000E+00   1.000000000000000E+00   8.405503397800000E-27  -9.831852521700000E+01   8.700000000000000E+02   1.598306595100000E-03
   7.137271836700000E-06   4.734201129600000E-02   1.000000000000000E+00   1.000000000000000E+00   3.221680267400000E-26  -9.831851943700001E+01   8.700000000000000E+02   1.605022140800000E-03
   7.197122769300000E-06   4.753921811900000E-02   1.000000000000000E+00   1.000000000000000E+00   8.340970221600001E-27  -9.831851363400000E+01   8.700000000000000E+02   1.611724980700000E-03
   7.257223599400000E-06   4.773729570600000E-02   1.000000000000000E+00   1.000000000000000E+00   1.370417732700000E-27  -9.831850780500000E+01   8.700000000000000E+02   1.618440472800000E-03
   7.317574325800000E-06   4.793537326300000E-02   1.000000000000000E+00   1.000000000000000E+00   5.236803022500000E-27  -9.831850195200001E+01   8.700000000000000E+02   1.625155964500000E-03
   7.378174947800000E-06   4.813415255500000E-02   1.000000000000000E+00   1.000000000000000E+00   1.390594890800000E-26  -9.831849607400000E+01   8.700000000000000E+02   1.631881652600000E-03
   7.439025466700000E-06   4.833223293700000E-02   1.000000000000000E+00   1.000000000000000E+00   1.431136198900000E-26  -9.831849017200000E+01   8.700000000000000E+02   1.638597185500000E-03
   7.500125882700000E-06   4.853031328800000E-02   1.000000000000000E+00   1.000000000000000E+00  -6.951637117400000E-27  -9.831848424700000E+01   8.700000000000000E+02   1.645312718200000E-03
   7.561476199900000E-06   4.872853734500000E-02   1.000000000000000E+00   1.000000000000000E+00   6.391225859800000E-27  -9.831847829599999E+01   8.700000000000000E+02   1.652030338900000E-03
   7.623076411600000E-06   4.892661821600000E-02   1.000000000000000E+00   1.000000000000000E+00   1.823606100500000E-26  -9.831847232200001E+01   8.700000000000000E+02   1.658745879300000E-03
   7.684926516200001E-06   4.912469905600000E-02   1.000000000000000E+00   1.000000000000000E+00   1.350279926100000E-26  -9.831846632300000E+01   8.700000000000000E+02   1.665461419300000E-03
   7.747026521400001E-06   4.932277206300000E-02   1.000000000000000E+00   1.000000000000000E+00   1.504227771300000E-26  -9.831846030100000E+01   8.700000000000000E+02   1.672176845600000E-03
   7.809376416200001E-06   4.952085280800000E-02   1.000000000000000E+00   1.000000000000000E+00  -1.963470120700000E-26  -9.831845425400000E+01   8.700000000000000E+02   1.678892384500000E-03
   7.871976221200001E-06   4.971893352000000E-02   1.000000000000000E+00   1.000000000000000E+00   2.306990392400000E-26  -9.831844818300000E+01   8.700000000000000E+02   1.685607922900000E-03
   7.934825916000000E-06   4.991696833300000E-02   1.000000000000000E+00   1.000000000000000E+00   4.824798366200000E-27  -9.831844208800000E+01   8.700000000000000E+02   1.692322794600000E-03
   7.997925507600000E-06   5.011504879900000E-02   1.000000000000000E+00   1.000000000000000E+00   1.030891001800000E-26  -9.831843596800000E+01   8.700000000000000E+02   1.699038329600000E-03
   8.061274997499999E-06   5.031312923200000E-02   1.000000000000000E+00   1.000000000000000E+00   2.802963262300000E-27  -9.831842982400001E+01   8.700000000000000E+02   1.705753864300000E-03
   8.124874381800001E-06   5.051130641400000E-02   1.000000000000000E+00   1.000000000000000E+00   2.872222594700000E-26  -9.831842365599999E+01   8.700000000000000E+02   1.712470804900000E-03
   8.188723667200000E-06   5.070938716100000E-02   1.000000000000000E+00   1.000000000000000E+00   1.044983760500000E-26  -9.831841746400001E+01   8.700000000000000E+02   1.719186344300000E-03
   8.252822846900001E-06   5.090746787400000E-02   1.000000000000000E+00   1.000000000000000E+00   1.641083408300000E-26  -9.831841124700000E+01   8.700000000000000E+02   1.725901883400000E-03
   8.317171917600000E-06   5.110443852500000E-02   1.000000000000000E+00   1.000000000000000E+00   8.837868627600000E-27  -9.831840500600001E+01   8.700000000000000E+02   1.732601293400000E-03
   8.381770889500001E-06   5.130251487000000E-02   1.000000000000000E+00   1.000000000000000E+00   7.034018243300000E-28  -9.831839874100000E+01   8.700000000000000E+02   1.739316769200000E-03
   8.446619761799999E-06   5.150059118200000E-02   1.000000000000000E+00   1.000000000000000E+00   1.501238179000000E-26  -9.831839245200000E+01   8.700000000000000E+02   1.746032244600000E-03
   8.511718521200000E-06   5.169952991800000E-02   1.000000000000000E+00   1.000000000000000E+00   2.600166028700000E-27  -9.831838613900000E+01   8.700000000000000E+02   1.752760251100000E-03
   8.577067183200000E-06   5.189760946800000E-02   1.000000000000000E+00   1.000000000000000E+00   1.370455367900000E-26  -9.831837980100001E+01   8.700000000000000E+02   1.759475773800000E-03
   8.642665737700000E-06   5.209568898300000E-02   1.000000000000000E+00   1.000000000000000E+00   3.755418845700000E-27  -9.831837343900000E+01   8.700000000000000E+02   1.766191296000000E-03
   8.708514196700000E-06   5.229357208100000E-02   1.000000000000000E+00   1.000000000000000E+00   2.063136630900000E-26  -9.831836705300000E+01   8.700000000000000E+02   1.772903964400000E-03
   8.774612546900001E-06   5.249165078500000E-02   1.000000000000000E+00   1.000000000000000E+00  -9.583270066000000E-27  -9.831836064200000E+01   8.700000000000000E+02   1.779619475100000E-03
   8.840960792700000E-06   5.268972945500000E-02   1.000000000000000E+00   1.000000000000000E+00   7.745437909900000E-27  -9.831835420800000E+01   8.700000000000000E+02   1.786334985400000E-03
   8.907558936599999E-06   5.288798388400000E-02   1.000000000000000E+00   1.000000000000000E+00   2.029031221100000E-26  -9.831834775000000E+01   8.700000000000000E+02   1.793053049600000E-03
   8.974406979200001E-06   5.308606314400000E-02   1.000000000000000E+00   1.000000000000000E+00   2.171725021700000E-26  -9.831834126600000E+01   8.700000000000000E+02   1.799768568600000E-03
   9.041504914600000E-06   5.328414236900000E-02   1.000000000000000E+00   1.000000000000000E+00   3.728967218700000E-28  -9.831833475900000E+01   8.700000000000000E+02   1.806484087300000E-03
   9.108852742900000E-06   5.348236585600000E-02   1.000000000000000E+00   1.000000000000000E+00   2.955779723900000E-26  -9.831832823000001E+01   8.700000000000000E+02   1.813201702200000E-03
   9.176450470500000E-06   5.368044554600000E-02   1.000000000000000E+00   1.000000000000000E+00   7.203603652800000E-27  -9.831832167400000E+01   8.700000000000000E+02   1.819917227800000E-03
   9.244298091999999E-06   5.387852520100000E-02   1.000000000000000E+00   1.000000000000000E+00  -7.347430371900001E-27  -9.831831509400000E+01   8.700000000000000E+02   1.826632753000000E-03
   9.312395617299999E-06   5.407666761700000E-02   1.000000000000000E+00   1.000000000000000E+00   2.358697426900000E-26  -9.831830848600001E+01   8.700000000000000E+02   1.833349190300000E-03
   9.380743037900000E-06   5.427474743200000E-02   1.000000000000000E+00   1.000000000000000E+00   8.190681082300001E-27  -9.831830185800000E+01   8.700000000000000E+02   1.840064718000000E-03
   9.449340348900000E-06   5.447282721200000E-02   1.000000000000000E+00   1.000000000000000E+00   3.444158139000000E-26  -9.831829520500000E+01   8.700000000000000E+02   1.846780245400000E-03
   9.518187553800000E-06   5.467012783500000E-02   1.000000000000000E+00   1.000000000000000E+00   1.907782861500000E-26  -9.831828852800000E+01   8.700000000000000E+02   1.853484451700000E-03
   9.587284658000000E-06   5.486820472000000E-02   1.000000000000000E+00   1.000000000000000E+00   4.593602825500000E-26  -9.831828182700001E+01   8.700000000000000E+02   1.860199937200000E-03
   9.656631662999999E-06   5.506628157000000E-02   1.000000000000000E+00   1.000000000000000E+00   3.696392568600000E-26  -9.831827510200000E+01   8.700000000000000E+02   1.866915422300000E-03
   9.726228554599999E-06   5.526496468200000E-02   1.000000000000000E+00   1.000000000000000E+00   2.093365942000000E-26  -9.831826835200000E+01   8.700000000000000E+02   1.873639716500000E-03
   9.796075346300001E-06   5.546304363300000E-02   1.000000000000000E+00   1.000000000000000E+00   1.572173971500000E-26  -9.831826157800000E+01   8.700000000000000E+02   1.880355232400000E-03
   9.866172034100000E-06   5.566112254800000E-02   1.000000000000000E+00   1.000000000000000E+00   2.669363190100000E-26  -9.831825477900000E+01   8.700000000000000E+02   1.887070747800000E-03
   9.936518620900000E-06   5.585936569500000E-02   1.000000000000000E+00   1.000000000000000E+00   1.446765181400000E-26  -9.831824795700000E+01   8.700000000000000E+02   1.893788649600000E-03
   1.000711510100000E-05   5.605744512000000E-02   1.000000000000000E+00   1.000000000000000E+00   3.329330047900000E-26  -9.831824111000000E+01   8.700000000000000E+02   1.900504172700000E-03
   1.007796147200000E-05   5.625552450900000E-02   1.000000000000000E+00   1.000000000000000E+00   2.363718321900000E-26  -9.831823423900001E+01   8.700000000000000E+02   1.907219695300000E-03
   1.014905774400000E-05   5.645368912700000E-02   1.000000000000000E+00   1.000000000000000E+00   8.193969047500000E-27  -9.831822734399999E+01   8.700000000000000E+02   1.913936456500000E-03
   1.022040391000000E-05   5.665176874100000E-02   1.000000000000000E+00   1.000000000000000E+00   3.952092313200000E-26  -9.831822042500001E+01   8.700000000000000E+02   1.920651982600000E-03
   1.029199996900000E-05   5.684984831900000E-02   1.000000000000000E+00   1.000000000000000E+00   1.374756114200000E-26  -9.831821348100000E+01   8.700000000000000E+02   1.927367508300000E-03
   1.036384592800000E-05   5.704745699300000E-02   1.000000000000000E+00   1.000000000000000E+00   5.236071397900000E-26  -9.831820651300001E+01   8.700000000000000E+02   1.934076192000000E-03
   1.043594178300000E-05   5.724553486200000E-02   1.000000000000000E+00   1.000000000000000E+00   6.881311428200000E-27  -9.831819952100000E+01   8.700000000000000E+02   1.940791693100000E-03
   1.050828753300000E-05   5.744361269400000E-02   1.000000000000000E+00   1.000000000000000E+00   3.824705002400000E-26  -9.831819250500000E+01   8.700000000000000E+02   1.947507193800000E-03
   1.058088317700000E-05   5.764219119300000E-02   1.000000000000000E+00   1.000000000000000E+00   1.504864649100000E-26  -9.831818546600000E+01   8.700000000000000E+02   1.954229969300000E-03
   1.065372871700000E-05   5.784027067100000E-02   1.000000000000000E+00   1.000000000000000E+00   2.185859424200000E-26  -9.831817840100000E+01   8.700000000000000E+02   1.960945494100000E-03
   1.072682415000000E-05   5.803835011100000E-02   1.000000000000000E+00   1.000000000000000E+00   4.676543459900000E-26  -9.831817131200000E+01   8.700000000000000E+02   1.967661018500000E-03
   1.080016948300000E-05   5.823542633800000E-02   1.000000000000000E+00   1.000000000000000E+00   1.237820472800000E-26  -9.831816419800001E+01   8.700000000000000E+02   1.974361966300000E-03
   1.087376471200000E-05   5.843350229100000E-02   1.000000000000000E+00   1.000000000000000E+00   2.778091743500000E-26  -9.831815706000000E+01   8.700000000000000E+02   1.981077440300000E-03
   1.094760983100000E-05   5.863157820500000E-02   1.000000000000000E+00   1.000000000000000E+00   1.740409728600000E-26  -9.831814989900001E+01   8.700000000000000E+02   1.987792913800000E-03
   1.102170485000000E-05   5.883066125300000E-02   1.000000000000000E+00   1.000000000000000E+00   4.622628648200000E-26  -9.831814271300000E+01   8.700000000000000E+02   1.994523021100000E-03
   1.109604976200000E-05   5.902874048200000E-02   1.000000000000000E+00   1.000000000000000E+00   2.812222867000000E-27  -9.831813550299999E+01   8.700000000000000E+02   2.001238543000000E-03
   1.117064456600000E-05   5.922681967300000E-02   1.000000000000000E+00   1.000000000000000E+00   2.956881334200000E-26  -9.831812826900000E+01   8.700000000000000E+02   2.007954064400000E-03
   1.124548927100000E-05   5.942469625000000E-02   1.000000000000000E+00   1.000000000000000E+00   1.114583882600000E-26  -9.831812101300000E+01   8.700000000000000E+02   2.014666642000000E-03
   1.132058386900000E-05   5.962277468800000E-02   1.000000000000000E+00   1.000000000000000E+00   1.309796232500000E-26  -9.831811372999999E+01   8.700000000000000E+02   2.021382152800000E-03
   1.139592835900000E-05   5.982085308800000E-02   1.000000000000000E+00   1.000000000000000E+00  -9.769283502699999E-30  -9.831810642300000E+01   8.700000000000000E+02   2.028097663100000E-03
   1.147152274700000E-05   6.001902579100000E-02   1.000000000000000E+00   1.000000000000000E+00   3.291554201900000E-26  -9.831809909000000E+01   8.700000000000000E+02   2.034814543800000E-03
   1.154736703000000E-05   6.021710442400000E-02   1.000000000000000E+00   1.000000000000000E+00   2.380888894700000E-26  -9.831809173400001E+01   8.700000000000000E+02   2.041530057700000E-03
   1.162346120700000E-05   6.041518301800000E-02   1.000000000000000E+00   1.000000000000000E+00   6.021038024400000E-26  -9.831808435400001E+01   8.700000000000000E+02   2.048245571200000E-03
   1.169980527900000E-05   6.061253264600000E-02   1.000000000000000E+00   1.000000000000000E+00   3.069459270600000E-26  -9.831807695000001E+01   8.700000000000000E+02   2.054950492900000E-03
   1.177639924600000E-05   6.081060877900000E-02   1.000000000000000E+00   1.000000000000000E+00   1.685616125400000E-26  -9.831806952200000E+01   8.700000000000000E+02   2.061665970900000E-03
   1.185324310800000E-05   6.100868487200000E-02   1.000000000000000E+00   1.000000000000000E+00   8.038831566500000E-27  -9.831806206900001E+01   8.700000000000000E+02   2.068381448400000E-03
   1.193033686400000E-05   6.120644737500000E-02   1.000000000000000E+00   1.000000000000000E+00   2.222784310900000E-26  -9.831805459200000E+01   8.700000000000000E+02   2.075092369600000E-03
   1.200768051500000E-05   6.140452237500000E-02   1.000000000000000E+00   1.000000000000000E+00   5.952714191100000E-27  -9.831804709100000E+01   8.700000000000000E+02   2.081807831400000E-03
   1.208527406100000E-05   6.160259733400000E-02   1.000000000000000E+00   1.000000000000000E+00   2.457706776200000E-27  -9.831803956600000E+01   8.700000000000000E+02   2.088523292800000E-03
   1.216311750200000E-05   6.180182855300000E-02   1.000000000000000E+00   1.000000000000000E+00   4.920199320200000E-26  -9.831803201600000E+01   8.700000000000000E+02   2.095255554800000E-03
   1.224121083900000E-05   6.199990713800000E-02   1.000000000000000E+00   1.000000000000000E+00   3.119930048900000E-26  -9.831802444200000E+01   8.700000000000000E+02   2.101971069200000E-03
   1.231955407000000E-05   6.219798568300000E-02   1.000000000000000E+00   1.000000000000000E+00  -4.724049251100000E-27  -9.831801684400000E+01   8.700000000000000E+02   2.108686583000000E-03
   1.239814719300000E-05   6.239508416300000E-02   1.000000000000000E+00   1.000000000000000E+00   1.780101218700000E-26  -9.831800922600000E+01   8.700000000000000E+02   2.115387856600000E-03
   1.247699021200000E-05   6.259315951600000E-02   1.000000000000000E+00   1.000000000000000E+00   5.155263579900000E-26  -9.831800157900000E+01   8.700000000000000E+02   2.122103324400000E-03
   1.255608312500000E-05   6.279123482800000E-02   1.000000000000000E+00   1.000000000000000E+00   6.866511970400000E-28  -9.831799390899999E+01   8.700000000000000E+02   2.128818791600000E-03
   1.263542593200000E-05   6.298931461300000E-02   1.000000000000000E+00   1.000000000000000E+00   4.864128741400000E-26  -9.831798620900000E+01   8.700000000000000E+02   2.135534324000000E-03
   1.271501863500000E-05   6.318738985700000E-02   1.000000000000000E+00   1.000000000000000E+00   1.414251598800000E-26  -9.831797849000000E+01   8.700000000000000E+02   2.142249790500000E-03
   1.279486123100000E-05   6.338546506100000E-02   1.000000000000000E+00   1.000000000000000E+00   4.917106942700000E-26  -9.831797074700000E+01   8.700000000000000E+02   2.148965256500000E-03
   1.287495372800000E-05   6.358440631900000E-02   1.000000000000000E+00   1.000000000000000E+00   2.378712718700000E-26  -9.831796298099999E+01   8.700000000000000E+02   2.155693306500000E-03
   1.295529611400000E-05   6.378248413800000E-02   1.000000000000000E+00   1.000000000000000E+00   1.878933543100000E-26  -9.831795519000001E+01   8.700000000000000E+02   2.162408810800000E-03
   1.303588838900000E-05   6.398056191500000E-02   1.000000000000000E+00   1.000000000000000E+00   2.879516418300000E-26  -9.831794737300000E+01   8.700000000000000E+02   2.169124314600000E-03
   1.311673057000000E-05   6.417859582300001E-02   1.000000000000000E+00   1.000000000000000E+00   3.386236321000000E-26  -9.831793953200000E+01   8.700000000000000E+02   2.175839181200000E-03
   1.319782263300000E-05   6.437667338200000E-02   1.000000000000000E+00   1.000000000000000E+00   2.146596180000000E-26  -9.831793166700000E+01   8.700000000000000E+02   2.182554682100000E-03
   1.327916459700000E-05   6.457475089900000E-02   1.000000000000000E+00   1.000000000000000E+00   1.824578201100000E-26  -9.831792377799999E+01   8.700000000000000E+02   2.189270182500000E-03
   1.336075645800000E-05   6.477271194400000E-02   1.000000000000000E+00   1.000000000000000E+00  -1.028872818300000E-26  -9.831791586500000E+01   8.700000000000000E+02   2.195983990700000E-03
   1.344259820600000E-05   6.497078902099999E-02   1.000000000000000E+00   1.000000000000000E+00   7.539783496199999E-26  -9.831790792800000E+01   8.700000000000000E+02   2.202699484900000E-03
   1.352468985200000E-05   6.516886605500000E-02   1.000000000000000E+00   1.000000000000000E+00  -1.794852950400000E-27  -9.831789996600000E+01   8.700000000000000E+02   2.209414978700000E-03
   1.360703138900000E-05   6.536582212900000E-02   1.000000000000000E+00   1.000000000000000E+00   2.072299106400000E-26  -9.831789198100000E+01   8.700000000000000E+02   2.216114185000000E-03
   1.368962282300000E-05   6.556389568200000E-02   1.000000000000000E+00   1.000000000000000E+00   2.385266451300000E-26  -9.831788397100000E+01   8.700000000000000E+02   2.222829628500000E-03
   1.377246414700000E-05   6.576196919200000E-02   1.000000000000000E+00   1.000000000000000E+00   2.977950765800000E-27  -9.831787593700000E+01   8.700000000000000E+02   2.229545071400000E-03
   1.385555537300000E-05   6.596105920600000E-02   1.000000000000000E+00   1.000000000000000E+00   2.695373156300000E-26  -9.831786787900000E+01   8.700000000000000E+02   2.236275284400000E-03
   1.393889648800000E-05   6.615913568300000E-02   1.000000000000000E+00   1.000000000000000E+00  -1.990448742000000E-27  -9.831785979700000E+01   8.700000000000000E+02   2.242990770700000E-03
   1.402248749500000E-05   6.635721211800000E-02   1.000000000000000E+00   1.000000000000000E+00  -8.104810037700001E-27  -9.831785169000000E+01   8.700000000000000E+02   2.249706256500000E-03
   1.410632839800000E-05   6.655566709100000E-02   1.000000000000000E+00   1.000000000000000E+00   5.737822565500000E-26  -9.831784355800001E+01   8.700000000000000E+02   2.256427242700000E-03
   1.419041920000000E-05   6.675374456600000E-02   1.000000000000000E+00   1.000000000000000E+00   7.774146684800000E-27  -9.831783540200000E+01   8.700000000000000E+02   2.263142743900000E-03
   1.427475988800000E-05   6.695182199700001E-02   1.000000000000000E+00   1.000000000000000E+00   1.035622193500000E-26  -9.831782722299999E+01   8.700000000000000E+02   2.269858244600000E-03
   1.435935046600000E-05   6.714900311100000E-02   1.000000000000000E+00   1.000000000000000E+00   2.472476911700000E-26  -9.831781902100001E+01   8.700000000000000E+02   2.276560721900000E-03
   1.444419094300000E-05   6.734707781200000E-02   1.000000000000000E+00   1.000000000000000E+00   6.558121347300000E-27  -9.831781079300001E+01   8.700000000000000E+02   2.283276183200000E-03
   1.452928131600000E-05   6.754515246900000E-02   1.000000000000000E+00   1.000000000000000E+00   1.712407193500000E-26  -9.831780254100001E+01   8.700000000000000E+02   2.289991644000000E-03
   1.461462157600000E-05   6.774382840300000E-02   1.000000000000000E+00   1.000000000000000E+00   2.593097381600000E-26  -9.831779426500000E+01   8.700000000000000E+02   2.296715841500000E-03
   1.470021173300000E-05   6.794190473000000E-02   1.000000000000000E+00   1.000000000000000E+00   1.950728184700000E-26  -9.831778596400000E+01   8.700000000000000E+02   2.303431326900000E-03
   1.478605178400000E-05   6.813998101300001E-02   1.000000000000000E+00   1.000000000000000E+00  -1.482736039800000E-26  -9.831777763900000E+01   8.700000000000000E+02   2.310146811700000E-03
   1.487214172400000E-05   6.833801740200000E-02   1.000000000000000E+00   1.000000000000000E+00   2.807491336500000E-26  -9.831776928700000E+01   8.700000000000000E+02   2.316861717000000E-03
   1.495848156200000E-05   6.853609348100000E-02   1.000000000000000E+00   1.000000000000000E+00   1.438409386700000E-26  -9.831776091300000E+01   8.700000000000000E+02   2.323577199100000E-03
   1.504507129100000E-05   6.873416951500000E-02   1.000000000000000E+00   1.000000000000000E+00   1.592868123500000E-27  -9.831775251600000E+01   8.700000000000000E+02   2.330292680700000E-03
   1.513191091500000E-05   6.893179555900000E-02   1.000000000000000E+00   1.000000000000000E+00   2.648584239900000E-26  -9.831774409499999E+01   8.700000000000000E+02   2.337001624000000E-03
   1.521900042800000E-05   6.912987021100001E-02   1.000000000000000E+00   1.000000000000000E+00   1.434781502900000E-26  -9.831773564900000E+01   8.700000000000000E+02   2.343717085800000E-03
   1.530633984100000E-05   6.932794481800000E-02   1.000000000000000E+00   1.000000000000000E+00   1.039311362900000E-26  -9.831772717900000E+01   8.700000000000000E+02   2.350432547100000E-03
   1.539392914400000E-05   6.952606931200001E-02   1.000000000000000E+00   1.000000000000000E+00   4.265114950400000E-26  -9.831771868600001E+01   8.700000000000000E+02   2.357148733400000E-03
   1.548176834000000E-05   6.972414397100000E-02   1.000000000000000E+00   1.000000000000000E+00   4.266200484600000E-26  -9.831771016700000E+01   8.700000000000000E+02   2.363864195700000E-03
   1.556985743500000E-05   6.992221858400000E-02   1.000000000000000E+00   1.000000000000000E+00   8.263487206900000E-27  -9.831770162399999E+01   8.700000000000000E+02   2.370579657500000E-03
   1.565819642100000E-05   7.012108637599999E-02   1.000000000000000E+00   1.000000000000000E+00   3.003980662800000E-26  -9.831769305400000E+01   8.700000000000000E+02   2.377306644300000E-03
   1.574678529200000E-05   7.031916313900000E-02   1.000000000000000E+00   1.000000000000000E+00   1.846231639900000E-26  -9.831768446200000E+01   8.700000000000000E+02   2.384022137600000E-03
   1.583562406000000E-05   7.051723985699999E-02   1.000000000000000E+00   1.000000000000000E+00  -2.471351994700000E-26  -9.831767584600000E+01   8.700000000000000E+02   2.390737630400000E-03
   1.592471272000000E-05   7.071530888400000E-02   1.000000000000000E+00   1.000000000000000E+00   7.986332105800000E-27  -9.831766720700000E+01   8.700000000000000E+02   2.397453011500000E-03
   1.601405127300000E-05   7.091338548800000E-02   1.000000000000000E+00   1.000000000000000E+00  -2.210327668200000E-26  -9.831765854299999E+01   8.700000000000000E+02   2.404168502900000E-03
   1.610363971900000E-05   7.111146204600000E-02   1.000000000000000E+00   1.000000000000000E+00   2.376685296300000E-26  -9.831764985500000E+01   8.700000000000000E+02   2.410883993800000E-03
   1.619347805300000E-05   7.130958079700001E-02   1.000000000000000E+00   1.000000000000000E+00   6.564031034600000E-27  -9.831764114000001E+01   8.700000000000000E+02   2.417600097900000E-03
   1.628356629000000E-05   7.150765738000001E-02   1.000000000000000E+00   1.000000000000000E+00   1.010241567100000E-26  -9.831763240300000E+01   8.700000000000000E+02   2.424315589400000E-03
   1.637390441100000E-05   7.170573391700000E-02   1.000000000000000E+00   1.000000000000000E+00   5.369875034100000E-26  -9.831762364200000E+01   8.700000000000000E+02   2.431031080300000E-03
   1.646449242700000E-05   7.190316122100000E-02   1.000000000000000E+00   1.000000000000000E+00   1.304538496700000E-26  -9.831761485700000E+01   8.700000000000000E+02   2.437737138000000E-03
   1.655533034500000E-05   7.210123587599999E-02   1.000000000000000E+00   1.000000000000000E+00   6.882024940300000E-26  -9.831760604800000E+01   8.700000000000000E+02   2.444452601900000E-03
   1.664641814000000E-05   7.229931048400000E-02   1.000000000000000E+00   1.000000000000000E+00   4.188627116000000E-26  -9.831759721400000E+01   8.700000000000000E+02   2.451168065300000E-03
   1.673775584000000E-05   7.249651872900000E-02   1.000000000000000E+00   1.000000000000000E+00   4.940793830000000E-26  -9.831758835500000E+01   8.700000000000000E+02   2.457870940500000E-03
   1.682934342300000E-05   7.269459087600000E-02   1.000000000000000E+00   1.000000000000000E+00   9.903347667700000E-27  -9.831757947300000E+01   8.700000000000000E+02   2.464586368300000E-03
   1.692118090300000E-05   7.289266297600000E-02   1.000000000000000E+00   1.000000000000000E+00   2.237541230500000E-26  -9.831757056600000E+01   8.700000000000000E+02   2.471301795700000E-03
   1.701326826900000E-05   7.309107954400000E-02   1.000000000000000E+00   1.000000000000000E+00   3.433182787500000E-26  -9.831756163800000E+01   8.700000000000000E+02   2.478022228300000E-03
   1.710560553500000E-05   7.328915248200001E-02   1.000000000000000E+00   1.000000000000000E+00  -6.514491548400000E-27  -9.831755268300000E+01   8.700000000000000E+02   2.484737668200000E-03
   1.719819268700000E-05   7.348722537300000E-02   1.000000000000000E+00   1.000000000000000E+00   1.185669728100000E-26  -9.831754370300000E+01   8.700000000000000E+02   2.491453107400000E-03
   1.729102973900000E-05   7.368617932900000E-02   1.000000000000000E+00   1.000000000000000E+00   7.194367225499999E-26  -9.831753469900001E+01   8.700000000000000E+02   2.498181348800000E-03
   1.738411668200000E-05   7.388425449300000E-02   1.000000000000000E+00   1.000000000000000E+00   2.441331191800000E-27  -9.831752567200000E+01   8.700000000000000E+02   2.504896821400000E-03
   1.747745351400000E-05   7.408232960800000E-02   1.000000000000000E+00   1.000000000000000E+00   3.165142915400000E-26  -9.831751662000001E+01   8.700000000000000E+02   2.511612293500000E-03
   1.757104023900000E-05   7.428072072100000E-02   1.000000000000000E+00   1.000000000000000E+00   5.724175870500000E-26  -9.831750754200000E+01   8.700000000000000E+02   2.518332357100000E-03
   1.766487686000000E-05   7.447879658300000E-02   1.000000000000000E+00   1.000000000000000E+00   5.387030222900000E-27  -9.831749844100000E+01   8.700000000000000E+02   2.525047840300000E-03
   1.775896335900000E-05   7.467687239699999E-02   1.000000000000000E+00   1.000000000000000E+00   6.062233387600000E-27  -9.831748931600001E+01   8.700000000000000E+02   2.531763322900000E-03
   1.785329975900000E-05   7.487343957900000E-02   1.000000000000000E+00   1.000000000000000E+00   4.926794522700000E-26  -9.831748016900001E+01   8.700000000000000E+02   2.538456885000000E-03
   1.794788605200000E-05   7.507151130500000E-02   1.000000000000000E+00   1.000000000000000E+00  -1.465652959000000E-27  -9.831747099600000E+01   8.700000000000000E+02   2.545172308500000E-03
   1.804272223600000E-05   7.526958298100000E-02   1.000000000000000E+00   1.000000000000000E+00   2.254631820400000E-26  -9.831746179800000E+01   8.700000000000000E+02   2.551887731500000E-03
   1.813780831000000E-05   7.546904478400000E-02   1.000000000000000E+00   1.000000000000000E+00  -4.336861546700000E-27  -9.831745257700000E+01   8.700000000000000E+02   2.558623353300000E-03
   1.823314428000000E-05   7.566712001100000E-02   1.000000000000000E+00   1.000000000000000E+00   7.611399837100001E-27  -9.831744333100001E+01   8.700000000000000E+02   2.565338828100000E-03
   1.832873013600000E-05   7.586519518900001E-02   1.000000000000000E+00   1.000000000000000E+00   9.539197557700000E-27  -9.831743406100000E+01   8.700000000000000E+02   2.572054302400000E-03
   1.842456588900000E-05   7.606334513400000E-02   1.000000000000000E+00   1.000000000000000E+00   1.975863192400000E-26  -9.831742476500000E+01   8.700000000000000E+02   2.578770863100000E-03
   1.852065153200000E-05   7.626142040800001E-02   1.000000000000000E+00   1.000000000000000E+00  -5.068375789500000E-27  -9.831741544600000E+01   8.700000000000000E+02   2.585486339100000E-03
   1.861698706500000E-05   7.645949563200000E-02   1.000000000000000E+00   1.000000000000000E+00   1.719469428800000E-26  -9.831740610300000E+01   8.700000000000000E+02   2.592201814500000E-03
   1.871357248900000E-05   7.665755175500000E-02   1.000000000000000E+00   1.000000000000000E+00   1.142731847200000E-26  -9.831739673700000E+01   8.700000000000000E+02   2.598917012500000E-03
   1.881040781000000E-05   7.685562683000000E-02   1.000000000000000E+00   1.000000000000000E+00  -9.920518980200000E-27  -9.831738734500000E+01   8.700000000000000E+02   2.605632486000000E-03
   1.890749301700000E-05   7.705370185600000E-02   1.000000000000000E+00   1.000000000000000E+00   5.087577860500000E-26  -9.831737793000001E+01   8.700000000000000E+02   2.612347958900000E-03
   1.900482811000000E-05   7.725180242700000E-02   1.000000000000000E+00   1.000000000000000E+00   1.948037848800000E-27  -9.831736849100000E+01   8.700000000000000E+02   2.619063803200000E-03
   1.910241310300000E-05   7.744987741800000E-02   1.000000000000000E+00   1.000000000000000E+00   5.356011212500000E-27  -9.831735902699999E+01   8.700000000000000E+02   2.625779275900000E-03
   1.920024798500000E-05   7.764795235900000E-02   1.000000000000000E+00   1.000000000000000E+00   1.381392189200000E-26  -9.831734953900001E+01   8.700000000000000E+02   2.632494748100000E-03
   1.929833275500000E-05   7.784497567199999E-02   1.000000000000000E+00   1.000000000000000E+00   3.995270192000000E-26  -9.831734002499999E+01   8.700000000000000E+02   2.639194940100000E-03
   1.939666742200000E-05   7.804304783600000E-02   1.000000000000000E+00   1.000000000000000E+00   2.785497246600000E-27  -9.831733048800000E+01   8.700000000000000E+02   2.645910372200000E-03
   1.949525197700000E-05   7.824111994900000E-02   1.000000000000000E+00   1.000000000000000E+00  -4.452059618100000E-27  -9.831732092700000E+01   8.700000000000000E+02   2.652625803800000E-03
   1.959408642300000E-05   7.843805301700001E-02   1.000000000000000E+00   1.000000000000000E+00   3.232315922200000E-26  -9.831731134300000E+01   8.700000000000000E+02   2.659324684900000E-03
   1.969317076100000E-05   7.863612215200000E-02   1.000000000000000E+00   1.000000000000000E+00   2.886380596800000E-26  -9.831730173299999E+01   8.700000000000000E+02   2.666040073500000E-03
   1.979250498900000E-05   7.883419123600000E-02   1.000000000000000E+00   1.000000000000000E+00   3.268249738200000E-26  -9.831729210000000E+01   8.700000000000000E+02   2.672755461500000E-03
   1.989208910700000E-05   7.903442938600000E-02   1.000000000000000E+00   1.000000000000000E+00   1.316712469000000E-26  -9.831728244200001E+01   8.700000000000000E+02   2.679502366500000E-03
   1.999192311800000E-05   7.923250380400000E-02   1.000000000000000E+00   1.000000000000000E+00   2.586294133000000E-27  -9.831727275999999E+01   8.700000000000000E+02   2.686217832300000E-03
   2.009200701600000E-05   7.943057817000000E-02   1.000000000000000E+00   1.000000000000000E+00   1.320019412100000E-26  -9.831726305300000E+01   8.700000000000000E+02   2.692933297500000E-03
   2.019234080600000E-05   7.962872330300000E-02   1.000000000000000E+00   1.000000000000000E+00   2.197628717500000E-27  -9.831725332300000E+01   8.700000000000000E+02   2.699649791100000E-03
   2.029292448800000E-05   7.982679774199999E-02   1.000000000000000E+00   1.000000000000000E+00  -8.209984795200000E-27  -9.831724356799999E+01   8.700000000000000E+02   2.706365257700000E-03
   2.039375805800000E-05   8.002487212900000E-02   1.000000000000000E+00   1.000000000000000E+00   6.567636399100001E-26  -9.831723378900000E+01   8.700000000000000E+02   2.713080723700000E-03
   2.049484152800000E-05   8.022270542899999E-02   1.000000000000000E+00   1.000000000000000E+00   5.413670292800000E-26  -9.831722398500000E+01   8.700000000000000E+02   2.719792686700000E-03
   2.059617488000000E-05   8.042077911700000E-02   1.000000000000000E+00   1.000000000000000E+00   2.401518558200000E-26  -9.831721415800000E+01   8.700000000000000E+02   2.726508142900000E-03
   2.069775812500000E-05   8.061885275300000E-02   1.000000000000000E+00   1.000000000000000E+00   1.127500826000000E-26  -9.831720430599999E+01   8.700000000000000E+02   2.733223598400000E-03
   2.079959125600000E-05   8.081703849999999E-02   1.000000000000000E+00   1.000000000000000E+00   2.364326721500000E-26  -9.831719443000000E+01   8.700000000000000E+02   2.739940683100000E-03
   2.090167428400000E-05   8.101511230600000E-02   1.000000000000000E+00   1.000000000000000E+00  -2.370404849400000E-27  -9.831718453000001E+01   8.700000000000000E+02   2.746656141400000E-03
   2.100400719600000E-05   8.121318605900001E-02   1.000000000000000E+00   1.000000000000000E+00   1.444629199800000E-26  -9.831717460599999E+01   8.700000000000000E+02   2.753371599100000E-03
   2.110659000400000E-05   8.140924387900000E-02   1.000000000000000E+00   1.000000000000000E+00   2.769668097600000E-26  -9.831716465700001E+01   8.700000000000000E+02   2.760057765100000E-03
   2.120942270100000E-05   8.160731262199999E-02   1.000000000000000E+00   1.000000000000000E+00   4.629654066100000E-26  -9.831715468400000E+01   8.700000000000000E+02   2.766773150300000E-03
   2.131250528500000E-05   8.180538131100000E-02   1.000000000000000E+00   1.000000000000000E+00   2.276251598800000E-26  -9.831714468700000E+01   8.700000000000000E+02   2.773488534900000E-03
   2.141583776200000E-05   8.200393194100000E-02   1.000000000000000E+00   1.000000000000000E+00   3.924108928100000E-27  -9.831713466600000E+01   8.700000000000000E+02   2.780210922400000E-03
   2.151942012600000E-05   8.220200168900001E-02   1.000000000000000E+00   1.000000000000000E+00   1.984904329000000E-26  -9.831712462100000E+01   8.700000000000000E+02   2.786926322700000E-03
   2.162325238000000E-05   8.240007138200001E-02   1.000000000000000E+00   1.000000000000000E+00   1.775465960100000E-26  -9.831711455100000E+01   8.700000000000000E+02   2.793641722300000E-03
   2.172733452900000E-05   8.259979365700000E-02   1.000000000000000E+00   1.000000000000000E+00   6.183774547500000E-26  -9.831710445800000E+01   8.700000000000000E+02   2.800381134500000E-03
   2.183166656800000E-05   8.279786720600001E-02   1.000000000000000E+00   1.000000000000000E+00   2.328723263100000E-26  -9.831709433899999E+01   8.700000000000000E+02   2.807096590500000E-03
   2.193624849300000E-05   8.299594070200000E-02   1.000000000000000E+00   1.000000000000000E+00   8.242581379000000E-26  -9.831708419700000E+01   8.700000000000000E+02   2.813812046000000E-03
   2.204108030600000E-05   8.319153428000001E-02   1.000000000000000E+00   1.000000000000000E+00   1.945424022400000E-26  -9.831707403100000E+01   8.700000000000000E+02   2.820491467800000E-03
   2.214616201000000E-05   8.338960176300000E-02   1.000000000000000E+00   1.000000000000000E+00   3.913708056000000E-26  -9.831706384000000E+01   8.700000000000000E+02   2.827206836200000E-03
   2.225149361000000E-05   8.358766919200000E-02   1.000000000000000E+00   1.000000000000000E+00   3.668430405200000E-26  -9.831705362500000E+01   8.700000000000000E+02   2.833922203900000E-03
   2.235707508900000E-05   8.378590669800000E-02   1.000000000000000E+00   1.000000000000000E+00   1.835575165700000E-26  -9.831704338400000E+01   8.700000000000000E+02   2.840640043100000E-03
   2.246290646900000E-05   8.398397442100000E-02   1.000000000000000E+00   1.000000000000000E+00   1.718980663400000E-26  -9.831703312000000E+01   8.700000000000000E+02   2.847355415400000E-03
   2.256898773500000E-05   8.418204208900000E-02   1.000000000000000E+00   1.000000000000000E+00   4.110011305400000E-26  -9.831702283200001E+01   8.700000000000000E+02   2.854070787100000E-03
   2.267531889000000E-05   8.438247182700000E-02   1.000000000000000E+00   1.000000000000000E+00   1.199383024300000E-26  -9.831701251900000E+01   8.700000000000000E+02   2.860820480400000E-03
   2.278189993100000E-05   8.458054493100001E-02   1.000000000000000E+00   1.000000000000000E+00   4.169832571400000E-26  -9.831700218300000E+01   8.700000000000000E+02   2.867535931400000E-03
   2.288873085900000E-05   8.477861797900001E-02   1.000000000000000E+00   1.000000000000000E+00   3.925390771200000E-27  -9.831699182200001E+01   8.700000000000000E+02   2.874251381800000E-03
   2.299581168200000E-05   8.497667911800000E-02   1.000000000000000E+00   1.000000000000000E+00   1.687811432200000E-26  -9.831698143700000E+01   8.700000000000000E+02   2.880966659300000E-03
   2.310314239400000E-05   8.517475202800000E-02   1.000000000000000E+00   1.000000000000000E+00  -1.812796636400000E-26  -9.831697102800000E+01   8.700000000000000E+02   2.887682108100000E-03
   2.321072299500000E-05   8.537282488300001E-02   1.000000000000000E+00   1.000000000000000E+00   1.788187438700000E-26  -9.831696059500000E+01   8.700000000000000E+02   2.894397556100000E-03
   2.331855348600000E-05   8.557092172800000E-02   1.000000000000000E+00   1.000000000000000E+00   9.000681046700000E-27  -9.831695014100001E+01   8.700000000000000E+02   2.901113353000000E-03
   2.342663386400000E-05   8.576899452800001E-02   1.000000000000000E+00   1.000000000000000E+00   7.213052603900000E-27  -9.831693965900000E+01   8.700000000000000E+02   2.907828800600000E-03
   2.353496413000000E-05   8.596706727200000E-02   1.000000000000000E+00   1.000000000000000E+00  -5.170366702400000E-27  -9.831692915300000E+01   8.700000000000000E+02   2.914544247500000E-03
   2.364354428500000E-05   8.616377827600000E-02   1.000000000000000E+00   1.000000000000000E+00  -6.632542804100000E-27  -9.831691861900001E+01   8.700000000000000E+02   2.921239908300000E-03
   2.375237433600000E-05   8.636184777800000E-02   1.000000000000000E+00   1.000000000000000E+00   1.304517617300000E-26  -9.831690806500001E+01   8.700000000000000E+02   2.927955308500000E-03
   2.386145426900000E-05   8.655991722299999E-02   1.000000000000000E+00   1.000000000000000E+00   5.251419531600000E-26  -9.831689748600000E+01   8.700000000000000E+02   2.934670708000000E-03
   2.397078409100000E-05   8.675934841400000E-02   1.000000000000000E+00   1.000000000000000E+00   2.358444828800000E-26  -9.831688688300000E+01   8.700000000000000E+02   2.941405894200000E-03
   2.408036380800000E-05   8.695742085600000E-02   1.000000000000000E+00   1.000000000000000E+00   5.003521565100000E-27  -9.831687625600000E+01   8.700000000000000E+02   2.948121337700000E-03
   2.419019340100000E-05   8.715549324200000E-02   1.000000000000000E+00   1.000000000000000E+00   4.146235498400000E-26  -9.831686560400000E+01   8.700000000000000E+02   2.954836780400000E-03
   2.430027289000000E-05   8.735249339999999E-02   1.000000000000000E+00   1.000000000000000E+00  -2.214431414300000E-27  -9.831685492900000E+01   8.700000000000000E+02   2.961536643700000E-03
   2.441060227100000E-05   8.755056324100000E-02   1.000000000000000E+00   1.000000000000000E+00   6.925491958400000E-27  -9.831684422900000E+01   8.700000000000000E+02   2.968252049800000E-03
   2.452118154100000E-05   8.774863302499999E-02   1.000000000000000E+00   1.000000000000000E+00   5.995614156500000E-26  -9.831683350500001E+01   8.700000000000000E+02   2.974967455300000E-03
   2.463201070000000E-05   8.794687846500000E-02   1.000000000000000E+00   1.000000000000000E+00   4.514391182300000E-26  -9.831682275599999E+01   8.700000000000000E+02   2.981685413300000E-03
   2.474308974300000E-05   8.814494853099999E-02   1.000000000000000E+00   1.000000000000000E+00   5.908934399000000E-26  -9.831681198400000E+01   8.700000000000000E+02   2.988400823200000E-03
   2.485441867000000E-05   8.834301853900001E-02   1.000000000000000E+00   1.000000000000000E+00   1.107570327900000E-26  -9.831680118700000E+01   8.700000000000000E+02   2.995116232500000E-03
   2.496599749200000E-05   8.854198239600000E-02   1.000000000000000E+00   1.000000000000000E+00   1.928147465200000E-26  -9.831679036600001E+01   8.700000000000000E+02   3.001844629800000E-03
   2.507782620300000E-05   8.874005428900000E-02   1.000000000000000E+00   1.000000000000000E+00   5.137111774700000E-26  -9.831677952000000E+01   8.700000000000000E+02   3.008560066800000E-03
   2.518990480300000E-05   8.893812612500000E-02   1.000000000000000E+00   1.000000000000000E+00   2.131884219600000E-26  -9.831676865100000E+01   8.700000000000000E+02   3.015275503100000E-03
   2.530223328700000E-05   8.913545680600000E-02   1.000000000000000E+00   1.000000000000000E+00   5.552295366000000E-26  -9.831675775700000E+01   8.700000000000000E+02   3.021980170500000E-03
   2.541481165900000E-05   8.933352687899999E-02   1.000000000000000E+00   1.000000000000000E+00   1.568537085300000E-26  -9.831674683900000E+01   8.700000000000000E+02   3.028695581500000E-03
   2.552763992200000E-05   8.953159689400000E-02   1.000000000000000E+00   1.000000000000000E+00   1.516566154200000E-26  -9.831673589700000E+01   8.700000000000000E+02   3.035410991900000E-03
   2.564071807400000E-05   8.973047442800000E-02   1.000000000000000E+00   1.000000000000000E+00   4.354212877400000E-26  -9.831672493500000E+01   8.700000000000000E+02   3.042138136000000E-03
   2.575404611500000E-05   8.992854610900000E-02   1.000000000000000E+00   1.000000000000000E+00   6.624538767600000E-27  -9.831671394400000E+01   8.700000000000000E+02   3.048853570900000E-03
   2.586762403800000E-05   9.012661773100000E-02   1.000000000000000E+00   1.000000000000000E+00   1.332162406800000E-26  -9.831670292900000E+01   8.700000000000000E+02   3.055569005200000E-03
   2.598145185100000E-05   9.032294121999999E-02   1.000000000000000E+00   1.000000000000000E+00   1.732496741400000E-26  -9.831669188700000E+01   8.700000000000000E+02   3.062259038900000E-03
   2.609552955300000E-05   9.052100889100000E-02   1.000000000000000E+00   1.000000000000000E+00   4.736778966100000E-26  -9.831668082300000E+01   8.700000000000000E+02   3.068974416100000E-03
   2.620985714100000E-05   9.071907650400000E-02   1.000000000000000E+00   1.000000000000000E+00   5.023489276700000E-26  -9.831666973599999E+01   8.700000000000000E+02   3.075689792700000E-03
   2.632443461900000E-05   9.091686755800001E-02   1.000000000000000E+00   1.000000000000000E+00   4.957397464000000E-26  -9.831665862300000E+01   8.700000000000000E+02   3.082401150900000E-03
   2.643926198400000E-05   9.111493445100000E-02   1.000000000000000E+00   1.000000000000000E+00   2.142162806700000E-26  -9.831664748700000E+01   8.700000000000000E+02   3.089116517400000E-03
   2.655433923100000E-05   9.131300128399999E-02   1.000000000000000E+00   1.000000000000000E+00  -7.531577938700000E-28  -9.831663632700000E+01   8.700000000000000E+02   3.095831883100000E-03
   2.666966637600000E-05   9.151310782600000E-02   1.000000000000000E+00   1.000000000000000E+00   3.687078511600000E-26  -9.831662514300000E+01   8.700000000000000E+02   3.102576886600000E-03
   2.678524340500000E-05   9.171117895600001E-02   1.000000000000000E+00   1.000000000000000E+00   1.369802028200000E-27  -9.831661393500001E+01   8.700000000000000E+02   3.109292315200000E-03
   2.690107032100000E-05   9.190925002500000E-02   1.000000000000000E+00   1.000000000000000E+00   2.127034600900000E-26  -9.831660270200000E+01   8.700000000000000E+02   3.116007743000000E-03
   2.701714711900000E-05   9.210663594000000E-02   1.000000000000000E+00   1.000000000000000E+00  -5.818694614700000E-27  -9.831659144699999E+01   8.700000000000000E+02   3.122713215600000E-03
   2.713347381100000E-05   9.230470541700000E-02   1.000000000000000E+00   1.000000000000000E+00   3.135288180300000E-26  -9.831658016599999E+01   8.700000000000000E+02   3.129428620700000E-03
   2.725005038800000E-05   9.250277483400000E-02   1.000000000000000E+00   1.000000000000000E+00   4.622567707200000E-26  -9.831656886000000E+01   8.700000000000000E+02   3.136144025100000E-03
   2.736687684800000E-05   9.270152078400000E-02   1.000000000000000E+00   1.000000000000000E+00  -2.872204819100000E-26  -9.831655752600000E+01   8.700000000000000E+02   3.142869259800000E-03
   2.748395320300000E-05   9.289959152700000E-02   1.000000000000000E+00   1.000000000000000E+00   4.766921918600000E-27  -9.831654617200000E+01   8.700000000000000E+02   3.149584683900000E-03
   2.760127943600000E-05   9.309766220900000E-02   1.000000000000000E+00   1.000000000000000E+00   2.119556546800000E-26  -9.831653479300000E+01   8.700000000000000E+02   3.156300107200000E-03
   2.771885556500000E-05   9.329439444199999E-02   1.000000000000000E+00   1.000000000000000E+00   3.334030560300000E-26  -9.831652339000000E+01   8.700000000000000E+02   3.162996082600000E-03
   2.783668157800000E-05   9.349246216100000E-02   1.000000000000000E+00   1.000000000000000E+00  -2.369498440500000E-26  -9.831651196400000E+01   8.700000000000000E+02   3.169711463300000E-03
   2.795475747900000E-05   9.369052981900000E-02   1.000000000000000E+00   1.000000000000000E+00   7.405434011500000E-26  -9.831650051200000E+01   8.700000000000000E+02   3.176426843200000E-03
   2.807308326700000E-05   9.388905306799999E-02   1.000000000000000E+00   1.000000000000000E+00   1.759669131800000E-26  -9.831648903700000E+01   8.700000000000000E+02   3.183148843200000E-03
   2.819165894000000E-05   9.408712156600001E-02   1.000000000000000E+00   1.000000000000000E+00   6.623893732300000E-26  -9.831647753800000E+01   8.700000000000000E+02   3.189864235700000E-03
   2.831048449700000E-05   9.428519000200000E-02   1.000000000000000E+00   1.000000000000000E+00   8.914807016000000E-27  -9.831646601400000E+01   8.700000000000000E+02   3.196579627500000E-03
   2.842955993800000E-05   9.448283316700000E-02   1.000000000000000E+00   1.000000000000000E+00   2.568510081300000E-26  -9.831645446800000E+01   8.700000000000000E+02   3.203288840100000E-03
   2.854888527000000E-05   9.468090058900000E-02   1.000000000000000E+00   1.000000000000000E+00   2.885441021200000E-26  -9.831644289499999E+01   8.700000000000000E+02   3.210004217500000E-03
   2.866846049500000E-05   9.487896795000000E-02   1.000000000000000E+00   1.000000000000000E+00   1.919126517700000E-26  -9.831643129900000E+01   8.700000000000000E+02   3.216719594200000E-03
   2.878828559700000E-05   9.507740739400000E-02   1.000000000000000E+00   1.000000000000000E+00   6.674368718300000E-26  -9.831641968100000E+01   8.700000000000000E+02   3.223440377600000E-03
   2.890836058700000E-05   9.527547540700000E-02   1.000000000000000E+00   1.000000000000000E+00  -3.157593051400000E-28  -9.831640803600000E+01   8.700000000000000E+02   3.230155764200000E-03
   2.902868546400000E-05   9.547354335800000E-02   1.000000000000000E+00   1.000000000000000E+00   2.882239781800000E-27  -9.831639636600001E+01   8.700000000000000E+02   3.236871150000000E-03
   2.914926023100000E-05   9.567171225000000E-02   1.000000000000000E+00   1.000000000000000E+00  -1.161624188200000E-26  -9.831638467600000E+01   8.700000000000000E+02   3.243588002800000E-03
   2.927008488200000E-05   9.586978028600000E-02   1.000000000000000E+00   1.000000000000000E+00   3.255378910100000E-26  -9.831637295800000E+01   8.700000000000000E+02   3.250303390200000E-03
   2.939115942200000E-05   9.606784825900000E-02   1.000000000000000E+00   1.000000000000000E+00   4.125931391800000E-26  -9.831636121600000E+01   8.700000000000000E+02   3.257018777000000E-03
   2.951248384800000E-05   9.626681924300000E-02   1.000000000000000E+00   1.000000000000000E+00   5.034600769600000E-26  -9.831634944800000E+01   8.700000000000000E+02   3.263747284900000E-03
   2.963405815400000E-05   9.646488894999999E-02   1.000000000000000E+00   1.000000000000000E+00   2.528719207000000E-26  -9.831633765799999E+01   8.700000000000000E+02   3.270462697200000E-03
   2.975588235500000E-05   9.666295859400000E-02   1.000000000000000E+00   1.000000000000000E+00   4.169106116400000E-26  -9.831632584300000E+01   8.700000000000000E+02   3.277178108800000E-03
   2.987795643100000E-05   9.686103197900001E-02   1.000000000000000E+00   1.000000000000000E+00   2.121383182200000E-26  -9.831631400000001E+01   8.700000000000000E+02   3.283893574900000E-03
   3.000028040000000E-05   9.705910150500000E-02   1.000000000000000E+00   1.000000000000000E+00   3.695804096100000E-26  -9.831630213699999E+01   8.700000000000000E+02   3.290608985200000E-03
   3.012285425300000E-05   9.725717096800000E-02   1.000000000000000E+00   1.000000000000000E+00   4.670365554100000E-26  -9.831629024999999E+01   8.700000000000000E+02   3.297324394700000E-03
   3.024567799100000E-05   9.745512241400001E-02   1.000000000000000E+00   1.000000000000000E+00  -1.687529848900000E-26  -9.831627833800000E+01   8.700000000000000E+02   3.304038089600000E-03
   3.036875162100000E-05   9.765319151100001E-02   1.000000000000000E+00   1.000000000000000E+00   1.701355067200000E-26  -9.831626640200000E+01   8.700000000000000E+02   3.310753494100000E-03
   3.049207512800000E-05   9.785126054399999E-02   1.000000000000000E+00   1.000000000000000E+00   3.509798338800000E-27  -9.831625444200000E+01   8.700000000000000E+02   3.317468898000000E-03
   3.061564852500000E-05   9.804923722400000E-02   1.000000000000000E+00   1.000000000000000E+00   2.474127375700000E-26  -9.831624245800000E+01   8.700000000000000E+02   3.324182960100000E-03
   3.073947180500000E-05   9.824730594400000E-02   1.000000000000000E+00   1.000000000000000E+00   4.563831140800000E-26  -9.831623044900000E+01   8.700000000000000E+02   3.330898359800000E-03
   3.086354497100000E-05   9.844537459900000E-02   1.000000000000000E+00   1.000000000000000E+00   1.489168922000000E-26  -9.831621841700000E+01   8.700000000000000E+02   3.337613758700000E-03
   3.098786802400000E-05   9.864238419099999E-02   1.000000000000000E+00   1.000000000000000E+00   2.472605761900000E-26  -9.831620636100000E+01   8.700000000000000E+02   3.344313769300000E-03
   3.111244096100000E-05   9.884045059200000E-02   1.000000000000000E+00   1.000000000000000E+00   3.192652401400000E-26  -9.831619428000000E+01   8.700000000000000E+02   3.351029135800000E-03

