   1.955754668000000E-15   0.000000000000000E+00   1.000000000000000E+00   1.000000000000000E+00   0.000000000000000E+00  -2.001772528200000E+02   6.510416925400000E+03   0.000000000000000E+00
   7.568362676500000E-11   1.978531819900000E-04   1.000000000000000E+00   1.000000000000000E+00   2.451858350500000E-06  -2.001772527900000E+02   6.510416925400000E+03   2.451858350500000E-06
   3.027506226000000E-10   3.957063638000000E-04   1.000000000000000E+00   1.000000000000000E+00   4.903716699200000E-06  -2.001772527100000E+02   6.510416925400000E+03   4.903716699200000E-06
   6.811984053000000E-10   5.935875955000000E-04   1.000000000000000E+00   1.000000000000000E+00   7.355321477600000E-06  -2.001772525900000E+02   6.510416925400000E+03   7.355321477600000E-06
   1.211011854000000E-09   7.914501263300000E-04   1.000000000000000E+00   1.000000000000000E+00   9.807095293799999E-06  -2.001772524200000E+02   6.510416925400000E+03   9.807095293799999E-06
   1.892200760000000E-09   9.893126562500001E-04   1.000000000000000E+00   1.000000000000000E+00   1.225886910100000E-05  -2.001772522100000E+02   6.510416925400000E+03   1.225886910100000E-05
   2.724763718900000E-09   1.187158921900000E-03   1.000000000000000E+00   1.000000000000000E+00   1.471095246600000E-05  -2.001772519400000E+02   6.510416925400000E+03   1.471095246600000E-05
   3.708704369100000E-09   1.385018738900000E-03   1.000000000000000E+00   1.000000000000000E+00   1.716277784400000E-05  -2.001772516300000E+02   6.510416925400000E+03   1.716277784400000E-05
   4.844015396800000E-09   1.582878554200000E-03   1.000000000000000E+00   1.000000000000000E+00   1.961460320700000E-05  -2.001772512600000E+02   6.510416925400000E+03   1.961460320700000E-05
   6.130704756500000E-09   1.780740448200000E-03   1.000000000000000E+00   1.000000000000000E+00   2.206564189400000E-05  -2.001772508500000E+02   6.510416925400000E+03   2.206564189400000E-05
   7.568768772800001E-09   1.978600490800000E-03   1.000000000000000E+00   1.000000000000000E+00   2.451737981300000E-05  -2.001772503900000E+02   6.510416925400000E+03   2.451737981300000E-05
   9.158205451300001E-09   2.176460531200000E-03   1.000000000000000E+00   1.000000000000000E+00   2.696911771000000E-05  -2.001772498800000E+02   6.510416925400000E+03   2.696911771000000E-05
   1.089901874200000E-08   2.374352445200000E-03   1.000000000000000E+00   1.000000000000000E+00   2.942190277600000E-05  -2.001772493300000E+02   6.510416925400000E+03   2.942190277600000E-05
   1.279120546600000E-08   2.572215136700000E-03   1.000000000000000E+00   1.000000000000000E+00   3.187372789000000E-05  -2.001772487200000E+02   6.510416925400000E+03   3.187372789000000E-05
   1.483477207000000E-08   2.770077825400000E-03   1.000000000000000E+00   1.000000000000000E+00   3.432555297400000E-05  -2.001772480700000E+02   6.510416925400000E+03   3.432555297400000E-05
   1.702971372900000E-08   2.967930197700000E-03   1.000000000000000E+00   1.000000000000000E+00   3.677682516800000E-05  -2.001772473700000E+02   6.510416925400000E+03   3.677682516800000E-05
   1.937602775400000E-08   3.165792192200000E-03   1.000000000000000E+00   1.000000000000000E+00   3.922861333200000E-05  -2.001772466200000E+02   6.510416925400000E+03   3.922861333200000E-05
   2.187371766500000E-08   3.363654183100000E-03   1.000000000000000E+00   1.000000000000000E+00   4.168040146100000E-05  -2.001772458200000E+02   6.510416925400000E+03   4.168040146100000E-05
   2.452278091900000E-08   3.561524570200000E-03   1.000000000000000E+00   1.000000000000000E+00   4.413245182900000E-05  -2.001772449700000E+02   6.510416925400000E+03   4.413245182900000E-05
   2.732321494800000E-08   3.759387019900000E-03   1.000000000000000E+00   1.000000000000000E+00   4.658425445200000E-05  -2.001772440700000E+02   6.510416925400000E+03   4.658425445200000E-05
   3.027503429900000E-08   3.957249465300000E-03   1.000000000000000E+00   1.000000000000000E+00   4.903605703400000E-05  -2.001772431300000E+02   6.510416925400000E+03   4.903605703400000E-05
   3.337822051700000E-08   4.154905883400000E-03   1.000000000000000E+00   1.000000000000000E+00   5.148900372300000E-05  -2.001772421400000E+02   6.510416925400000E+03   5.148900372300000E-05
   3.663278686900000E-08   4.352758509000000E-03   1.000000000000000E+00   1.000000000000000E+00   5.394086069900000E-05  -2.001772411000000E+02   6.510416925400000E+03   5.394086069900000E-05
   4.003873171800000E-08   4.550611129600000E-03   1.000000000000000E+00   1.000000000000000E+00   5.639271762600000E-05  -2.001772400100000E+02   6.510416925400000E+03   5.639271762600000E-05
   4.359604611300000E-08   4.748700109300000E-03   1.000000000000000E+00   1.000000000000000E+00   5.884450457400000E-05  -2.001772388700000E+02   6.510416925400000E+03   5.884450457400000E-05
   4.730473628900000E-08   4.946562567800000E-03   1.000000000000000E+00   1.000000000000000E+00   6.129635848500000E-05  -2.001772376900000E+02   6.510416925400000E+03   6.129635848500000E-05
   5.116479935000000E-08   5.144425020600000E-03   1.000000000000000E+00   1.000000000000000E+00   6.374821234199999E-05  -2.001772364500000E+02   6.510416925400000E+03   6.374821234199999E-05
   5.517623739100000E-08   5.342302059900000E-03   1.000000000000000E+00   1.000000000000000E+00   6.619869909699999E-05  -2.001772351700000E+02   6.510416925400000E+03   6.619869909699999E-05
   5.933905583600000E-08   5.540165041200000E-03   1.000000000000000E+00   1.000000000000000E+00   6.865050220600000E-05  -2.001772338400000E+02   6.510416925400000E+03   6.865050220600000E-05
   6.365324309400000E-08   5.738028016200000E-03   1.000000000000000E+00   1.000000000000000E+00   7.110230525400000E-05  -2.001772324600000E+02   6.510416925400000E+03   7.110230525400000E-05
   6.811880627800000E-08   5.935881997700000E-03   1.000000000000000E+00   1.000000000000000E+00   7.355478125800001E-05  -2.001772310300000E+02   6.510416925400000E+03   7.355478125800001E-05
   7.273574609200000E-08   6.133744659800000E-03   1.000000000000000E+00   1.000000000000000E+00   7.600660661000000E-05  -2.001772295500000E+02   6.510416925400000E+03   7.600660661000000E-05
   7.750406284900000E-08   6.331607314900000E-03   1.000000000000000E+00   1.000000000000000E+00   7.845843189600000E-05  -2.001772280300000E+02   6.510416925400000E+03   7.845843189600000E-05
   8.242375776500001E-08   6.529473377700000E-03   1.000000000000000E+00   1.000000000000000E+00   8.090897423600000E-05  -2.001772264600000E+02   6.510416925400000E+03   8.090897423600000E-05
   8.749482106899999E-08   6.727336121700000E-03   1.000000000000000E+00   1.000000000000000E+00   8.336076050400000E-05  -2.001772248300000E+02   6.510416925400000E+03   8.336076050400000E-05
   9.271725667800000E-08   6.925198857900000E-03   1.000000000000000E+00   1.000000000000000E+00   8.581254669800001E-05  -2.001772231600000E+02   6.510416925400000E+03   8.581254669800001E-05
   9.809107010900000E-08   7.123061943800000E-03   1.000000000000000E+00   1.000000000000000E+00   8.826557109599999E-05  -2.001772214500000E+02   6.510416925400000E+03   8.826557109599999E-05
   1.036162622400000E-07   7.320924674000000E-03   1.000000000000000E+00   1.000000000000000E+00   9.071739153200000E-05  -2.001772196800000E+02   6.510416925400000E+03   9.071739153200000E-05
   1.092928193900000E-07   7.518787395800000E-03   1.000000000000000E+00   1.000000000000000E+00   9.316921188600000E-05  -2.001772178600000E+02   6.510416925400000E+03   9.316921188600000E-05
   1.151207639600000E-07   7.716587207800000E-03   1.000000000000000E+00   1.000000000000000E+00   9.562080581299999E-05  -2.001772160000000E+02   6.510416925400000E+03   9.562080581299999E-05
   1.211000783500000E-07   7.914448299500000E-03   1.000000000000000E+00   1.000000000000000E+00   9.807262019500000E-05  -2.001772140900000E+02   6.510416925400000E+03   9.807262019500000E-05
   1.272307657000000E-07   8.112309382100001E-03   1.000000000000000E+00   1.000000000000000E+00   1.005244344900000E-04  -2.001772121300000E+02   6.510416925400000E+03   1.005244344900000E-04
   1.335128266900000E-07   8.310132046599999E-03   1.000000000000000E+00   1.000000000000000E+00   1.029769102700000E-04  -2.001772101200000E+02   6.510416925400000E+03   1.029769102700000E-04
   1.399462672000000E-07   8.507992195900000E-03   1.000000000000000E+00   1.000000000000000E+00   1.054287401300000E-04  -2.001772080600000E+02   6.510416925400000E+03   1.054287401300000E-04
   1.465310818400000E-07   8.705852335499999E-03   1.000000000000000E+00   1.000000000000000E+00   1.078805699000000E-04  -2.001772059600000E+02   6.510416925400000E+03   1.078805699000000E-04
   1.532672706000000E-07   8.903833898200000E-03   1.000000000000000E+00   1.000000000000000E+00   1.103298387600000E-04  -2.001772038000000E+02   6.510416925400000E+03   1.103298387600000E-04
   1.601548358400000E-07   9.101696716200000E-03   1.000000000000000E+00   1.000000000000000E+00   1.127816114300000E-04  -2.001772016000000E+02   6.510416925400000E+03   1.127816114300000E-04
   1.671937678600000E-07   9.299559523900000E-03   1.000000000000000E+00   1.000000000000000E+00   1.152333839900000E-04  -2.001771993500000E+02   6.510416925400000E+03   1.152333839900000E-04
   1.743840827500000E-07   9.497393046899999E-03   1.000000000000000E+00   1.000000000000000E+00   1.176891539700000E-04  -2.001771970500000E+02   6.510416925400000E+03   1.176891539700000E-04
   1.817257661100000E-07   9.695255223200000E-03   1.000000000000000E+00   1.000000000000000E+00   1.201410096100000E-04  -2.001771947000000E+02   6.510416925400000E+03   1.201410096100000E-04
   1.892188277000000E-07   9.893117388499999E-03   1.000000000000000E+00   1.000000000000000E+00   1.225928651500000E-04  -2.001771923100000E+02   6.510416925400000E+03   1.225928651500000E-04
   1.968632653000000E-07   1.009101763000000E-02   1.000000000000000E+00   1.000000000000000E+00   1.250434499400000E-04  -2.001771898600000E+02   6.510416925400000E+03   1.250434499400000E-04
   2.046590750200000E-07   1.028888051900000E-02   1.000000000000000E+00   1.000000000000000E+00   1.274952803400000E-04  -2.001771873700000E+02   6.510416925400000E+03   1.274952803400000E-04
   2.126062642700000E-07   1.048674339700000E-02   1.000000000000000E+00   1.000000000000000E+00   1.299471106200000E-04  -2.001771848300000E+02   6.510416925400000E+03   1.299471106200000E-04
   2.207048218100000E-07   1.068449069300000E-02   1.000000000000000E+00   1.000000000000000E+00   1.323921639000000E-04  -2.001771822400000E+02   6.510416925400000E+03   1.323921639000000E-04
   2.289547572300000E-07   1.088235140600000E-02   1.000000000000000E+00   1.000000000000000E+00   1.348438684500000E-04  -2.001771796000000E+02   6.510416925400000E+03   1.348438684500000E-04
   2.373560665900000E-07   1.108021210700000E-02   1.000000000000000E+00   1.000000000000000E+00   1.372955728900000E-04  -2.001771769200000E+02   6.510416925400000E+03   1.372955728900000E-04
   2.459087495100000E-07   1.127819458200000E-02   1.000000000000000E+00   1.000000000000000E+00   1.397530770800000E-04  -2.001771741800000E+02   6.510416925400000E+03   1.397530770800000E-04
   2.546128065100000E-07   1.147605739400000E-02   1.000000000000000E+00   1.000000000000000E+00   1.422048830200000E-04  -2.001771714000000E+02   6.510416925400000E+03   1.422048830200000E-04
   2.634682368300000E-07   1.167392019300000E-02   1.000000000000000E+00   1.000000000000000E+00   1.446566888400000E-04  -2.001771685700000E+02   6.510416925400000E+03   1.446566888400000E-04
   2.724750441300000E-07   1.187178005800000E-02   1.000000000000000E+00   1.000000000000000E+00   1.471108532600000E-04  -2.001771656900000E+02   6.510416925400000E+03   1.471108532600000E-04
   2.816332255700000E-07   1.206964278100000E-02   1.000000000000000E+00   1.000000000000000E+00   1.495626981200000E-04  -2.001771627600000E+02   6.510416925400000E+03   1.495626981200000E-04
   2.909427803200000E-07   1.226750549100000E-02   1.000000000000000E+00   1.000000000000000E+00   1.520145428500000E-04  -2.001771597800000E+02   6.510416925400000E+03   1.520145428500000E-04
   3.004037155900000E-07   1.246536486400000E-02   1.000000000000000E+00   1.000000000000000E+00   1.544640340500000E-04  -2.001771567600000E+02   6.510416925400000E+03   1.544640340500000E-04
   3.100160164700000E-07   1.266322749300000E-02   1.000000000000000E+00   1.000000000000000E+00   1.569158411600000E-04  -2.001771536800000E+02   6.510416925400000E+03   1.569158411600000E-04
   3.197796973400000E-07   1.286109010700000E-02   1.000000000000000E+00   1.000000000000000E+00   1.593676481200000E-04  -2.001771505600000E+02   6.510416925400000E+03   1.593676481200000E-04
   3.296947488700000E-07   1.305877772000000E-02   1.000000000000000E+00   1.000000000000000E+00   1.618163839100000E-04  -2.001771473900000E+02   6.510416925400000E+03   1.618163839100000E-04
   3.397611818000000E-07   1.325663765400000E-02   1.000000000000000E+00   1.000000000000000E+00   1.642681440500000E-04  -2.001771441700000E+02   6.510416925400000E+03   1.642681440500000E-04
   3.499789822400000E-07   1.345449757200000E-02   1.000000000000000E+00   1.000000000000000E+00   1.667199040500000E-04  -2.001771409000000E+02   6.510416925400000E+03   1.667199040500000E-04
   3.603481555500000E-07   1.365254610800000E-02   1.000000000000000E+00   1.000000000000000E+00   1.691780812000000E-04  -2.001771375900000E+02   6.510416925400000E+03   1.691780812000000E-04
   3.708687072000000E-07   1.385040872900000E-02   1.000000000000000E+00   1.000000000000000E+00   1.716299339100000E-04  -2.001771342200000E+02   6.510416925400000E+03   1.716299339100000E-04
   3.815406315000000E-07   1.404827133400000E-02   1.000000000000000E+00   1.000000000000000E+00   1.740817864600000E-04  -2.001771308100000E+02   6.510416925400000E+03   1.740817864600000E-04
   3.923639258800000E-07   1.424606117000000E-02   1.000000000000000E+00   1.000000000000000E+00   1.765277593700000E-04  -2.001771273500000E+02   6.510416925400000E+03   1.765277593700000E-04
   4.033385991600000E-07   1.444392273300000E-02   1.000000000000000E+00   1.000000000000000E+00   1.789795299500000E-04  -2.001771238400000E+02   6.510416925400000E+03   1.789795299500000E-04
   4.144646461300000E-07   1.464178427900000E-02   1.000000000000000E+00   1.000000000000000E+00   1.814313003700000E-04  -2.001771202800000E+02   6.510416925400000E+03   1.814313003700000E-04
   4.257420661300000E-07   1.483967355000000E-02   1.000000000000000E+00   1.000000000000000E+00   1.838874523100000E-04  -2.001771166800000E+02   6.510416925400000E+03   1.838874523100000E-04
   4.371708610600000E-07   1.503753543200000E-02   1.000000000000000E+00   1.000000000000000E+00   1.863392808300000E-04  -2.001771130200000E+02   6.510416925400000E+03   1.863392808300000E-04
   4.487510288100000E-07   1.523539729700000E-02   1.000000000000000E+00   1.000000000000000E+00   1.887911091800000E-04  -2.001771093200000E+02   6.510416925400000E+03   1.887911091800000E-04
   4.604825683900000E-07   1.543330835400000E-02   1.000000000000000E+00   1.000000000000000E+00   1.912439169100000E-04  -2.001771055700000E+02   6.510416925400000E+03   1.912439169100000E-04
   4.723654885000000E-07   1.563117081500000E-02   1.000000000000000E+00   1.000000000000000E+00   1.936957574800000E-04  -2.001771017700000E+02   6.510416925400000E+03   1.936957574800000E-04
   4.843997797600000E-07   1.582903325800000E-02   1.000000000000000E+00   1.000000000000000E+00   1.961475978700000E-04  -2.001770979200000E+02   6.510416925400000E+03   1.961475978700000E-04
   4.965854469600000E-07   1.602689476800000E-02   1.000000000000000E+00   1.000000000000000E+00   1.986003212800000E-04  -2.001770940300000E+02   6.510416925400000E+03   1.986003212800000E-04
   5.089224803900000E-07   1.622475716300000E-02   1.000000000000000E+00   1.000000000000000E+00   2.010521722300000E-04  -2.001770900800000E+02   6.510416925400000E+03   2.010521722300000E-04
   5.214108939599999E-07   1.642261954100000E-02   1.000000000000000E+00   1.000000000000000E+00   2.035040230000000E-04  -2.001770860900000E+02   6.510416925400000E+03   2.035040230000000E-04
   5.340506840200000E-07   1.662040640000000E-02   1.000000000000000E+00   1.000000000000000E+00   2.059554061000000E-04  -2.001770820500000E+02   6.510416925400000E+03   2.059554061000000E-04
   5.468418408300000E-07   1.681826784100000E-02   1.000000000000000E+00   1.000000000000000E+00   2.084072509400000E-04  -2.001770779600000E+02   6.510416925400000E+03   2.084072509400000E-04
   5.597843766200001E-07   1.701612926300000E-02   1.000000000000000E+00   1.000000000000000E+00   2.108590955900000E-04  -2.001770738200000E+02   6.510416925400000E+03   2.108590955900000E-04
   5.728782852100000E-07   1.721383949300000E-02   1.000000000000000E+00   1.000000000000000E+00   2.133114289100000E-04  -2.001770696300000E+02   6.510416925400000E+03   2.133114289100000E-04
   5.861235632000000E-07   1.741169913800000E-02   1.000000000000000E+00   1.000000000000000E+00   2.157632788000000E-04  -2.001770654000000E+02   6.510416925400000E+03   2.157632788000000E-04
   5.995202175100000E-07   1.760955876400000E-02   1.000000000000000E+00   1.000000000000000E+00   2.182151285000000E-04  -2.001770611100000E+02   6.510416925400000E+03   2.182151285000000E-04
   6.130682464300000E-07   1.780760403200000E-02   1.000000000000000E+00   1.000000000000000E+00   2.206665211000000E-04  -2.001770567800000E+02   6.510416925400000E+03   2.206665211000000E-04
   6.267676480500000E-07   1.800546568000000E-02   1.000000000000000E+00   1.000000000000000E+00   2.231183653400000E-04  -2.001770524000000E+02   6.510416925400000E+03   2.231183653400000E-04
   6.406184219200000E-07   1.820332730700000E-02   1.000000000000000E+00   1.000000000000000E+00   2.255702093700000E-04  -2.001770479700000E+02   6.510416925400000E+03   2.255702093700000E-04
   6.546205692600000E-07   1.840122817100000E-02   1.000000000000000E+00   1.000000000000000E+00   2.280150333500000E-04  -2.001770434900000E+02   6.510416925400000E+03   2.280150333500000E-04
   6.687740845500000E-07   1.859909017800000E-02   1.000000000000000E+00   1.000000000000000E+00   2.304668015000000E-04  -2.001770389700000E+02   6.510416925400000E+03   2.304668015000000E-04
   6.830789858900000E-07   1.879695216400000E-02   1.000000000000000E+00   1.000000000000000E+00   2.329185694400000E-04  -2.001770343900000E+02   6.510416925400000E+03   2.329185694400000E-04
   6.975352580300000E-07   1.899457643000000E-02   1.000000000000000E+00   1.000000000000000E+00   2.353761451700000E-04  -2.001770297700000E+02   6.510416925400000E+03   2.353761451700000E-04
   7.121428999000000E-07   1.919243589600000E-02   1.000000000000000E+00   1.000000000000000E+00   2.378279731900000E-04  -2.001770251000000E+02   6.510416925400000E+03   2.378279731900000E-04
   7.269019109700000E-07   1.939029534100000E-02   1.000000000000000E+00   1.000000000000000E+00   2.402798010100000E-04  -2.001770203800000E+02   6.510416925400000E+03   2.402798010100000E-04
   7.418122978000000E-07   1.958841005200000E-02   1.000000000000000E+00   1.000000000000000E+00   2.427299446200000E-04  -2.001770156100000E+02   6.510416925400000E+03   2.427299446200000E-04
   7.568740618800000E-07   1.978627203100000E-02   1.000000000000000E+00   1.000000000000000E+00   2.451817549900000E-04  -2.001770108000000E+02   6.510416925400000E+03   2.451817549900000E-04
   7.720871960000000E-07   1.998413398800000E-02   1.000000000000000E+00   1.000000000000000E+00   2.476335651400000E-04  -2.001770059300000E+02   6.510416925400000E+03   2.476335651400000E-04
   7.874517049200000E-07   2.018169792800000E-02   1.000000000000000E+00   1.000000000000000E+00   2.500874726700000E-04  -2.001770010200000E+02   6.510416925400000E+03   2.500874726700000E-04
   8.029675838600000E-07   2.037955691800000E-02   1.000000000000000E+00   1.000000000000000E+00   2.525393029500000E-04  -2.001769960600000E+02   6.510416925400000E+03   2.525393029500000E-04
   8.186348388900000E-07   2.057741588500000E-02   1.000000000000000E+00   1.000000000000000E+00   2.549911329900000E-04  -2.001769910500000E+02   6.510416925400000E+03   2.549911329900000E-04
   8.344534652600000E-07   2.077524782200000E-02   1.000000000000000E+00   1.000000000000000E+00   2.574401983300000E-04  -2.001769859900000E+02   6.510416925400000E+03   2.574401983300000E-04
   8.504234654700000E-07   2.097310648500000E-02   1.000000000000000E+00   1.000000000000000E+00   2.598920015900000E-04  -2.001769808800000E+02   6.510416925400000E+03   2.598920015900000E-04
   8.665448394600000E-07   2.117096512300000E-02   1.000000000000000E+00   1.000000000000000E+00   2.623438046200000E-04  -2.001769757300000E+02   6.510416925400000E+03   2.623438046200000E-04
   8.828175857100001E-07   2.136915325600000E-02   1.000000000000000E+00   1.000000000000000E+00   2.648001050800000E-04  -2.001769705300000E+02   6.510416925400000E+03   2.648001050800000E-04
   8.992417046900000E-07   2.156701489600000E-02   1.000000000000000E+00   1.000000000000000E+00   2.672519492800000E-04  -2.001769652700000E+02   6.510416925400000E+03   2.672519492800000E-04
   9.158171933800000E-07   2.176487651200000E-02   1.000000000000000E+00   1.000000000000000E+00   2.697037932500000E-04  -2.001769599700000E+02   6.510416925400000E+03   2.697037932500000E-04
   9.325440598800000E-07   2.196269818300000E-02   1.000000000000000E+00   1.000000000000000E+00   2.721468286300000E-04  -2.001769546300000E+02   6.510416925400000E+03   2.721468286300000E-04
   9.494222947600000E-07   2.216055938900000E-02   1.000000000000000E+00   1.000000000000000E+00   2.745985927600000E-04  -2.001769492300000E+02   6.510416925400000E+03   2.745985927600000E-04
   9.664519051600000E-07   2.235842057100000E-02   1.000000000000000E+00   1.000000000000000E+00   2.770503566500000E-04  -2.001769437800000E+02   6.510416925400000E+03   2.770503566500000E-04
   9.836328881400000E-07   2.255619598600000E-02   1.000000000000000E+00   1.000000000000000E+00   2.795113066000000E-04  -2.001769382900000E+02   6.510416925400000E+03   2.795113066000000E-04
   1.000965240400000E-06   2.275405636300000E-02   1.000000000000000E+00   1.000000000000000E+00   2.819631505800000E-04  -2.001769327500000E+02   6.510416925400000E+03   2.819631505800000E-04
   1.018448970200000E-06   2.295191671500000E-02   1.000000000000000E+00   1.000000000000000E+00   2.844149943000000E-04  -2.001769271600000E+02   6.510416925400000E+03   2.844149943000000E-04
   1.036084072300000E-06   2.314921146400000E-02   1.000000000000000E+00   1.000000000000000E+00   2.868603824400000E-04  -2.001769215200000E+02   6.510416925400000E+03   2.868603824400000E-04
   1.053870545000000E-06   2.334706693000000E-02   1.000000000000000E+00   1.000000000000000E+00   2.893121704800000E-04  -2.001769158300000E+02   6.510416925400000E+03   2.893121704800000E-04
   1.071808391200000E-06   2.354492237000000E-02   1.000000000000000E+00   1.000000000000000E+00   2.917639582600000E-04  -2.001769101000000E+02   6.510416925400000E+03   2.917639582600000E-04
   1.089897605500000E-06   2.374268454900000E-02   1.000000000000000E+00   1.000000000000000E+00   2.942199354000000E-04  -2.001769043100000E+02   6.510416925400000E+03   2.942199354000000E-04
   1.108138196500000E-06   2.394053915600000E-02   1.000000000000000E+00   1.000000000000000E+00   2.966717575700000E-04  -2.001768984800000E+02   6.510416925400000E+03   2.966717575700000E-04
   1.126530153700000E-06   2.413839373500000E-02   1.000000000000000E+00   1.000000000000000E+00   2.991235794700000E-04  -2.001768926000000E+02   6.510416925400000E+03   2.991235794700000E-04
   1.145073487700000E-06   2.433709147600000E-02   1.000000000000000E+00   1.000000000000000E+00   3.015765988200000E-04  -2.001768866700000E+02   6.510416925400000E+03   3.015765988200000E-04
   1.163768197500000E-06   2.453495285700000E-02   1.000000000000000E+00   1.000000000000000E+00   3.040284299300000E-04  -2.001768806900000E+02   6.510416925400000E+03   3.040284299300000E-04
   1.182614273800000E-06   2.473281420900000E-02   1.000000000000000E+00   1.000000000000000E+00   3.064802607700000E-04  -2.001768746700000E+02   6.510416925400000E+03   3.064802607700000E-04
   1.201611727000000E-06   2.493067768100000E-02   1.000000000000000E+00   1.000000000000000E+00   3.089331259800000E-04  -2.001768685900000E+02   6.510416925400000E+03   3.089331259800000E-04
   1.220760547800000E-06   2.512853899300000E-02   1.000000000000000E+00   1.000000000000000E+00   3.113849644800000E-04  -2.001768624700000E+02   6.510416925400000E+03   3.113849644800000E-04
   1.240060744200000E-06   2.532640027700000E-02   1.000000000000000E+00   1.000000000000000E+00   3.138368027000000E-04  -2.001768563000000E+02   6.510416925400000E+03   3.138368027000000E-04
   1.259512307900000E-06   2.552388696700000E-02   1.000000000000000E+00   1.000000000000000E+00   3.162825422600000E-04  -2.001768500800000E+02   6.510416925400000E+03   3.162825422600000E-04
   1.279115247100000E-06   2.572174528900000E-02   1.000000000000000E+00   1.000000000000000E+00   3.187343326400000E-04  -2.001768438100000E+02   6.510416925400000E+03   3.187343326400000E-04
   1.298869554600000E-06   2.591960358100000E-02   1.000000000000000E+00   1.000000000000000E+00   3.211861227400000E-04  -2.001768374900000E+02   6.510416925400000E+03   3.211861227400000E-04
   1.318775235800000E-06   2.611775411500000E-02   1.000000000000000E+00   1.000000000000000E+00   3.236409588100000E-04  -2.001768311300000E+02   6.510416925400000E+03   3.236409588100000E-04
   1.338832287100000E-06   2.631561456400000E-02   1.000000000000000E+00   1.000000000000000E+00   3.260927714200000E-04  -2.001768247100000E+02   6.510416925400000E+03   3.260927714200000E-04
   1.359040716600000E-06   2.651347498200000E-02   1.000000000000000E+00   1.000000000000000E+00   3.285445837300000E-04  -2.001768182500000E+02   6.510416925400000E+03   3.285445837300000E-04
   1.379400511100000E-06   2.671043402300000E-02   1.000000000000000E+00   1.000000000000000E+00   3.309999805200000E-04  -2.001768117400000E+02   6.510416925400000E+03   3.309999805200000E-04
   1.399911679800000E-06   2.690828770300000E-02   1.000000000000000E+00   1.000000000000000E+00   3.334518188000000E-04  -2.001768051800000E+02   6.510416925400000E+03   3.334518188000000E-04
   1.420574220900000E-06   2.710614135200000E-02   1.000000000000000E+00   1.000000000000000E+00   3.359036567800000E-04  -2.001767985800000E+02   6.510416925400000E+03   3.359036567800000E-04
   1.441388129500000E-06   2.730459767900000E-02   1.000000000000000E+00   1.000000000000000E+00   3.383545327100000E-04  -2.001767919200000E+02   6.510416925400000E+03   3.383545327100000E-04
   1.462353412900000E-06   2.750245563500000E-02   1.000000000000000E+00   1.000000000000000E+00   3.408063631200000E-04  -2.001767852200000E+02   6.510416925400000E+03   3.408063631200000E-04
   1.483470065100000E-06   2.770031356000000E-02   1.000000000000000E+00   1.000000000000000E+00   3.432581932200000E-04  -2.001767784700000E+02   6.510416925400000E+03   3.432581932200000E-04
   1.504738092900000E-06   2.789859874800000E-02   1.000000000000000E+00   1.000000000000000E+00   3.457021350000000E-04  -2.001767716700000E+02   6.510416925400000E+03   3.457021350000000E-04
   1.526157486600000E-06   2.809645963900000E-02   1.000000000000000E+00   1.000000000000000E+00   3.481539085500000E-04  -2.001767648200000E+02   6.510416925400000E+03   3.481539085500000E-04
   1.547728256200000E-06   2.829432049800000E-02   1.000000000000000E+00   1.000000000000000E+00   3.506056817900000E-04  -2.001767579200000E+02   6.510416925400000E+03   3.506056817900000E-04
   1.569450393700000E-06   2.849142330600000E-02   1.000000000000000E+00   1.000000000000000E+00   3.530660366600000E-04  -2.001767509700000E+02   6.510416925400000E+03   3.530660366600000E-04
   1.591323903800000E-06   2.868927883700000E-02   1.000000000000000E+00   1.000000000000000E+00   3.555178688700000E-04  -2.001767439800000E+02   6.510416925400000E+03   3.555178688700000E-04
   1.613348783200000E-06   2.888713433600000E-02   1.000000000000000E+00   1.000000000000000E+00   3.579697007600000E-04  -2.001767369400000E+02   6.510416925400000E+03   3.579697007600000E-04
   1.635525032000000E-06   2.908538436800000E-02   1.000000000000000E+00   1.000000000000000E+00   3.604099642500000E-04  -2.001767298500000E+02   6.510416925400000E+03   3.604099642500000E-04
   1.657852652100000E-06   2.928324248400000E-02   1.000000000000000E+00   1.000000000000000E+00   3.628617168100000E-04  -2.001767227100000E+02   6.510416925400000E+03   3.628617168100000E-04
   1.680331647700000E-06   2.948110056700000E-02   1.000000000000000E+00   1.000000000000000E+00   3.653134690400000E-04  -2.001767155200000E+02   6.510416925400000E+03   3.653134690400000E-04
   1.702962012800000E-06   2.967926092500000E-02   1.000000000000000E+00   1.000000000000000E+00   3.677769007900000E-04  -2.001767082800000E+02   6.510416925400000E+03   3.677769007900000E-04
   1.725743746900000E-06   2.987712095500000E-02   1.000000000000000E+00   1.000000000000000E+00   3.702287302400000E-04  -2.001767010000000E+02   6.510416925400000E+03   3.702287302400000E-04
   1.748676854400000E-06   3.007498095200000E-02   1.000000000000000E+00   1.000000000000000E+00   3.726805593500000E-04  -2.001766936700000E+02   6.510416925400000E+03   3.726805593500000E-04
   1.771761329700000E-06   3.027285191600000E-02   1.000000000000000E+00   1.000000000000000E+00   3.751271801600000E-04  -2.001766862800000E+02   6.510416925400000E+03   3.751271801600000E-04
   1.794997177900000E-06   3.047071191500000E-02   1.000000000000000E+00   1.000000000000000E+00   3.775789745700000E-04  -2.001766788500000E+02   6.510416925400000E+03   3.775789745700000E-04
   1.818384393400000E-06   3.066857188000000E-02   1.000000000000000E+00   1.000000000000000E+00   3.800307686500000E-04  -2.001766713800000E+02   6.510416925400000E+03   3.800307686500000E-04
   1.841922979100000E-06   3.086627852200000E-02   1.000000000000000E+00   1.000000000000000E+00   3.824877747000000E-04  -2.001766638500000E+02   6.510416925400000E+03   3.824877747000000E-04
   1.865612935300000E-06   3.106413743300000E-02   1.000000000000000E+00   1.000000000000000E+00   3.849396015100000E-04  -2.001766562700000E+02   6.510416925400000E+03   3.849396015100000E-04
   1.889454266600000E-06   3.126199630900000E-02   1.000000000000000E+00   1.000000000000000E+00   3.873914279700000E-04  -2.001766486500000E+02   6.510416925400000E+03   3.873914279700000E-04
   1.913446962200000E-06   3.146003793900000E-02   1.000000000000000E+00   1.000000000000000E+00   3.898427267500000E-04  -2.001766409800000E+02   6.510416925400000E+03   3.898427267500000E-04
   1.937591033100000E-06   3.165789789300000E-02   1.000000000000000E+00   1.000000000000000E+00   3.922945492000000E-04  -2.001766332600000E+02   6.510416925400000E+03   3.922945492000000E-04
   1.961886469100000E-06   3.185575781100000E-02   1.000000000000000E+00   1.000000000000000E+00   3.947463713000000E-04  -2.001766254900000E+02   6.510416925400000E+03   3.947463713000000E-04
   1.986333279600000E-06   3.205363460800000E-02   1.000000000000000E+00   1.000000000000000E+00   3.971983358000000E-04  -2.001766176800000E+02   6.510416925400000E+03   3.971983358000000E-04
   2.010931454300000E-06   3.225149455700000E-02   1.000000000000000E+00   1.000000000000000E+00   3.996501580800000E-04  -2.001766098100000E+02   6.510416925400000E+03   3.996501580800000E-04
   2.035681004700000E-06   3.244935447100000E-02   1.000000000000000E+00   1.000000000000000E+00   4.021019800000000E-04  -2.001766019000000E+02   6.510416925400000E+03   4.021019800000000E-04
   2.060581920300000E-06   3.264725361500000E-02   1.000000000000000E+00   1.000000000000000E+00   4.045414862100000E-04  -2.001765939400000E+02   6.510416925400000E+03   4.045414862100000E-04
   2.085634209400000E-06   3.284511369200000E-02   1.000000000000000E+00   1.000000000000000E+00   4.069932327700000E-04  -2.001765859300000E+02   6.510416925400000E+03   4.069932327700000E-04
   2.110837869900000E-06   3.304297373100000E-02   1.000000000000000E+00   1.000000000000000E+00   4.094449789700000E-04  -2.001765778700000E+02   6.510416925400000E+03   4.094449789700000E-04
   2.136192899500000E-06   3.323945348300000E-02   1.000000000000000E+00   1.000000000000000E+00   4.118956970800000E-04  -2.001765697600000E+02   6.510416925400000E+03   4.118956970800000E-04
   2.161699297900000E-06   3.343730523200000E-02   1.000000000000000E+00   1.000000000000000E+00   4.143474364400000E-04  -2.001765616000000E+02   6.510416925400000E+03   4.143474364400000E-04
   2.187357059600000E-06   3.363515694400000E-02   1.000000000000000E+00   1.000000000000000E+00   4.167991754200000E-04  -2.001765534000000E+02   6.510416925400000E+03   4.167991754200000E-04
   2.213166195700000E-06   3.383437107000000E-02   1.000000000000000E+00   1.000000000000000E+00   4.192656207400000E-04  -2.001765451400000E+02   6.510416925400000E+03   4.192656207400000E-04
   2.239126702800000E-06   3.403223067000000E-02   1.000000000000000E+00   1.000000000000000E+00   4.217174449800000E-04  -2.001765368400000E+02   6.510416925400000E+03   4.217174449800000E-04
   2.265238575500000E-06   3.423009023200000E-02   1.000000000000000E+00   1.000000000000000E+00   4.241692688400000E-04  -2.001765284900000E+02   6.510416925400000E+03   4.241692688400000E-04
   2.291501820500000E-06   3.442787699000000E-02   1.000000000000000E+00   1.000000000000000E+00   4.266206423200000E-04  -2.001765201000000E+02   6.510416925400000E+03   4.266206423200000E-04
   2.317916433800000E-06   3.462573605500000E-02   1.000000000000000E+00   1.000000000000000E+00   4.290724628400000E-04  -2.001765116500000E+02   6.510416925400000E+03   4.290724628400000E-04
   2.344482414900000E-06   3.482359508000000E-02   1.000000000000000E+00   1.000000000000000E+00   4.315242829700000E-04  -2.001765031500000E+02   6.510416925400000E+03   4.315242829700000E-04
   2.371199770100000E-06   3.502016972500000E-02   1.000000000000000E+00   1.000000000000000E+00   4.339763314400000E-04  -2.001764946200000E+02   6.510416925400000E+03   4.339763314400000E-04
   2.398068491400000E-06   3.521802141600000E-02   1.000000000000000E+00   1.000000000000000E+00   4.364281521000000E-04  -2.001764860300000E+02   6.510416925400000E+03   4.364281521000000E-04
   2.425088581700000E-06   3.541587306800000E-02   1.000000000000000E+00   1.000000000000000E+00   4.388799723700000E-04  -2.001764773900000E+02   6.510416925400000E+03   4.388799723700000E-04
   2.452260033400000E-06   3.561507627700000E-02   1.000000000000000E+00   1.000000000000000E+00   4.413296380500000E-04  -2.001764686900000E+02   6.510416925400000E+03   4.413296380500000E-04
   2.479582859900000E-06   3.581293535400000E-02   1.000000000000000E+00   1.000000000000000E+00   4.437814455700000E-04  -2.001764599600000E+02   6.510416925400000E+03   4.437814455700000E-04
   2.507057055300000E-06   3.601079439100000E-02   1.000000000000000E+00   1.000000000000000E+00   4.462332526900000E-04  -2.001764511700000E+02   6.510416925400000E+03   4.462332526900000E-04
   2.534682618600000E-06   3.620852110200000E-02   1.000000000000000E+00   1.000000000000000E+00   4.486760117100000E-04  -2.001764423400000E+02   6.510416925400000E+03   4.486760117100000E-04
   2.562459557500000E-06   3.640637933400000E-02   1.000000000000000E+00   1.000000000000000E+00   4.511277685900000E-04  -2.001764334600000E+02   6.510416925400000E+03   4.511277685900000E-04
   2.590387853000000E-06   3.660423752500000E-02   1.000000000000000E+00   1.000000000000000E+00   4.535795250700000E-04  -2.001764245300000E+02   6.510416925400000E+03   4.535795250700000E-04
   2.618467523200000E-06   3.680116426500000E-02   1.000000000000000E+00   1.000000000000000E+00   4.560429784100000E-04  -2.001764155500000E+02   6.510416925400000E+03   4.560429784100000E-04
   2.646698565500000E-06   3.699901736200000E-02   1.000000000000000E+00   1.000000000000000E+00   4.584947969700000E-04  -2.001764065200000E+02   6.510416925400000E+03   4.584947969700000E-04
   2.675080968000000E-06   3.719687041700000E-02   1.000000000000000E+00   1.000000000000000E+00   4.609466151200000E-04  -2.001763974400000E+02   6.510416925400000E+03   4.609466151200000E-04
   2.703614741100000E-06   3.739579710000000E-02   1.000000000000000E+00   1.000000000000000E+00   4.633826216800000E-04  -2.001763883300000E+02   6.510416925400000E+03   4.633826216800000E-04
   2.732299886900000E-06   3.759365575100000E-02   1.000000000000000E+00   1.000000000000000E+00   4.658343553500000E-04  -2.001763791500000E+02   6.510416925400000E+03   4.658343553500000E-04
   2.761136397900000E-06   3.779151436000000E-02   1.000000000000000E+00   1.000000000000000E+00   4.682860886000000E-04  -2.001763699300000E+02   6.510416925400000E+03   4.682860886000000E-04
   2.790124272000000E-06   3.798919841500000E-02   1.000000000000000E+00   1.000000000000000E+00   4.707470527100000E-04  -2.001763606600000E+02   6.510416925400000E+03   4.707470527100000E-04
   2.819263521600000E-06   3.818705603000000E-02   1.000000000000000E+00   1.000000000000000E+00   4.731988332100000E-04  -2.001763513400000E+02   6.510416925400000E+03   4.731988332100000E-04
   2.848554132400000E-06   3.838491360100000E-02   1.000000000000000E+00   1.000000000000000E+00   4.756506132800000E-04  -2.001763419800000E+02   6.510416925400000E+03   4.756506132800000E-04
   2.877996113200000E-06   3.858252517600000E-02   1.000000000000000E+00   1.000000000000000E+00   4.781096719600000E-04  -2.001763325600000E+02   6.510416925400000E+03   4.781096719600000E-04
   2.907589467800000E-06   3.878038139600000E-02   1.000000000000000E+00   1.000000000000000E+00   4.805614885000000E-04  -2.001763231000000E+02   6.510416925400000E+03   4.805614885000000E-04
   2.937334181200000E-06   3.897823757100000E-02   1.000000000000000E+00   1.000000000000000E+00   4.830133046300000E-04  -2.001763135900000E+02   6.510416925400000E+03   4.830133046300000E-04
   2.967230265700000E-06   3.917617174400000E-02   1.000000000000000E+00   1.000000000000000E+00   4.854649348500000E-04  -2.001763040300000E+02   6.510416925400000E+03   4.854649348500000E-04
   2.997277717100000E-06   3.937402822700000E-02   1.000000000000000E+00   1.000000000000000E+00   4.879167491700000E-04  -2.001762944200000E+02   6.510416925400000E+03   4.879167491700000E-04
   3.027476533400000E-06   3.957188466600000E-02   1.000000000000000E+00   1.000000000000000E+00   4.903685630600000E-04  -2.001762847700000E+02   6.510416925400000E+03   4.903685630600000E-04
   3.057826722200000E-06   3.977014144400000E-02   1.000000000000000E+00   1.000000000000000E+00   4.928166926300000E-04  -2.001762750600000E+02   6.510416925400000E+03   4.928166926300000E-04
   3.088328276300000E-06   3.996799978200000E-02   1.000000000000000E+00   1.000000000000000E+00   4.952684873100000E-04  -2.001762653100000E+02   6.510416925400000E+03   4.952684873100000E-04
   3.118981201200000E-06   4.016585807400000E-02   1.000000000000000E+00   1.000000000000000E+00   4.977202815500000E-04  -2.001762555100000E+02   6.510416925400000E+03   4.977202815500000E-04
   3.149785484000000E-06   4.036300157600000E-02   1.000000000000000E+00   1.000000000000000E+00   5.001741322700000E-04  -2.001762456600000E+02   6.510416925400000E+03   5.001741322700000E-04
   3.180741138300000E-06   4.056085627100000E-02   1.000000000000000E+00   1.000000000000000E+00   5.026259357100000E-04  -2.001762357600000E+02   6.510416925400000E+03   5.026259357100000E-04
   3.211848162300000E-06   4.075871092100000E-02   1.000000000000000E+00   1.000000000000000E+00   5.050777386900001E-04  -2.001762258100000E+02   6.510416925400000E+03   5.050777386900001E-04
   3.243106550200000E-06   4.095602177100000E-02   1.000000000000000E+00   1.000000000000000E+00   5.075243437100000E-04  -2.001762158200000E+02   6.510416925400000E+03   5.075243437100000E-04
   3.274516305500000E-06   4.115387370000000E-02   1.000000000000000E+00   1.000000000000000E+00   5.099761206900000E-04  -2.001762057700000E+02   6.510416925400000E+03   5.099761206900000E-04
   3.306077430800000E-06   4.135172558200000E-02   1.000000000000000E+00   1.000000000000000E+00   5.124278972100000E-04  -2.001761956800000E+02   6.510416925400000E+03   5.124278972100000E-04
   3.337789915900000E-06   4.155017377500000E-02   1.000000000000000E+00   1.000000000000000E+00   5.148696582900000E-04  -2.001761855400000E+02   6.510416925400000E+03   5.148696582900000E-04
   3.369653767700000E-06   4.174802840600000E-02   1.000000000000000E+00   1.000000000000000E+00   5.173213862000000E-04  -2.001761753500000E+02   6.510416925400000E+03   5.173213862000000E-04
   3.401668991100000E-06   4.194588299000000E-02   1.000000000000000E+00   1.000000000000000E+00   5.197731136500000E-04  -2.001761651200000E+02   6.510416925400000E+03   5.197731136500000E-04
   3.433835577900000E-06   4.214397700300000E-02   1.000000000000000E+00   1.000000000000000E+00   5.222395713500001E-04  -2.001761548300000E+02   6.510416925400000E+03   5.222395713500001E-04
   3.466153534500000E-06   4.234183261200000E-02   1.000000000000000E+00   1.000000000000000E+00   5.246913670300000E-04  -2.001761445000000E+02   6.510416925400000E+03   5.246913670300000E-04
   3.498622852300000E-06   4.253968817300000E-02   1.000000000000000E+00   1.000000000000000E+00   5.271431622400000E-04  -2.001761341200000E+02   6.510416925400000E+03   5.271431622400000E-04
   3.531243538000000E-06   4.273805626800000E-02   1.000000000000000E+00   1.000000000000000E+00   5.295964137200000E-04  -2.001761236800000E+02   6.510416925400000E+03   5.295964137200000E-04
   3.564015588300000E-06   4.293591410600000E-02   1.000000000000000E+00   1.000000000000000E+00   5.320482147400000E-04  -2.001761132000000E+02   6.510416925400000E+03   5.320482147400000E-04
   3.596939009400000E-06   4.313377189400000E-02   1.000000000000000E+00   1.000000000000000E+00   5.345000152800000E-04  -2.001761026800000E+02   6.510416925400000E+03   5.345000152800000E-04
   3.630013789200000E-06   4.333163615600000E-02   1.000000000000000E+00   1.000000000000000E+00   5.369526663200000E-04  -2.001760921000000E+02   6.510416925400000E+03   5.369526663200000E-04
   3.663239940400000E-06   4.352949387600000E-02   1.000000000000000E+00   1.000000000000000E+00   5.394044698000000E-04  -2.001760814800000E+02   6.510416925400000E+03   5.394044698000000E-04
   3.696617453200000E-06   4.372735154600000E-02   1.000000000000000E+00   1.000000000000000E+00   5.418562727900000E-04  -2.001760708100000E+02   6.510416925400000E+03   5.418562727900000E-04
   3.730146335700000E-06   4.392512509300000E-02   1.000000000000000E+00   1.000000000000000E+00   5.442996039200000E-04  -2.001760600800000E+02   6.510416925400000E+03   5.442996039200000E-04
   3.763826582900000E-06   4.412298228400000E-02   1.000000000000000E+00   1.000000000000000E+00   5.467513677800000E-04  -2.001760493200000E+02   6.510416925400000E+03   5.467513677800000E-04
   3.797658194100000E-06   4.432083942500000E-02   1.000000000000000E+00   1.000000000000000E+00   5.492031311600000E-04  -2.001760385000000E+02   6.510416925400000E+03   5.492031311600000E-04
   3.831641166700000E-06   4.451878797100000E-02   1.000000000000000E+00   1.000000000000000E+00   5.516406175400000E-04  -2.001760276300000E+02   6.510416925400000E+03   5.516406175400000E-04
   3.865775505900000E-06   4.471664541700000E-02   1.000000000000000E+00   1.000000000000000E+00   5.540923164800000E-04  -2.001760167200000E+02   6.510416925400000E+03   5.540923164800000E-04
   3.900061212200000E-06   4.491450281300000E-02   1.000000000000000E+00   1.000000000000000E+00   5.565440149300000E-04  -2.001760057500000E+02   6.510416925400000E+03   5.565440149300000E-04
   3.934498284700000E-06   4.511224543200000E-02   1.000000000000000E+00   1.000000000000000E+00   5.590185536300000E-04  -2.001759947400000E+02   6.510416925400000E+03   5.590185536300000E-04
   3.969086726000000E-06   4.531010222000000E-02   1.000000000000000E+00   1.000000000000000E+00   5.614703512600000E-04  -2.001759836800000E+02   6.510416925400000E+03   5.614703512600000E-04
   4.003826525000000E-06   4.550795895800000E-02   1.000000000000000E+00   1.000000000000000E+00   5.639221483900000E-04  -2.001759725700000E+02   6.510416925400000E+03   5.639221483900000E-04
   4.038717692400000E-06   4.570560729800000E-02   1.000000000000000E+00   1.000000000000000E+00   5.663747727800000E-04  -2.001759614200000E+02   6.510416925400000E+03   5.663747727800000E-04
   4.073760220800000E-06   4.590346302900000E-02   1.000000000000000E+00   1.000000000000000E+00   5.688265724900000E-04  -2.001759502200000E+02   6.510416925400000E+03   5.688265724900000E-04
   4.108954113600000E-06   4.610131870700000E-02   1.000000000000000E+00   1.000000000000000E+00   5.712783716900000E-04  -2.001759389600000E+02   6.510416925400000E+03   5.712783716900000E-04
   4.144299378000000E-06   4.629938293900000E-02   1.000000000000000E+00   1.000000000000000E+00   5.737232149999999E-04  -2.001759276600000E+02   6.510416925400000E+03   5.737232149999999E-04
   4.179796004300000E-06   4.649723940400000E-02   1.000000000000000E+00   1.000000000000000E+00   5.761749834600000E-04  -2.001759163100000E+02   6.510416925400000E+03   5.761749834600000E-04
   4.215443989600000E-06   4.669509581600000E-02   1.000000000000000E+00   1.000000000000000E+00   5.786267514000000E-04  -2.001759049100000E+02   6.510416925400000E+03   5.786267514000000E-04
   4.251243340000000E-06   4.689295318400000E-02   1.000000000000000E+00   1.000000000000000E+00   5.810748554400000E-04  -2.001758934700000E+02   6.510416925400000E+03   5.810748554400000E-04
   4.287194055900000E-06   4.709080949500000E-02   1.000000000000000E+00   1.000000000000000E+00   5.835266068900000E-04  -2.001758819800000E+02   6.510416925400000E+03   5.835266068900000E-04
   4.323296136500000E-06   4.728866575300000E-02   1.000000000000000E+00   1.000000000000000E+00   5.859783578200000E-04  -2.001758704300000E+02   6.510416925400000E+03   5.859783578200000E-04
   4.359549585600000E-06   4.748617833200000E-02   1.000000000000000E+00   1.000000000000000E+00   5.884275956600000E-04  -2.001758588400000E+02   6.510416925400000E+03   5.884275956600000E-04
   4.395954393900000E-06   4.768403304700000E-02   1.000000000000000E+00   1.000000000000000E+00   5.908793350699999E-04  -2.001758472000000E+02   6.510416925400000E+03   5.908793350699999E-04
   4.432510565600000E-06   4.788188770800000E-02   1.000000000000000E+00   1.000000000000000E+00   5.933310739600000E-04  -2.001758355100000E+02   6.510416925400000E+03   5.933310739600000E-04
   4.469218100200000E-06   4.808020218700000E-02   1.000000000000000E+00   1.000000000000000E+00   5.957772296900000E-04  -2.001758237700000E+02   6.510416925400000E+03   5.957772296900000E-04
   4.506076995600000E-06   4.827805863200000E-02   1.000000000000000E+00   1.000000000000000E+00   5.982289445500000E-04  -2.001758119800000E+02   6.510416925400000E+03   5.982289445500000E-04
   4.543087260200000E-06   4.847591502200000E-02   1.000000000000000E+00   1.000000000000000E+00   6.006806588700000E-04  -2.001758001500000E+02   6.510416925400000E+03   6.006806588700000E-04
   4.580248890200000E-06   4.867325546000000E-02   1.000000000000000E+00   1.000000000000000E+00   6.031467876700000E-04  -2.001757882600000E+02   6.510416925400000E+03   6.031467876700000E-04
   4.617561872900000E-06   4.887110964100000E-02   1.000000000000000E+00   1.000000000000000E+00   6.055985595100000E-04  -2.001757763300000E+02   6.510416925400000E+03   6.055985595100000E-04
   4.655026227700000E-06   4.906896376500000E-02   1.000000000000000E+00   1.000000000000000E+00   6.080503308100000E-04  -2.001757643500000E+02   6.510416925400000E+03   6.080503308100000E-04
   4.692641943200000E-06   4.926521325300000E-02   1.000000000000000E+00   1.000000000000000E+00   6.104874701900001E-04  -2.001757523300000E+02   6.510416925400000E+03   6.104874701900001E-04
   4.730409022200000E-06   4.946306082700000E-02   1.000000000000000E+00   1.000000000000000E+00   6.129391816500000E-04  -2.001757402500000E+02   6.510416925400000E+03   6.129391816500000E-04
   4.768327463000000E-06   4.966090834600000E-02   1.000000000000000E+00   1.000000000000000E+00   6.153908925600000E-04  -2.001757281300000E+02   6.510416925400000E+03   6.153908925600000E-04
   4.806397266100000E-06   4.986088308200000E-02   1.000000000000000E+00   1.000000000000000E+00   6.178469457900000E-04  -2.001757159500000E+02   6.510416925400000E+03   6.178469457900000E-04
   4.844618435800000E-06   5.005873892500000E-02   1.000000000000000E+00   1.000000000000000E+00   6.202986728400000E-04  -2.001757037300000E+02   6.510416925400000E+03   6.202986728400000E-04
   4.882990960500000E-06   5.025659471000000E-02   1.000000000000000E+00   1.000000000000000E+00   6.227503993300000E-04  -2.001756914600000E+02   6.510416925400000E+03   6.227503993300000E-04
   4.921514851900000E-06   5.045374265300000E-02   1.000000000000000E+00   1.000000000000000E+00   6.251937589200000E-04  -2.001756791500000E+02   6.510416925400000E+03   6.251937589200000E-04
   4.960190106100000E-06   5.065159555000000E-02   1.000000000000000E+00   1.000000000000000E+00   6.276454514900000E-04  -2.001756667800000E+02   6.510416925400000E+03   6.276454514900000E-04
   4.999016718900000E-06   5.084944838900000E-02   1.000000000000000E+00   1.000000000000000E+00   6.300971435000000E-04  -2.001756543700000E+02   6.510416925400000E+03   6.300971435000000E-04
   5.037994696900000E-06   5.104805522600000E-02   1.000000000000000E+00   1.000000000000000E+00   6.325604362600000E-04  -2.001756419000000E+02   6.510416925400000E+03   6.325604362600000E-04
   5.077124039600000E-06   5.124591086900000E-02   1.000000000000000E+00   1.000000000000000E+00   6.350121721100000E-04  -2.001756293900000E+02   6.510416925400000E+03   6.350121721100000E-04
   5.116404743700000E-06   5.144376645400000E-02   1.000000000000000E+00   1.000000000000000E+00   6.374639074000000E-04  -2.001756168300000E+02   6.510416925400000E+03   6.374639074000000E-04
   5.155836804400000E-06   5.164108016400000E-02   1.000000000000000E+00   1.000000000000000E+00   6.399277192300000E-04  -2.001756042300000E+02   6.510416925400000E+03   6.399277192300000E-04
   5.195420230200000E-06   5.183893355300000E-02   1.000000000000000E+00   1.000000000000000E+00   6.423794996500000E-04  -2.001755915700000E+02   6.510416925400000E+03   6.423794996500000E-04
   5.235155018100000E-06   5.203678688400000E-02   1.000000000000000E+00   1.000000000000000E+00   6.448312794900001E-04  -2.001755788600000E+02   6.510416925400000E+03   6.448312794900001E-04
   5.275041168900000E-06   5.223483636900000E-02   1.000000000000000E+00   1.000000000000000E+00   6.472814023600000E-04  -2.001755661000000E+02   6.510416925400000E+03   6.472814023600000E-04
   5.315078679500000E-06   5.243269032700000E-02   1.000000000000000E+00   1.000000000000000E+00   6.497331747800000E-04  -2.001755533000000E+02   6.510416925400000E+03   6.497331747800000E-04
   5.355267548400000E-06   5.263054422600000E-02   1.000000000000000E+00   1.000000000000000E+00   6.521849466200000E-04  -2.001755404500000E+02   6.510416925400000E+03   6.521849466200000E-04
   5.395607781500000E-06   5.282843931400000E-02   1.000000000000000E+00   1.000000000000000E+00   6.546236756500000E-04  -2.001755275500000E+02   6.510416925400000E+03   6.546236756500000E-04
   5.436099378700000E-06   5.302629324600000E-02   1.000000000000000E+00   1.000000000000000E+00   6.570753974700000E-04  -2.001755146100000E+02   6.510416925400000E+03   6.570753974700000E-04
   5.476742329600000E-06   5.322414711900000E-02   1.000000000000000E+00   1.000000000000000E+00   6.595271187200000E-04  -2.001755016100000E+02   6.510416925400000E+03   6.595271187200000E-04
   5.517536647100000E-06   5.342232099900000E-02   1.000000000000000E+00   1.000000000000000E+00   6.619746060200000E-04  -2.001754885700000E+02   6.510416925400000E+03   6.619746060200000E-04
   5.558482322900000E-06   5.362017593400000E-02   1.000000000000000E+00   1.000000000000000E+00   6.644263104100000E-04  -2.001754754700000E+02   6.510416925400000E+03   6.644263104100000E-04
   5.599579360900000E-06   5.381803080700000E-02   1.000000000000000E+00   1.000000000000000E+00   6.668780142000000E-04  -2.001754623300000E+02   6.510416925400000E+03   6.668780142000000E-04
   5.640827757800000E-06   5.401573997000000E-02   1.000000000000000E+00   1.000000000000000E+00   6.693488483800000E-04  -2.001754491400000E+02   6.510416925400000E+03   6.693488483800000E-04
   5.682227515600000E-06   5.421359418800000E-02   1.000000000000000E+00   1.000000000000000E+00   6.718006210600000E-04  -2.001754359100000E+02   6.510416925400000E+03   6.718006210600000E-04
   5.723778633200000E-06   5.441144834400000E-02   1.000000000000000E+00   1.000000000000000E+00   6.742523931400000E-04  -2.001754226200000E+02   6.510416925400000E+03   6.742523931400000E-04
   5.765481115000000E-06   5.460942257100000E-02   1.000000000000000E+00   1.000000000000000E+00   6.767013689800000E-04  -2.001754092800000E+02   6.510416925400000E+03   6.767013689800000E-04
   5.807334954500000E-06   5.480727703700000E-02   1.000000000000000E+00   1.000000000000000E+00   6.791531297300000E-04  -2.001753959000000E+02   6.510416925400000E+03   6.791531297300000E-04
   5.849340155600000E-06   5.500513143900000E-02   1.000000000000000E+00   1.000000000000000E+00   6.816048898700000E-04  -2.001753824700000E+02   6.510416925400000E+03   6.816048898700000E-04
   5.891496709900000E-06   5.520287142800000E-02   1.000000000000000E+00   1.000000000000000E+00   6.840502769600000E-04  -2.001753689900000E+02   6.510416925400000E+03   6.840502769600000E-04
   5.933804629400000E-06   5.540072529700000E-02   1.000000000000000E+00   1.000000000000000E+00   6.865020130500000E-04  -2.001753554600000E+02   6.510416925400000E+03   6.865020130500000E-04
   5.976263911700000E-06   5.559857910300000E-02   1.000000000000000E+00   1.000000000000000E+00   6.889537485200000E-04  -2.001753418800000E+02   6.510416925400000E+03   6.889537485200000E-04
   6.018874542700000E-06   5.579638954000000E-02   1.000000000000000E+00   1.000000000000000E+00   6.913983570699999E-04  -2.001753282600000E+02   6.510416925400000E+03   6.913983570699999E-04
   6.061636549500000E-06   5.599424306300000E-02   1.000000000000000E+00   1.000000000000000E+00   6.938500660400001E-04  -2.001753145900000E+02   6.510416925400000E+03   6.938500660400001E-04
   6.104549902400000E-06   5.619209652100000E-02   1.000000000000000E+00   1.000000000000000E+00   6.963017743900000E-04  -2.001753008700000E+02   6.510416925400000E+03   6.963017743900000E-04
   6.147614617100000E-06   5.638947449900000E-02   1.000000000000000E+00   1.000000000000000E+00   6.987624079600000E-04  -2.001752871000000E+02   6.510416925400000E+03   6.987624079600000E-04
   6.190830693900000E-06   5.658732616000000E-02   1.000000000000000E+00   1.000000000000000E+00   7.012141463800001E-04  -2.001752732800000E+02   6.510416925400000E+03   7.012141463800001E-04
   6.234198126000000E-06   5.678517775700000E-02   1.000000000000000E+00   1.000000000000000E+00   7.036658841800000E-04  -2.001752594200000E+02   6.510416925400000E+03   7.036658841800000E-04
   6.277716922100000E-06   5.698368410200000E-02   1.000000000000000E+00   1.000000000000000E+00   7.061237033900000E-04  -2.001752455000000E+02   6.510416925400000E+03   7.061237033900000E-04
   6.321387071500000E-06   5.718153784400000E-02   1.000000000000000E+00   1.000000000000000E+00   7.085754610600000E-04  -2.001752315300000E+02   6.510416925400000E+03   7.085754610600000E-04
   6.365208582900000E-06   5.737939152100000E-02   1.000000000000000E+00   1.000000000000000E+00   7.110272180900000E-04  -2.001752175200000E+02   6.510416925400000E+03   7.110272180900000E-04
   6.409181457800000E-06   5.757724612200000E-02   1.000000000000000E+00   1.000000000000000E+00   7.134794003900000E-04  -2.001752034600000E+02   6.510416925400000E+03   7.134794003900000E-04
   6.453305684200000E-06   5.777509967300000E-02   1.000000000000000E+00   1.000000000000000E+00   7.159311576100000E-04  -2.001751893500000E+02   6.510416925400000E+03   7.159311576100000E-04
   6.497581269100000E-06   5.797295315700000E-02   1.000000000000000E+00   1.000000000000000E+00   7.183829141900000E-04  -2.001751751900000E+02   6.510416925400000E+03   7.183829141900000E-04
   6.542008211800000E-06   5.817057194800000E-02   1.000000000000000E+00   1.000000000000000E+00   7.208370956600000E-04  -2.001751609900000E+02   6.510416925400000E+03   7.208370956600000E-04
   6.586586514900000E-06   5.836842450000000E-02   1.000000000000000E+00   1.000000000000000E+00   7.232888592200000E-04  -2.001751467300000E+02   6.510416925400000E+03   7.232888592200000E-04
   6.631316173000000E-06   5.856627698500000E-02   1.000000000000000E+00   1.000000000000000E+00   7.257406221200000E-04  -2.001751324300000E+02   6.510416925400000E+03   7.257406221200000E-04
   6.676197196900000E-06   5.876421371900000E-02   1.000000000000000E+00   1.000000000000000E+00   7.281831836800000E-04  -2.001751180800000E+02   6.510416925400000E+03   7.281831836800000E-04
   6.721229570100000E-06   5.896206635500000E-02   1.000000000000000E+00   1.000000000000000E+00   7.306349143100000E-04  -2.001751036800000E+02   6.510416925400000E+03   7.306349143100000E-04
   6.766413306000000E-06   5.915991892400000E-02   1.000000000000000E+00   1.000000000000000E+00   7.330866442900000E-04  -2.001750892300000E+02   6.510416925400000E+03   7.330866442900000E-04
   6.811748394300000E-06   5.935681663200000E-02   1.000000000000000E+00   1.000000000000000E+00   7.355451005700000E-04  -2.001750747400000E+02   6.510416925400000E+03   7.355451005700000E-04
   6.857234844700000E-06   5.955466588800000E-02   1.000000000000000E+00   1.000000000000000E+00   7.379968516700000E-04  -2.001750601900000E+02   6.510416925400000E+03   7.379968516700000E-04
   6.902872652600000E-06   5.975251507600000E-02   1.000000000000000E+00   1.000000000000000E+00   7.404486021000000E-04  -2.001750456000000E+02   6.510416925400000E+03   7.404486021000000E-04
   6.948661819100000E-06   5.995024044500000E-02   1.000000000000000E+00   1.000000000000000E+00   7.428985362800000E-04  -2.001750309600000E+02   6.510416925400000E+03   7.428985362800000E-04
   6.994602336700000E-06   6.014808908000000E-02   1.000000000000000E+00   1.000000000000000E+00   7.453502794100000E-04  -2.001750162700000E+02   6.510416925400000E+03   7.453502794100000E-04
   7.040694216100000E-06   6.034593764700000E-02   1.000000000000000E+00   1.000000000000000E+00   7.478020218600000E-04  -2.001750015300000E+02   6.510416925400000E+03   7.478020218600000E-04
   7.086937443200000E-06   6.054500740800000E-02   1.000000000000000E+00   1.000000000000000E+00   7.502478854700000E-04  -2.001749867500000E+02   6.510416925400000E+03   7.502478854700000E-04
   7.133332034200000E-06   6.074285983300000E-02   1.000000000000000E+00   1.000000000000000E+00   7.526996073800000E-04  -2.001749719100000E+02   6.510416925400000E+03   7.526996073800000E-04
   7.179877984200000E-06   6.094071218900000E-02   1.000000000000000E+00   1.000000000000000E+00   7.551513286300000E-04  -2.001749570300000E+02   6.510416925400000E+03   7.551513286300000E-04
   7.226575293700000E-06   6.113853575600000E-02   1.000000000000000E+00   1.000000000000000E+00   7.576056794999999E-04  -2.001749421000000E+02   6.510416925400000E+03   7.576056794999999E-04
   7.273423955600000E-06   6.133638787700000E-02   1.000000000000000E+00   1.000000000000000E+00   7.600574079100000E-04  -2.001749271200000E+02   6.510416925400000E+03   7.600574079100000E-04
   7.320423968300000E-06   6.153423992900000E-02   1.000000000000000E+00   1.000000000000000E+00   7.625091356300000E-04  -2.001749121000000E+02   6.510416925400000E+03   7.625091356300000E-04
   7.367575339100000E-06   6.173217287200000E-02   1.000000000000000E+00   1.000000000000000E+00   7.649662611400000E-04  -2.001748970100000E+02   6.510416925400000E+03   7.649662611400000E-04
   7.414878071300000E-06   6.193002504300000E-02   1.000000000000000E+00   1.000000000000000E+00   7.674180048100000E-04  -2.001748818900000E+02   6.510416925400000E+03   7.674180048100000E-04
   7.462332150600000E-06   6.212787714400000E-02   1.000000000000000E+00   1.000000000000000E+00   7.698697478000000E-04  -2.001748667200000E+02   6.510416925400000E+03   7.698697478000000E-04
   7.509937596100000E-06   6.232556476700000E-02   1.000000000000000E+00   1.000000000000000E+00   7.723224514600000E-04  -2.001748515000000E+02   6.510416925400000E+03   7.723224514600000E-04
   7.557694391400000E-06   6.252341620300000E-02   1.000000000000000E+00   1.000000000000000E+00   7.747741961200000E-04  -2.001748362200000E+02   6.510416925400000E+03   7.747741961200000E-04
   7.605602543100000E-06   6.272126756700000E-02   1.000000000000000E+00   1.000000000000000E+00   7.772259400900000E-04  -2.001748209100000E+02   6.510416925400000E+03   7.772259400900000E-04
   7.653662043100000E-06   6.291868293600000E-02   1.000000000000000E+00   1.000000000000000E+00   7.796776442800000E-04  -2.001748055400000E+02   6.510416925400000E+03   7.796776442800000E-04
   7.701872911800000E-06   6.311653279100000E-02   1.000000000000000E+00   1.000000000000000E+00   7.821293867399999E-04  -2.001747901200000E+02   6.510416925400000E+03   7.821293867399999E-04
   7.750235128099999E-06   6.331438257400000E-02   1.000000000000000E+00   1.000000000000000E+00   7.845811285000000E-04  -2.001747746600000E+02   6.510416925400000E+03   7.845811285000000E-04
   7.798748702400000E-06   6.351276720900000E-02   1.000000000000000E+00   1.000000000000000E+00   7.870222615000000E-04  -2.001747591600000E+02   6.510416925400000E+03   7.870222615000000E-04
   7.847413628699999E-06   6.371061850900001E-02   1.000000000000000E+00   1.000000000000000E+00   7.894739688100000E-04  -2.001747436000000E+02   6.510416925400000E+03   7.894739688100000E-04
   7.896229909499999E-06   6.390846973700000E-02   1.000000000000000E+00   1.000000000000000E+00   7.919256754199999E-04  -2.001747279900000E+02   6.510416925400000E+03   7.919256754199999E-04
   7.945197548000000E-06   6.410627060800000E-02   1.000000000000000E+00   1.000000000000000E+00   7.943819619400000E-04  -2.001747123200000E+02   6.510416925400000E+03   7.943819619400000E-04
   7.994316539000000E-06   6.430412153700001E-02   1.000000000000000E+00   1.000000000000000E+00   7.968336812800000E-04  -2.001746966100000E+02   6.510416925400000E+03   7.968336812800000E-04
   8.043586883500000E-06   6.450197239200001E-02   1.000000000000000E+00   1.000000000000000E+00   7.992853999000000E-04  -2.001746808600000E+02   6.510416925400000E+03   7.992853999000000E-04
   8.093008587600000E-06   6.469880261200001E-02   1.000000000000000E+00   1.000000000000000E+00   8.017443772700000E-04  -2.001746650600000E+02   6.510416925400000E+03   8.017443772700000E-04
   8.142581639100000E-06   6.489665019400000E-02   1.000000000000000E+00   1.000000000000000E+00   8.041961166700000E-04  -2.001746492000000E+02   6.510416925400000E+03   8.041961166700000E-04
   8.192306042499999E-06   6.509449770200000E-02   1.000000000000000E+00   1.000000000000000E+00   8.066478553500000E-04  -2.001746333100000E+02   6.510416925400000E+03   8.066478553500000E-04
   8.242181807500000E-06   6.529062080700000E-02   1.000000000000000E+00   1.000000000000000E+00   8.090947661900000E-04  -2.001746173600000E+02   6.510416925400000E+03   8.090947661900000E-04
   8.292208918600000E-06   6.548846293799999E-02   1.000000000000000E+00   1.000000000000000E+00   8.115464888000001E-04  -2.001746013600000E+02   6.510416925400000E+03   8.115464888000001E-04
   8.342387387100001E-06   6.568630499399999E-02   1.000000000000000E+00   1.000000000000000E+00   8.139982106900000E-04  -2.001745853200000E+02   6.510416925400000E+03   8.139982106900000E-04
   8.392717209400000E-06   6.588698732700000E-02   1.000000000000000E+00   1.000000000000000E+00   8.164389730900000E-04  -2.001745692200000E+02   6.510416925400000E+03   8.164389730900000E-04
   8.443198390500000E-06   6.608483776900000E-02   1.000000000000000E+00   1.000000000000000E+00   8.188906606200000E-04  -2.001745530800000E+02   6.510416925400000E+03   8.188906606200000E-04
   8.493830916700000E-06   6.628268813500000E-02   1.000000000000000E+00   1.000000000000000E+00   8.213423474100000E-04  -2.001745368900000E+02   6.510416925400000E+03   8.213423474100000E-04
   8.544614794600000E-06   6.647808362600000E-02   1.000000000000000E+00   1.000000000000000E+00   8.237949597900000E-04  -2.001745206600000E+02   6.510416925400000E+03   8.237949597900000E-04
   8.595550029800001E-06   6.667592652900001E-02   1.000000000000000E+00   1.000000000000000E+00   8.262466478700000E-04  -2.001745043700000E+02   6.510416925400000E+03   8.262466478700000E-04
   8.646636620100000E-06   6.687376935700000E-02   1.000000000000000E+00   1.000000000000000E+00   8.286983352200000E-04  -2.001744880400000E+02   6.510416925400000E+03   8.286983352200000E-04
   8.697874560100000E-06   6.707407606000000E-02   1.000000000000000E+00   1.000000000000000E+00   8.311376661500000E-04  -2.001744716600000E+02   6.510416925400000E+03   8.311376661500000E-04
   8.749263853100000E-06   6.727192600800000E-02   1.000000000000000E+00   1.000000000000000E+00   8.335893155800000E-04  -2.001744552300000E+02   6.510416925400000E+03   8.335893155800000E-04
   8.800804499600000E-06   6.746977588000000E-02   1.000000000000000E+00   1.000000000000000E+00   8.360409642600000E-04  -2.001744387500000E+02   6.510416925400000E+03   8.360409642600000E-04
   8.852496494999999E-06   6.766759311900000E-02   1.000000000000000E+00   1.000000000000000E+00   8.385192869400000E-04  -2.001744222200000E+02   6.510416925400000E+03   8.385192869400000E-04
   8.904339845900000E-06   6.786544274400000E-02   1.000000000000000E+00   1.000000000000000E+00   8.409710121299999E-04  -2.001744056400000E+02   6.510416925400000E+03   8.409710121299999E-04
   8.956334543600000E-06   6.806329229100000E-02   1.000000000000000E+00   1.000000000000000E+00   8.434227365600000E-04  -2.001743890100000E+02   6.510416925400000E+03   8.434227365600000E-04
   9.008480598300000E-06   6.826114102200000E-02   1.000000000000000E+00   1.000000000000000E+00   8.458757003300000E-04  -2.001743723400000E+02   6.510416925400000E+03   8.458757003300000E-04
   9.060778005199999E-06   6.845899040900000E-02   1.000000000000000E+00   1.000000000000000E+00   8.483274268500000E-04  -2.001743556200000E+02   6.510416925400000E+03   8.483274268500000E-04
   9.113226757899999E-06   6.865683971800000E-02   1.000000000000000E+00   1.000000000000000E+00   8.507791526100000E-04  -2.001743388500000E+02   6.510416925400000E+03   8.507791526100000E-04
   9.165826867800000E-06   6.885366808100001E-02   1.000000000000000E+00   1.000000000000000E+00   8.532288848499999E-04  -2.001743220300000E+02   6.510416925400000E+03   8.532288848499999E-04
   9.218578327700000E-06   6.905151430600000E-02   1.000000000000000E+00   1.000000000000000E+00   8.556806033700000E-04  -2.001743051600000E+02   6.510416925400000E+03   8.556806033700000E-04
   9.271481140899999E-06   6.924936045200000E-02   1.000000000000000E+00   1.000000000000000E+00   8.581323211300000E-04  -2.001742882400000E+02   6.510416925400000E+03   8.581323211300000E-04
   9.324535295700001E-06   6.944799003900000E-02   1.000000000000000E+00   1.000000000000000E+00   8.605839879600000E-04  -2.001742712700000E+02   6.510416925400000E+03   8.605839879600000E-04
   9.377740808100001E-06   6.964583825200001E-02   1.000000000000000E+00   1.000000000000000E+00   8.630357040400000E-04  -2.001742542600000E+02   6.510416925400000E+03   8.630357040400000E-04
   9.431097671999999E-06   6.984368638600000E-02   1.000000000000000E+00   1.000000000000000E+00   8.654874193600000E-04  -2.001742372000000E+02   6.510416925400000E+03   8.654874193600000E-04
   9.484605886900001E-06   7.004142261900000E-02   1.000000000000000E+00   1.000000000000000E+00   8.679297753100000E-04  -2.001742200900000E+02   6.510416925400000E+03   8.679297753100000E-04
   9.538265448500001E-06   7.023927028300000E-02   1.000000000000000E+00   1.000000000000000E+00   8.703814626400000E-04  -2.001742029400000E+02   6.510416925400000E+03   8.703814626400000E-04
   9.592076365900000E-06   7.043711786699999E-02   1.000000000000000E+00   1.000000000000000E+00   8.728331491900000E-04  -2.001741857300000E+02   6.510416925400000E+03   8.728331491900000E-04
   9.646038630800001E-06   7.063539759100000E-02   1.000000000000000E+00   1.000000000000000E+00   8.752961821000000E-04  -2.001741684700000E+02   6.510416925400000E+03   8.752961821000000E-04
   9.700152244200000E-06   7.083324622200000E-02   1.000000000000000E+00   1.000000000000000E+00   8.777478988800000E-04  -2.001741511700000E+02   6.510416925400000E+03   8.777478988800000E-04
   9.754417209000000E-06   7.103109477300000E-02   1.000000000000000E+00   1.000000000000000E+00   8.801996148800000E-04  -2.001741338200000E+02   6.510416925400000E+03   8.801996148800000E-04
   9.808833524800000E-06   7.122853537600000E-02   1.000000000000000E+00   1.000000000000000E+00   8.826246747900000E-04  -2.001741164300000E+02   6.510416925400000E+03   8.826246747900000E-04
   9.863401191900001E-06   7.142638263400000E-02   1.000000000000000E+00   1.000000000000000E+00   8.850763151800000E-04  -2.001740989800000E+02   6.510416925400000E+03   8.850763151800000E-04
   9.918120204800001E-06   7.162422981000000E-02   1.000000000000000E+00   1.000000000000000E+00   8.875279547700000E-04  -2.001740814800000E+02   6.510416925400000E+03   8.875279547700000E-04
   9.972990565299999E-06   7.182205170200000E-02   1.000000000000000E+00   1.000000000000000E+00   8.900039523600000E-04  -2.001740639300000E+02   6.510416925400000E+03   8.900039523600000E-04
   1.002801228200000E-05   7.201989863900000E-02   1.000000000000000E+00   1.000000000000000E+00   8.924556574800000E-04  -2.001740463400000E+02   6.510416925400000E+03   8.924556574800000E-04
   1.008318534000000E-05   7.221774549300000E-02   1.000000000000000E+00   1.000000000000000E+00   8.949073618000000E-04  -2.001740287000000E+02   6.510416925400000E+03   8.949073618000000E-04
   1.013850974900000E-05   7.241505715000000E-02   1.000000000000000E+00   1.000000000000000E+00   8.973614744099999E-04  -2.001740110100000E+02   6.510416925400000E+03   8.973614744099999E-04
   1.019398550800000E-05   7.261290238600000E-02   1.000000000000000E+00   1.000000000000000E+00   8.998131837200000E-04  -2.001739932700000E+02   6.510416925400000E+03   8.998131837200000E-04
   1.024961261500000E-05   7.281074753900001E-02   1.000000000000000E+00   1.000000000000000E+00   9.022648922200000E-04  -2.001739754900000E+02   6.510416925400000E+03   9.022648922200000E-04
   1.030539107600000E-05   7.300893144600000E-02   1.000000000000000E+00   1.000000000000000E+00   9.047138377100000E-04  -2.001739576500000E+02   6.510416925400000E+03   9.047138377100000E-04
   1.036132087900000E-05   7.320677734200000E-02   1.000000000000000E+00   1.000000000000000E+00   9.071655371200000E-04  -2.001739397600000E+02   6.510416925400000E+03   9.071655371200000E-04
   1.041740202800000E-05   7.340462315400000E-02   1.000000000000000E+00   1.000000000000000E+00   9.096172357100000E-04  -2.001739218300000E+02   6.510416925400000E+03   9.096172357100000E-04
   1.047363453200000E-05   7.360263108400000E-02   1.000000000000000E+00   1.000000000000000E+00   9.120681422000000E-04  -2.001739038500000E+02   6.510416925400000E+03   9.120681422000000E-04
   1.053001838100000E-05   7.380047716500000E-02   1.000000000000000E+00   1.000000000000000E+00   9.145198370400000E-04  -2.001738858300000E+02   6.510416925400000E+03   9.145198370400000E-04
   1.058655357400000E-05   7.399832316299999E-02   1.000000000000000E+00   1.000000000000000E+00   9.169715310700000E-04  -2.001738677500000E+02   6.510416925400000E+03   9.169715310700000E-04
   1.064324012000000E-05   7.419644227900000E-02   1.000000000000000E+00   1.000000000000000E+00   9.194269998200000E-04  -2.001738496200000E+02   6.510416925400000E+03   9.194269998200000E-04
   1.070007800800000E-05   7.439428883700000E-02   1.000000000000000E+00   1.000000000000000E+00   9.218787022800000E-04  -2.001738314500000E+02   6.510416925400000E+03   9.218787022800000E-04
   1.075706724900000E-05   7.459213531000000E-02   1.000000000000000E+00   1.000000000000000E+00   9.243304039200000E-04  -2.001738132300000E+02   6.510416925400000E+03   9.243304039200000E-04
   1.081420783600000E-05   7.478923974000000E-02   1.000000000000000E+00   1.000000000000000E+00   9.267771437700000E-04  -2.001737949500000E+02   6.510416925400000E+03   9.267771437700000E-04
   1.087149977200000E-05   7.498708407700000E-02   1.000000000000000E+00   1.000000000000000E+00   9.292288306300000E-04  -2.001737766400000E+02   6.510416925400000E+03   9.292288306300000E-04
   1.092894304600000E-05   7.518492832900001E-02   1.000000000000000E+00   1.000000000000000E+00   9.316805166600000E-04  -2.001737582700000E+02   6.510416925400000E+03   9.316805166600000E-04
   1.098653767300000E-05   7.538111517000000E-02   1.000000000000000E+00   1.000000000000000E+00   9.341377079500000E-04  -2.001737398500000E+02   6.510416925400000E+03   9.341377079500000E-04
   1.104428364800000E-05   7.557895491400000E-02   1.000000000000000E+00   1.000000000000000E+00   9.365894067800000E-04  -2.001737213900000E+02   6.510416925400000E+03   9.365894067800000E-04
   1.110218096700000E-05   7.577679457200000E-02   1.000000000000000E+00   1.000000000000000E+00   9.390411047700000E-04  -2.001737028700000E+02   6.510416925400000E+03   9.390411047700000E-04
   1.116022963600000E-05   7.597692729900000E-02   1.000000000000000E+00   1.000000000000000E+00   9.414922932400000E-04  -2.001736843100000E+02   6.510416925400000E+03   9.414922932400000E-04
   1.121842964700000E-05   7.617477274999999E-02   1.000000000000000E+00   1.000000000000000E+00   9.439439882200000E-04  -2.001736657100000E+02   6.510416925400000E+03   9.439439882200000E-04
   1.127678100400000E-05   7.637261811399999E-02   1.000000000000000E+00   1.000000000000000E+00   9.463956823700000E-04  -2.001736470500000E+02   6.510416925400000E+03   9.463956823700000E-04
   1.133528370900000E-05   7.657033768300001E-02   1.000000000000000E+00   1.000000000000000E+00   9.488141217600000E-04  -2.001736283600000E+02   6.510416925400000E+03   9.488141217600000E-04
   1.139393775500000E-05   7.676818254100000E-02   1.000000000000000E+00   1.000000000000000E+00   9.512657283000000E-04  -2.001736096000000E+02   6.510416925400000E+03   9.512657283000000E-04
   1.145274314900000E-05   7.696602731200000E-02   1.000000000000000E+00   1.000000000000000E+00   9.537173339800000E-04  -2.001735908000000E+02   6.510416925400000E+03   9.537173339800000E-04
   1.151169989600000E-05   7.716090323200001E-02   1.000000000000000E+00   1.000000000000000E+00   9.562017114500000E-04  -2.001735719300000E+02   6.510416925400000E+03   9.562017114500000E-04
   1.157080797600000E-05   7.735874022899999E-02   1.000000000000000E+00   1.000000000000000E+00   9.586533994600000E-04  -2.001735530400000E+02   6.510416925400000E+03   9.586533994600000E-04
   1.163006740900000E-05   7.755657713700000E-02   1.000000000000000E+00   1.000000000000000E+00   9.611050866100000E-04  -2.001735340900000E+02   6.510416925400000E+03   9.611050866100000E-04
   1.168947818400000E-05   7.775599035800000E-02   1.000000000000000E+00   1.000000000000000E+00   9.635549379600000E-04  -2.001735150900000E+02   6.510416925400000E+03   9.635549379600000E-04
   1.174904030400000E-05   7.795383109800000E-02   1.000000000000000E+00   1.000000000000000E+00   9.660066187300000E-04  -2.001734960500000E+02   6.510416925400000E+03   9.660066187300000E-04
   1.180875377100000E-05   7.815167174900001E-02   1.000000000000000E+00   1.000000000000000E+00   9.684582986400000E-04  -2.001734769500000E+02   6.510416925400000E+03   9.684582986400000E-04
   1.186861857800000E-05   7.835034944900000E-02   1.000000000000000E+00   1.000000000000000E+00   9.708906788400000E-04  -2.001734578100000E+02   6.510416925400000E+03   9.708906788400000E-04
   1.192863473200000E-05   7.854819203400000E-02   1.000000000000000E+00   1.000000000000000E+00   9.733423082900000E-04  -2.001734386200000E+02   6.510416925400000E+03   9.733423082900000E-04
   1.198880223100000E-05   7.874603452900000E-02   1.000000000000000E+00   1.000000000000000E+00   9.757939368700000E-04  -2.001734193800000E+02   6.510416925400000E+03   9.757939368700000E-04
   1.204912107000000E-05   7.894502388700000E-02   1.000000000000000E+00   1.000000000000000E+00   9.782522902000001E-04  -2.001734001000000E+02   6.510416925400000E+03   9.782522902000001E-04
   1.210959125800000E-05   7.914286907199999E-02   1.000000000000000E+00   1.000000000000000E+00   9.807039338899999E-04  -2.001733807600000E+02   6.510416925400000E+03   9.807039338899999E-04
   1.217021278400000E-05   7.934071416600000E-02   1.000000000000000E+00   1.000000000000000E+00   9.831555767099999E-04  -2.001733613800000E+02   6.510416925400000E+03   9.831555767099999E-04
   1.223098566100000E-05   7.953518135000000E-02   1.000000000000000E+00   1.000000000000000E+00   9.856197086100000E-04  -2.001733419500000E+02   6.510416925400000E+03   9.856197086100000E-04
   1.229190987200000E-05   7.973301787100000E-02   1.000000000000000E+00   1.000000000000000E+00   9.880713807500000E-04  -2.001733224700000E+02   6.510416925400000E+03   9.880713807500000E-04
   1.235298543400000E-05   7.993085430100000E-02   1.000000000000000E+00   1.000000000000000E+00   9.905230520000001E-04  -2.001733029400000E+02   6.510416925400000E+03   9.905230520000001E-04
   1.241421233500000E-05   8.013004579700000E-02   1.000000000000000E+00   1.000000000000000E+00   9.929715473999999E-04  -2.001732833600000E+02   6.510416925400000E+03   9.929715473999999E-04
   1.247559057900000E-05   8.032788538799999E-02   1.000000000000000E+00   1.000000000000000E+00   9.954232090500000E-04  -2.001732637400000E+02   6.510416925400000E+03   9.954232090500000E-04
   1.253712016700000E-05   8.052572488800000E-02   1.000000000000000E+00   1.000000000000000E+00   9.978748698100000E-04  -2.001732440600000E+02   6.510416925400000E+03   9.978748698100000E-04
   1.259880110100000E-05   8.072453715199999E-02   1.000000000000000E+00   1.000000000000000E+00   1.000333443300000E-03  -2.001732243300000E+02   6.510416925400000E+03   1.000333443300000E-03
   1.266063337300000E-05   8.092237883800001E-02   1.000000000000000E+00   1.000000000000000E+00   1.002785119300000E-03  -2.001732045600000E+02   6.510416925400000E+03   1.002785119300000E-03
   1.272261698700000E-05   8.112022043200000E-02   1.000000000000000E+00   1.000000000000000E+00   1.005236794300000E-03  -2.001731847400000E+02   6.510416925400000E+03   1.005236794300000E-03
   1.278475194000000E-05   8.131889512800000E-02   1.000000000000000E+00   1.000000000000000E+00   1.007685066600000E-03  -2.001731648800000E+02   6.510416925400000E+03   1.007685066600000E-03
   1.284703823900000E-05   8.151673857199999E-02   1.000000000000000E+00   1.000000000000000E+00   1.010136731600000E-03  -2.001731449600000E+02   6.510416925400000E+03   1.010136731600000E-03
   1.290947588000000E-05   8.171458192400000E-02   1.000000000000000E+00   1.000000000000000E+00   1.012588395600000E-03  -2.001731250000000E+02   6.510416925400000E+03   1.012588395600000E-03
   1.297206486600000E-05   8.191200075000001E-02   1.000000000000000E+00   1.000000000000000E+00   1.015029523300000E-03  -2.001731049800000E+02   6.510416925400000E+03   1.015029523300000E-03
   1.303480519000000E-05   8.210984289200000E-02   1.000000000000000E+00   1.000000000000000E+00   1.017481160100000E-03  -2.001730849200000E+02   6.510416925400000E+03   1.017481160100000E-03
   1.309769685200000E-05   8.230768494000000E-02   1.000000000000000E+00   1.000000000000000E+00   1.019932796000000E-03  -2.001730648100000E+02   6.510416925400000E+03   1.019932796000000E-03
   1.316073986200000E-05   8.250621084199999E-02   1.000000000000000E+00   1.000000000000000E+00   1.022381285700000E-03  -2.001730446600000E+02   6.510416925400000E+03   1.022381285700000E-03
   1.322393420600000E-05   8.270405433700000E-02   1.000000000000000E+00   1.000000000000000E+00   1.024832912200000E-03  -2.001730244500000E+02   6.510416925400000E+03   1.024832912200000E-03
   1.328727989300000E-05   8.290189773800000E-02   1.000000000000000E+00   1.000000000000000E+00   1.027284537900000E-03  -2.001730042000000E+02   6.510416925400000E+03   1.027284537900000E-03
   1.335077692200000E-05   8.309563104400000E-02   1.000000000000000E+00   1.000000000000000E+00   1.029746916900000E-03  -2.001729838900000E+02   6.510416925400000E+03   1.029746916900000E-03
   1.341442529300000E-05   8.329346445800000E-02   1.000000000000000E+00   1.000000000000000E+00   1.032198566300000E-03  -2.001729635400000E+02   6.510416925400000E+03   1.032198566300000E-03
   1.347822500300000E-05   8.349129777800000E-02   1.000000000000000E+00   1.000000000000000E+00   1.034650214800000E-03  -2.001729431400000E+02   6.510416925400000E+03   1.034650214800000E-03
   1.354217604900000E-05   8.368983020900000E-02   1.000000000000000E+00   1.000000000000000E+00   1.037099371000000E-03  -2.001729227000000E+02   6.510416925400000E+03   1.037099371000000E-03
   1.360627844000000E-05   8.388766499200000E-02   1.000000000000000E+00   1.000000000000000E+00   1.039551011700000E-03  -2.001729022100000E+02   6.510416925400000E+03   1.039551011700000E-03
   1.367053216400000E-05   8.408549967900000E-02   1.000000000000000E+00   1.000000000000000E+00   1.042002651500000E-03  -2.001728816600000E+02   6.510416925400000E+03   1.042002651500000E-03
   1.373493723400000E-05   8.428565365000000E-02   1.000000000000000E+00   1.000000000000000E+00   1.044462511100000E-03  -2.001728610600000E+02   6.510416925400000E+03   1.044462511100000E-03
   1.379949364100000E-05   8.448349359399999E-02   1.000000000000000E+00   1.000000000000000E+00   1.046914168300000E-03  -2.001728404200000E+02   6.510416925400000E+03   1.046914168300000E-03
   1.386420139100000E-05   8.468133344200000E-02   1.000000000000000E+00   1.000000000000000E+00   1.049365824600000E-03  -2.001728197300000E+02   6.510416925400000E+03   1.049365824600000E-03
   1.392906047300000E-05   8.487717168000000E-02   1.000000000000000E+00   1.000000000000000E+00   1.051813584500000E-03  -2.001727989900000E+02   6.510416925400000E+03   1.051813584500000E-03
   1.399407089600000E-05   8.507500666400000E-02   1.000000000000000E+00   1.000000000000000E+00   1.054265229900000E-03  -2.001727782000000E+02   6.510416925400000E+03   1.054265229900000E-03
   1.405923266400000E-05   8.527284155200000E-02   1.000000000000000E+00   1.000000000000000E+00   1.056716874300000E-03  -2.001727573700000E+02   6.510416925400000E+03   1.056716874300000E-03
   1.412454576600000E-05   8.547375319099999E-02   1.000000000000000E+00   1.000000000000000E+00   1.059133289000000E-03  -2.001727364900000E+02   6.510416925400000E+03   1.059133289000000E-03
   1.419001020500000E-05   8.567159501400000E-02   1.000000000000000E+00   1.000000000000000E+00   1.061584849900000E-03  -2.001727155600000E+02   6.510416925400000E+03   1.061584849900000E-03
   1.425562597900000E-05   8.586943674000000E-02   1.000000000000000E+00   1.000000000000000E+00   1.064036410000000E-03  -2.001726945700000E+02   6.510416925400000E+03   1.064036410000000E-03
   1.432139310100000E-05   8.606366719200000E-02   1.000000000000000E+00   1.000000000000000E+00   1.066527914500000E-03  -2.001726735400000E+02   6.510416925400000E+03   1.066527914500000E-03
   1.438731155500000E-05   8.626150043500000E-02   1.000000000000000E+00   1.000000000000000E+00   1.068979564500000E-03  -2.001726524600000E+02   6.510416925400000E+03   1.068979564500000E-03
   1.445338134900000E-05   8.645933357900000E-02   1.000000000000000E+00   1.000000000000000E+00   1.071431213500000E-03  -2.001726313400000E+02   6.510416925400000E+03   1.071431213500000E-03
   1.451960247800000E-05   8.666041890999999E-02   1.000000000000000E+00   1.000000000000000E+00   1.073878252200000E-03  -2.001726101700000E+02   6.510416925400000E+03   1.073878252200000E-03
   1.458597494900000E-05   8.685825926600001E-02   1.000000000000000E+00   1.000000000000000E+00   1.076329888700000E-03  -2.001725889500000E+02   6.510416925400000E+03   1.076329888700000E-03
   1.465249875400000E-05   8.705609952300000E-02   1.000000000000000E+00   1.000000000000000E+00   1.078781524400000E-03  -2.001725676700000E+02   6.510416925400000E+03   1.078781524400000E-03
   1.471917389700000E-05   8.725034473000000E-02   1.000000000000000E+00   1.000000000000000E+00   1.081235281100000E-03  -2.001725463500000E+02   6.510416925400000E+03   1.081235281100000E-03
   1.478600037500000E-05   8.744817662800000E-02   1.000000000000000E+00   1.000000000000000E+00   1.083686919600000E-03  -2.001725249900000E+02   6.510416925400000E+03   1.083686919600000E-03
   1.485297818600000E-05   8.764600842600000E-02   1.000000000000000E+00   1.000000000000000E+00   1.086138557200000E-03  -2.001725035700000E+02   6.510416925400000E+03   1.086138557200000E-03
   1.492010734200000E-05   8.784718041200000E-02   1.000000000000000E+00   1.000000000000000E+00   1.088588974700000E-03  -2.001724821100000E+02   6.510416925400000E+03   1.088588974700000E-03
   1.498738783100000E-05   8.804501954000001E-02   1.000000000000000E+00   1.000000000000000E+00   1.091040607600000E-03  -2.001724605900000E+02   6.510416925400000E+03   1.091040607600000E-03
   1.505481965400000E-05   8.824285856800000E-02   1.000000000000000E+00   1.000000000000000E+00   1.093492239500000E-03  -2.001724390300000E+02   6.510416925400000E+03   1.093492239500000E-03
   1.512240281400000E-05   8.843750122400000E-02   1.000000000000000E+00   1.000000000000000E+00   1.095941245600000E-03  -2.001724174200000E+02   6.510416925400000E+03   1.095941245600000E-03
   1.519013731000000E-05   8.863533289200000E-02   1.000000000000000E+00   1.000000000000000E+00   1.098392869700000E-03  -2.001723957600000E+02   6.510416925400000E+03   1.098392869700000E-03
   1.525802314200000E-05   8.883316446000000E-02   1.000000000000000E+00   1.000000000000000E+00   1.100844492700000E-03  -2.001723740600000E+02   6.510416925400000E+03   1.100844492700000E-03
   1.532606030700000E-05   8.903460826700001E-02   1.000000000000000E+00   1.000000000000000E+00   1.103295210700000E-03  -2.001723523100000E+02   6.510416925400000E+03   1.103295210700000E-03
   1.539424881400000E-05   8.923244766800000E-02   1.000000000000000E+00   1.000000000000000E+00   1.105746829800000E-03  -2.001723305100000E+02   6.510416925400000E+03   1.105746829800000E-03
   1.546258865200000E-05   8.943028696700001E-02   1.000000000000000E+00   1.000000000000000E+00   1.108198447900000E-03  -2.001723086500000E+02   6.510416925400000E+03   1.108198447900000E-03
   1.553107982100000E-05   8.962766656899999E-02   1.000000000000000E+00   1.000000000000000E+00   1.110643994000000E-03  -2.001722867500000E+02   6.510416925400000E+03   1.110643994000000E-03
   1.559972233100000E-05   8.982550464700000E-02   1.000000000000000E+00   1.000000000000000E+00   1.113095596800000E-03  -2.001722648000000E+02   6.510416925400000E+03   1.113095596800000E-03
   1.566851617900000E-05   9.002334262300001E-02   1.000000000000000E+00   1.000000000000000E+00   1.115547198500000E-03  -2.001722428100000E+02   6.510416925400000E+03   1.115547198500000E-03
   1.573746135100000E-05   9.022148071800000E-02   1.000000000000000E+00   1.000000000000000E+00   1.118009766800000E-03  -2.001722207700000E+02   6.510416925400000E+03   1.118009766800000E-03
   1.580655786000000E-05   9.041931914800000E-02   1.000000000000000E+00   1.000000000000000E+00   1.120461390700000E-03  -2.001721986800000E+02   6.510416925400000E+03   1.120461390700000E-03
   1.587580571000000E-05   9.061715747400000E-02   1.000000000000000E+00   1.000000000000000E+00   1.122913013500000E-03  -2.001721765300000E+02   6.510416925400000E+03   1.122913013500000E-03
   1.594520488700000E-05   9.081530096400001E-02   1.000000000000000E+00   1.000000000000000E+00   1.125321941800000E-03  -2.001721543500000E+02   6.510416925400000E+03   1.125321941800000E-03
   1.601475540200000E-05   9.101313975000000E-02   1.000000000000000E+00   1.000000000000000E+00   1.127773469600000E-03  -2.001721321100000E+02   6.510416925400000E+03   1.127773469600000E-03
   1.608445724700000E-05   9.121097843200000E-02   1.000000000000000E+00   1.000000000000000E+00   1.130224996400000E-03  -2.001721098200000E+02   6.510416925400000E+03   1.130224996400000E-03
   1.615431042100000E-05   9.140774081000000E-02   1.000000000000000E+00   1.000000000000000E+00   1.132706233100000E-03  -2.001720874800000E+02   6.510416925400000E+03   1.132706233100000E-03
   1.622431493300000E-05   9.160557695000000E-02   1.000000000000000E+00   1.000000000000000E+00   1.135157822200000E-03  -2.001720651000000E+02   6.510416925400000E+03   1.135157822200000E-03
   1.629447077400000E-05   9.180341298600000E-02   1.000000000000000E+00   1.000000000000000E+00   1.137609410200000E-03  -2.001720426700000E+02   6.510416925400000E+03   1.137609410200000E-03
   1.636477796000000E-05   9.200210890700000E-02   1.000000000000000E+00   1.000000000000000E+00   1.140075712300000E-03  -2.001720201800000E+02   6.510416925400000E+03   1.140075712300000E-03
   1.643523647000000E-05   9.219994659600000E-02   1.000000000000000E+00   1.000000000000000E+00   1.142527330000000E-03  -2.001719976500000E+02   6.510416925400000E+03   1.142527330000000E-03
   1.650584631000000E-05   9.239778417900001E-02   1.000000000000000E+00   1.000000000000000E+00   1.144978946700000E-03  -2.001719750700000E+02   6.510416925400000E+03   1.144978946700000E-03
   1.657660748700000E-05   9.259424380500000E-02   1.000000000000000E+00   1.000000000000000E+00   1.147418990900000E-03  -2.001719524600000E+02   6.510416925400000E+03   1.147418990900000E-03
   1.664751999500000E-05   9.279207823900000E-02   1.000000000000000E+00   1.000000000000000E+00   1.149870580800000E-03  -2.001719297800000E+02   6.510416925400000E+03   1.149870580800000E-03
   1.671858383600000E-05   9.298991256600000E-02   1.000000000000000E+00   1.000000000000000E+00   1.152322169700000E-03  -2.001719070600000E+02   6.510416925400000E+03   1.152322169700000E-03
   1.678979900600000E-05   9.318959473900000E-02   1.000000000000000E+00   1.000000000000000E+00   1.154786966000000E-03  -2.001718842800000E+02   6.510416925400000E+03   1.154786966000000E-03
   1.686116550600000E-05   9.338743277000000E-02   1.000000000000000E+00   1.000000000000000E+00   1.157238580800000E-03  -2.001718614700000E+02   6.510416925400000E+03   1.157238580800000E-03
   1.693268333900000E-05   9.358527069300000E-02   1.000000000000000E+00   1.000000000000000E+00   1.159690194700000E-03  -2.001718386000000E+02   6.510416925400000E+03   1.159690194700000E-03
   1.700435250700000E-05   9.378276537900000E-02   1.000000000000000E+00   1.000000000000000E+00   1.162123123500000E-03  -2.001718156900000E+02   6.510416925400000E+03   1.162123123500000E-03
   1.707617300100000E-05   9.398060236899999E-02   1.000000000000000E+00   1.000000000000000E+00   1.164574695800000E-03  -2.001717927200000E+02   6.510416925400000E+03   1.164574695800000E-03
   1.714814483100000E-05   9.417843925100000E-02   1.000000000000000E+00   1.000000000000000E+00   1.167026267100000E-03  -2.001717697100000E+02   6.510416925400000E+03   1.167026267100000E-03
   1.722026798300000E-05   9.437468025200001E-02   1.000000000000000E+00   1.000000000000000E+00   1.169494948300000E-03  -2.001717466400000E+02   6.510416925400000E+03   1.169494948300000E-03
   1.729254247200000E-05   9.457251356000000E-02   1.000000000000000E+00   1.000000000000000E+00   1.171946553400000E-03  -2.001717235300000E+02   6.510416925400000E+03   1.171946553400000E-03
   1.736496829100000E-05   9.477034675899999E-02   1.000000000000000E+00   1.000000000000000E+00   1.174398157400000E-03  -2.001717003800000E+02   6.510416925400000E+03   1.174398157400000E-03
   1.743754544100000E-05   9.496822729399999E-02   1.000000000000000E+00   1.000000000000000E+00   1.176849441500000E-03  -2.001716771700000E+02   6.510416925400000E+03   1.176849441500000E-03
   1.751027391600000E-05   9.516606039599999E-02   1.000000000000000E+00   1.000000000000000E+00   1.179301042800000E-03  -2.001716539100000E+02   6.510416925400000E+03   1.179301042800000E-03
   1.758315372000000E-05   9.536389339000000E-02   1.000000000000000E+00   1.000000000000000E+00   1.181752643000000E-03  -2.001716306100000E+02   6.510416925400000E+03   1.181752643000000E-03
   1.765618485900000E-05   9.556358310900000E-02   1.000000000000000E+00   1.000000000000000E+00   1.184191524300000E-03  -2.001716072700000E+02   6.510416925400000E+03   1.184191524300000E-03
   1.772936732600000E-05   9.576141971700000E-02   1.000000000000000E+00   1.000000000000000E+00   1.186643096100000E-03  -2.001715838700000E+02   6.510416925400000E+03   1.186643096100000E-03
   1.780270112100000E-05   9.595925621600000E-02   1.000000000000000E+00   1.000000000000000E+00   1.189094666800000E-03  -2.001715604200000E+02   6.510416925400000E+03   1.189094666800000E-03
   1.787618624600000E-05   9.615664444300000E-02   1.000000000000000E+00   1.000000000000000E+00   1.191515877400000E-03  -2.001715369300000E+02   6.510416925400000E+03   1.191515877400000E-03
   1.794982270000000E-05   9.635447979800001E-02   1.000000000000000E+00   1.000000000000000E+00   1.193967383500000E-03  -2.001715133900000E+02   6.510416925400000E+03   1.193967383500000E-03
   1.802361048300000E-05   9.655231504200000E-02   1.000000000000000E+00   1.000000000000000E+00   1.196418888600000E-03  -2.001714897900000E+02   6.510416925400000E+03   1.196418888600000E-03
   1.809754958800000E-05   9.675043336100000E-02   1.000000000000000E+00   1.000000000000000E+00   1.198902747300000E-03  -2.001714661400000E+02   6.510416925400000E+03   1.198902747300000E-03
   1.817164002400000E-05   9.694826896600001E-02   1.000000000000000E+00   1.000000000000000E+00   1.201354316400000E-03  -2.001714424500000E+02   6.510416925400000E+03   1.201354316400000E-03
   1.824588179000000E-05   9.714610445999999E-02   1.000000000000000E+00   1.000000000000000E+00   1.203805884500000E-03  -2.001714187100000E+02   6.510416925400000E+03   1.203805884500000E-03
   1.832027488000000E-05   9.734410755099999E-02   1.000000000000000E+00   1.000000000000000E+00   1.206262435500000E-03  -2.001713949200000E+02   6.510416925400000E+03   1.206262435500000E-03
   1.839481930300000E-05   9.754194316500001E-02   1.000000000000000E+00   1.000000000000000E+00   1.208714011500000E-03  -2.001713710900000E+02   6.510416925400000E+03   1.208714011500000E-03
   1.846951505100000E-05   9.773977866899999E-02   1.000000000000000E+00   1.000000000000000E+00   1.211165586500000E-03  -2.001713472000000E+02   6.510416925400000E+03   1.211165586500000E-03
   1.854436212500000E-05   9.793686550700000E-02   1.000000000000000E+00   1.000000000000000E+00   1.213620844900000E-03  -2.001713232700000E+02   6.510416925400000E+03   1.213620844900000E-03
   1.861936053000000E-05   9.813469927000000E-02   1.000000000000000E+00   1.000000000000000E+00   1.216072425100000E-03  -2.001712992900000E+02   6.510416925400000E+03   1.216072425100000E-03
   1.869451025400000E-05   9.833253292200000E-02   1.000000000000000E+00   1.000000000000000E+00   1.218524004300000E-03  -2.001712752600000E+02   6.510416925400000E+03   1.218524004300000E-03
   1.876981131200000E-05   9.853114096399999E-02   1.000000000000000E+00   1.000000000000000E+00   1.220975708000000E-03  -2.001712511900000E+02   6.510416925400000E+03   1.220975708000000E-03
   1.884526369000000E-05   9.872897595100000E-02   1.000000000000000E+00   1.000000000000000E+00   1.223427285200000E-03  -2.001712270600000E+02   6.510416925400000E+03   1.223427285200000E-03

