   1.191424398700000E+00   0.000000000000000E+00   2.886751410500000E+01   2.886751410500000E+01   0.000000000000000E+00   9.999999747400001E-05   2.886751410500000E+01   0.000000000000000E+00
   1.191426379900000E+00   1.222615491200000E-03   2.886751410500000E+01   2.886751410500000E+01   1.571257090200000E-02   9.999999747400001E-05   2.886751410500000E+01   1.571257090200000E-02
   1.191432323400000E+00   2.445206582200000E-03   2.886751410500000E+01   2.886751410500000E+01   3.142515146400000E-02   9.999999747400001E-05   2.886751410500000E+01   3.142515146400000E-02
   1.191442229400000E+00   3.667748115900000E-03   2.886751410500000E+01   2.886751410500000E+01   4.713735411700000E-02   9.999999747400001E-05   2.886751410500000E+01   4.713735411700000E-02
   1.191456097800000E+00   4.890216347000000E-03   2.886751410500000E+01   2.886751410500000E+01   6.284984249599999E-02   9.999999747400001E-05   2.886751410500000E+01   6.284984249599999E-02
   1.191473928900000E+00   6.112586425700000E-03   2.886751410500000E+01   2.886751410500000E+01   7.856236206500000E-02   9.999999747400001E-05   2.886751410500000E+01   7.856236206500000E-02
   1.191495722600000E+00   7.334833133400000E-03   2.886751410500000E+01   2.886751410500000E+01   9.427551169300000E-02   9.999999747400001E-05   2.886751410500000E+01   9.427551169300000E-02
   1.191521479300000E+00   8.556933220400000E-03   2.886751410500000E+01   2.886751410500000E+01   1.099882157500000E-01   9.999999747400001E-05   2.886751410500000E+01   1.099882157500000E-01
   1.191551199200000E+00   9.778861599100000E-03   2.886751410500000E+01   2.886751410500000E+01   1.257009744500000E-01   9.999999747400001E-05   2.886751410500000E+01   1.257009744500000E-01
   1.191584882300000E+00   1.100059552700000E-02   2.886751410500000E+01   2.886751410500000E+01   1.414141027900000E-01   9.999999747400001E-05   2.886751410500000E+01   1.414141027900000E-01
   1.191622529200000E+00   1.222210719100000E-02   2.886751410500000E+01   2.886751410500000E+01   1.571270287000000E-01   9.999999747400001E-05   2.886751410500000E+01   1.571270287000000E-01
   1.191664139900000E+00   1.344337368300000E-02   2.886751410500000E+01   2.886751410500000E+01   1.728400327000000E-01   9.999999747400001E-05   2.886751410500000E+01   1.728400327000000E-01
   1.191709714900000E+00   1.466437287600000E-02   2.886751410500000E+01   2.886751410500000E+01   1.885525673100000E-01   9.999999747400001E-05   2.886751410500000E+01   1.885525673100000E-01
   1.191759254500000E+00   1.588507583800000E-02   2.886751410500000E+01   2.886751410500000E+01   2.042657056000000E-01   9.999999747400001E-05   2.886751410500000E+01   2.042657056000000E-01
   1.191812759100000E+00   1.710546029700000E-02   2.886751410500000E+01   2.886751410500000E+01   2.199789455200000E-01   9.999999747400001E-05   2.886751410500000E+01   2.199789455200000E-01
   1.191870229100000E+00   1.832549693900000E-02   2.886751410500000E+01   2.886751410500000E+01   2.356929184000000E-01   9.999999747400001E-05   2.886751410500000E+01   2.356929184000000E-01
   1.191931665100000E+00   1.954517090600000E-02   2.886751410500000E+01   2.886751410500000E+01   2.514064253700000E-01   9.999999747400001E-05   2.886751410500000E+01   2.514064253700000E-01
   1.191997067300000E+00   2.076445322300000E-02   2.886751410500000E+01   2.886751410500000E+01   2.671200569500000E-01   9.999999747400001E-05   2.886751410500000E+01   2.671200569500000E-01
   1.192066436500000E+00   2.198332178500000E-02   2.886751410500000E+01   2.886751410500000E+01   2.828324856900000E-01   9.999999747400001E-05   2.886751410500000E+01   2.828324856900000E-01
   1.192139773100000E+00   2.320174792300000E-02   2.886751410500000E+01   2.886751410500000E+01   2.985463173800000E-01   9.999999747400001E-05   2.886751410500000E+01   2.985463173800000E-01
   1.192217077700000E+00   2.441970947200000E-02   2.886751410500000E+01   2.886751410500000E+01   3.142602970000000E-01   9.999999747400001E-05   2.886751410500000E+01   3.142602970000000E-01
   1.192298350800000E+00   2.563718123500000E-02   2.886751410500000E+01   2.886751410500000E+01   3.299760730100000E-01   9.999999747400001E-05   2.886751410500000E+01   3.299760730100000E-01
   1.192383593200000E+00   2.685414082600000E-02   2.886751410500000E+01   2.886751410500000E+01   3.456904461800000E-01   9.999999747400001E-05   2.886751410500000E+01   3.456904461800000E-01
   1.192472805500000E+00   2.807056314800000E-02   2.886751410500000E+01   2.886751410500000E+01   3.614049896600000E-01   9.999999747400001E-05   2.886751410500000E+01   3.614049896600000E-01
   1.192565988300000E+00   2.928642498800000E-02   2.886751410500000E+01   2.886751410500000E+01   3.771194568400000E-01   9.999999747400001E-05   2.886751410500000E+01   3.771194568400000E-01
   1.192663142400000E+00   3.050170034500000E-02   2.886751410500000E+01   2.886751410500000E+01   3.928343543900000E-01   9.999999747400001E-05   2.886751410500000E+01   3.928343543900000E-01
   1.192764268600000E+00   3.171636604300000E-02   2.886751410500000E+01   2.886751410500000E+01   4.085494449800000E-01   9.999999747400001E-05   2.886751410500000E+01   4.085494449800000E-01
   1.192869367500000E+00   3.293040260900000E-02   2.886751410500000E+01   2.886751410500000E+01   4.242649604600000E-01   9.999999747400001E-05   2.886751410500000E+01   4.242649604600000E-01
   1.192978440000000E+00   3.414377694500000E-02   2.886751410500000E+01   2.886751410500000E+01   4.399804645700000E-01   9.999999747400001E-05   2.886751410500000E+01   4.399804645700000E-01
   1.193091487000000E+00   3.535646956000000E-02   2.886751410500000E+01   2.886751410500000E+01   4.556961837000000E-01   9.999999747400001E-05   2.886751410500000E+01   4.556961837000000E-01
   1.193208509200000E+00   3.656845612200000E-02   2.886751410500000E+01   2.886751410500000E+01   4.714121078300000E-01   9.999999747400001E-05   2.886751410500000E+01   4.714121078300000E-01
   1.193329507500000E+00   3.777971343700000E-02   2.886751410500000E+01   2.886751410500000E+01   4.871282813000000E-01   9.999999747400001E-05   2.886751410500000E+01   4.871282813000000E-01
   1.193454482900000E+00   3.899021734400000E-02   2.886751410500000E+01   2.886751410500000E+01   5.028446920600000E-01   9.999999747400001E-05   2.886751410500000E+01   5.028446920600000E-01
   1.193583436300000E+00   4.019994286600000E-02   2.886751410500000E+01   2.886751410500000E+01   5.185522872100000E-01   9.999999747400001E-05   2.886751410500000E+01   5.185522872100000E-01
   1.193716368600000E+00   4.140886871900000E-02   2.886751410500000E+01   2.886751410500000E+01   5.342689343100000E-01   9.999999747400001E-05   2.886751410500000E+01   5.342689343100000E-01
   1.193853280800000E+00   4.261696990900000E-02   2.886751410500000E+01   2.886751410500000E+01   5.499858417400000E-01   9.999999747400001E-05   2.886751410500000E+01   5.499858417400000E-01
   1.193994173800000E+00   4.382422206400000E-02   2.886751410500000E+01   2.886751410500000E+01   5.657120690400000E-01   9.999999747400001E-05   2.886751410500000E+01   5.657120690400000E-01
   1.194139048900000E+00   4.503060300500000E-02   2.886751410500000E+01   2.886751410500000E+01   5.814297568100000E-01   9.999999747400001E-05   2.886751410500000E+01   5.814297568100000E-01
   1.194287906800000E+00   4.623608846700000E-02   2.886751410500000E+01   2.886751410500000E+01   5.971477253200000E-01   9.999999747400001E-05   2.886751410500000E+01   5.971477253200000E-01
   1.194440748900000E+00   4.744065676900000E-02   2.886751410500000E+01   2.886751410500000E+01   6.128666455200000E-01   9.999999747400001E-05   2.886751410500000E+01   6.128666455200000E-01
   1.194597576000000E+00   4.864428081100000E-02   2.886751410500000E+01   2.886751410500000E+01   6.285852105800001E-01   9.999999747400001E-05   2.886751410500000E+01   6.285852105800001E-01
   1.194758389400000E+00   4.984693904100000E-02   2.886751410500000E+01   2.886751410500000E+01   6.443040771900000E-01   9.999999747400001E-05   2.886751410500000E+01   6.443040771900000E-01
   1.194923190200000E+00   5.104860526000000E-02   2.886751410500000E+01   2.886751410500000E+01   6.600139957900000E-01   9.999999747400001E-05   2.886751410500000E+01   6.600139957900000E-01
   1.195091979600000E+00   5.224926198300000E-02   2.886751410500000E+01   2.886751410500000E+01   6.757332369500000E-01   9.999999747400001E-05   2.886751410500000E+01   6.757332369500000E-01
   1.195264758600000E+00   5.344888309800000E-02   2.886751410500000E+01   2.886751410500000E+01   6.914527982699999E-01   9.999999747400001E-05   2.886751410500000E+01   6.914527982699999E-01
   1.195441528600000E+00   5.464744740600000E-02   2.886751410500000E+01   2.886751410500000E+01   7.071826309200000E-01   9.999999747400001E-05   2.886751410500000E+01   7.071826309200000E-01
   1.195622290700000E+00   5.584492790500000E-02   2.886751410500000E+01   2.886751410500000E+01   7.229030969100000E-01   9.999999747400001E-05   2.886751410500000E+01   7.229030969100000E-01
   1.195807046100000E+00   5.704130355200000E-02   2.886751410500000E+01   2.886751410500000E+01   7.386239046800001E-01   9.999999747400001E-05   2.886751410500000E+01   7.386239046800001E-01
   1.195995796100000E+00   5.823655047300000E-02   2.886751410500000E+01   2.886751410500000E+01   7.543437618900000E-01   9.999999747400001E-05   2.886751410500000E+01   7.543437618900000E-01
   1.196188542100000E+00   5.943064735300000E-02   2.886751410500000E+01   2.886751410500000E+01   7.700652395299999E-01   9.999999747400001E-05   2.886751410500000E+01   7.700652395299999E-01

