   2.379862321200000E-16   0.000000000000000E+00   1.000000000000000E+00   1.000000000000000E+00   0.000000000000000E+00  -2.613712802800000E+02   1.302083385100000E+04   0.000000000000000E+00
   3.075703271100000E-11   1.351313212400000E-04   1.000000000000000E+00   1.000000000000000E+00   1.401011044700000E-06  -2.613712802500000E+02   1.302083385100000E+04   1.401011044700000E-06
   1.230415568000000E-10   2.702626424300000E-04   1.000000000000000E+00   1.000000000000000E+00   2.802022089000000E-06  -2.613712802100000E+02   1.302083385100000E+04   2.802022089000000E-06
   2.768559683000000E-10   4.053948797600000E-04   1.000000000000000E+00   1.000000000000000E+00   4.202887450000000E-06  -2.613712801400000E+02   1.302083385100000E+04   4.202887450000000E-06
   4.921885151900000E-10   5.405265060900000E-04   1.000000000000000E+00   1.000000000000000E+00   5.603849931400000E-06  -2.613712800500000E+02   1.302083385100000E+04   5.603849931400000E-06
   7.690328635400000E-10   6.756581322000000E-04   1.000000000000000E+00   1.000000000000000E+00   7.004812411200000E-06  -2.613712799300000E+02   1.302083385100000E+04   7.004812411200000E-06
   1.107401309000000E-09   8.107885252300000E-04   1.000000000000000E+00   1.000000000000000E+00   8.405866775000001E-06  -2.613712797800000E+02   1.302083385100000E+04   8.405866775000001E-06
   1.507294389400000E-09   9.459199452600000E-04   1.000000000000000E+00   1.000000000000000E+00   9.806844564499999E-06  -2.613712796100000E+02   1.302083385100000E+04   9.806844564499999E-06
   1.968709321200000E-09   1.081051364900000E-03   1.000000000000000E+00   1.000000000000000E+00   1.120782235100000E-05  -2.613712794100000E+02   1.302083385100000E+04   1.120782235100000E-05
   2.491642936700000E-09   1.216181362200000E-03   1.000000000000000E+00   1.000000000000000E+00   1.260905745400000E-05  -2.613712791800000E+02   1.302083385100000E+04   1.260905745400000E-05
   3.076101261500000E-09   1.351312622900000E-03   1.000000000000000E+00   1.000000000000000E+00   1.401006382500000E-05  -2.613712789200000E+02   1.302083385100000E+04   1.401006382500000E-05
   3.722079612100000E-09   1.486443883100000E-03   1.000000000000000E+00   1.000000000000000E+00   1.541107019100000E-05  -2.613712786400000E+02   1.302083385100000E+04   1.541107019100000E-05
   4.429580819800000E-09   1.621552039500000E-03   1.000000000000000E+00   1.000000000000000E+00   1.681168310100000E-05  -2.613712783300000E+02   1.302083385100000E+04   1.681168310100000E-05
   5.198606341900000E-09   1.756681373100000E-03   1.000000000000000E+00   1.000000000000000E+00   1.821265667000000E-05  -2.613712780000000E+02   1.302083385100000E+04   1.821265667000000E-05
   6.029150128100000E-09   1.891810705900000E-03   1.000000000000000E+00   1.000000000000000E+00   1.961363023300000E-05  -2.613712776400000E+02   1.302083385100000E+04   1.961363023300000E-05
   6.921216851700000E-09   2.026946695300000E-03   1.000000000000000E+00   1.000000000000000E+00   2.101511818800000E-05  -2.613712772500000E+02   1.302083385100000E+04   2.101511818800000E-05
   7.874807191800001E-09   2.162076470400000E-03   1.000000000000000E+00   1.000000000000000E+00   2.241612603200000E-05  -2.613712768300000E+02   1.302083385100000E+04   2.241612603200000E-05
   8.889914441700001E-09   2.297206244500000E-03   1.000000000000000E+00   1.000000000000000E+00   2.381713387000000E-05  -2.613712763900000E+02   1.302083385100000E+04   2.381713387000000E-05
   9.966546994100001E-09   2.432370559600000E-03   1.000000000000000E+00   1.000000000000000E+00   2.521815363900000E-05  -2.613712759200000E+02   1.302083385100000E+04   2.521815363900000E-05
   1.110469828500000E-08   2.567502250800000E-03   1.000000000000000E+00   1.000000000000000E+00   2.661916212500000E-05  -2.613712754200000E+02   1.302083385100000E+04   2.661916212500000E-05
   1.230437714400000E-08   2.702633941000000E-03   1.000000000000000E+00   1.000000000000000E+00   2.802017060300000E-05  -2.613712749000000E+02   1.302083385100000E+04   2.802017060300000E-05
   1.356557444100000E-08   2.837669573700000E-03   1.000000000000000E+00   1.000000000000000E+00   2.941952618100000E-05  -2.613712743500000E+02   1.302083385100000E+04   2.941952618100000E-05
   1.488829171200000E-08   2.972796687500000E-03   1.000000000000000E+00   1.000000000000000E+00   3.082045593300000E-05  -2.613712737700000E+02   1.302083385100000E+04   3.082045593300000E-05
   1.627253118600000E-08   3.107923800100000E-03   1.000000000000000E+00   1.000000000000000E+00   3.222138567500000E-05  -2.613712731700000E+02   1.302083385100000E+04   3.222138567500000E-05
   1.771829279600000E-08   3.243109237400000E-03   1.000000000000000E+00   1.000000000000000E+00   3.362386245200000E-05  -2.613712725400000E+02   1.302083385100000E+04   3.362386245200000E-05
   1.922558101500000E-08   3.378238777600000E-03   1.000000000000000E+00   1.000000000000000E+00   3.502485663500000E-05  -2.613712718800000E+02   1.302083385100000E+04   3.502485663500000E-05
   2.079438586700000E-08   3.513368316400000E-03   1.000000000000000E+00   1.000000000000000E+00   3.642585080700000E-05  -2.613712712000000E+02   1.302083385100000E+04   3.642585080700000E-05
   2.242471389900000E-08   3.648486886400000E-03   1.000000000000000E+00   1.000000000000000E+00   3.782708406100000E-05  -2.613712704900000E+02   1.302083385100000E+04   3.782708406100000E-05
   2.411656490000000E-08   3.783616016100000E-03   1.000000000000000E+00   1.000000000000000E+00   3.922808706600000E-05  -2.613712697500000E+02   1.302083385100000E+04   3.922808706600000E-05
   2.586993907500000E-08   3.918745144200000E-03   1.000000000000000E+00   1.000000000000000E+00   4.062909005900000E-05  -2.613712689900000E+02   1.302083385100000E+04   4.062909005900000E-05
   2.768482834200000E-08   4.053825381700000E-03   1.000000000000000E+00   1.000000000000000E+00   4.202825242100000E-05  -2.613712682000000E+02   1.302083385100000E+04   4.202825242100000E-05
   2.956124613700000E-08   4.188952876900000E-03   1.000000000000000E+00   1.000000000000000E+00   4.342919403500000E-05  -2.613712673800000E+02   1.302083385100000E+04   4.342919403500000E-05
   3.149917767300000E-08   4.324080370400000E-03   1.000000000000000E+00   1.000000000000000E+00   4.483013563600000E-05  -2.613712665300000E+02   1.302083385100000E+04   4.483013563600000E-05
   3.349864432900000E-08   4.459346412000000E-03   1.000000000000000E+00   1.000000000000000E+00   4.623281716800000E-05  -2.613712656600000E+02   1.302083385100000E+04   4.623281716800000E-05
   3.555962294900000E-08   4.594478100300000E-03   1.000000000000000E+00   1.000000000000000E+00   4.763381146700000E-05  -2.613712647600000E+02   1.302083385100000E+04   4.763381146700000E-05
   3.768212701600000E-08   4.729609786700000E-03   1.000000000000000E+00   1.000000000000000E+00   4.903480575200000E-05  -2.613712638400000E+02   1.302083385100000E+04   4.903480575200000E-05
   3.986615089500000E-08   4.864498299900000E-03   1.000000000000000E+00   1.000000000000000E+00   5.043484900600000E-05  -2.613712628900000E+02   1.302083385100000E+04   5.043484900600000E-05
   4.211169820500000E-08   4.999623227500000E-03   1.000000000000000E+00   1.000000000000000E+00   5.183581684400000E-05  -2.613712619100000E+02   1.302083385100000E+04   5.183581684400000E-05
   4.441876521100000E-08   5.134748153100000E-03   1.000000000000000E+00   1.000000000000000E+00   5.323678466600000E-05  -2.613712609000000E+02   1.302083385100000E+04   5.323678466600000E-05
   4.678735597100000E-08   5.270140496500000E-03   1.000000000000000E+00   1.000000000000000E+00   5.463860629800000E-05  -2.613712598700000E+02   1.302083385100000E+04   5.463860629800000E-05
   4.921746501200000E-08   5.405272274700000E-03   1.000000000000000E+00   1.000000000000000E+00   5.603959598000000E-05  -2.613712588100000E+02   1.302083385100000E+04   5.603959598000000E-05
   5.170909835300000E-08   5.540404050700000E-03   1.000000000000000E+00   1.000000000000000E+00   5.744058564600000E-05  -2.613712577200000E+02   1.302083385100000E+04   5.744058564600000E-05
   5.426225350200000E-08   5.675433610900000E-03   1.000000000000000E+00   1.000000000000000E+00   5.884229885000000E-05  -2.613712566100000E+02   1.302083385100000E+04   5.884229885000000E-05
   5.687692939500000E-08   5.810562948700000E-03   1.000000000000000E+00   1.000000000000000E+00   6.024330570700000E-05  -2.613712554700000E+02   1.302083385100000E+04   6.024330570700000E-05
   5.955312665600000E-08   5.945692284000000E-03   1.000000000000000E+00   1.000000000000000E+00   6.164431254699999E-05  -2.613712543000000E+02   1.302083385100000E+04   6.164431254699999E-05
   6.229085475800000E-08   6.080919774300000E-03   1.000000000000000E+00   1.000000000000000E+00   6.304312443700000E-05  -2.613712531100000E+02   1.302083385100000E+04   6.304312443700000E-05
   6.509009618300000E-08   6.216051286000000E-03   1.000000000000000E+00   1.000000000000000E+00   6.444408246300001E-05  -2.613712518900000E+02   1.302083385100000E+04   6.444408246300001E-05
   6.795085534300000E-08   6.351182795100000E-03   1.000000000000000E+00   1.000000000000000E+00   6.584504047000000E-05  -2.613712506400000E+02   1.302083385100000E+04   6.584504047000000E-05
   7.087314315500001E-08   6.486164110600000E-03   1.000000000000000E+00   1.000000000000000E+00   6.724638725900000E-05  -2.613712493700000E+02   1.302083385100000E+04   6.724638725900000E-05
   7.385695543000000E-08   6.621292485400000E-03   1.000000000000000E+00   1.000000000000000E+00   6.864735332500000E-05  -2.613712480700000E+02   1.302083385100000E+04   6.864735332500000E-05
   7.690227873400000E-08   6.756420857600000E-03   1.000000000000000E+00   1.000000000000000E+00   7.004831937100000E-05  -2.613712467400000E+02   1.302083385100000E+04   7.004831937100000E-05
   8.000913285400001E-08   6.891662404300000E-03   1.000000000000000E+00   1.000000000000000E+00   7.145019076700000E-05  -2.613712453900000E+02   1.302083385100000E+04   7.145019076700000E-05
   8.317750530699999E-08   7.026792989900000E-03   1.000000000000000E+00   1.000000000000000E+00   7.285117452200000E-05  -2.613712440100000E+02   1.302083385100000E+04   7.285117452200000E-05
   8.640740196500001E-08   7.161923572600000E-03   1.000000000000000E+00   1.000000000000000E+00   7.425215825500000E-05  -2.613712426000000E+02   1.302083385100000E+04   7.425215825500000E-05
   8.969881734700000E-08   7.296926786400000E-03   1.000000000000000E+00   1.000000000000000E+00   7.565326932399999E-05  -2.613712411600000E+02   1.302083385100000E+04   7.565326932399999E-05
   9.305175846599999E-08   7.432055004600000E-03   1.000000000000000E+00   1.000000000000000E+00   7.705425537100001E-05  -2.613712397000000E+02   1.302083385100000E+04   7.705425537100001E-05
   9.646622064099999E-08   7.567183219700000E-03   1.000000000000000E+00   1.000000000000000E+00   7.845524139400000E-05  -2.613712382100000E+02   1.302083385100000E+04   7.845524139400000E-05
   9.994219860400000E-08   7.702510672500000E-03   1.000000000000000E+00   1.000000000000000E+00   7.985740032900000E-05  -2.613712367000000E+02   1.302083385100000E+04   7.985740032900000E-05
   1.034797008400000E-07   7.837642376700000E-03   1.000000000000000E+00   1.000000000000000E+00   8.125840688200000E-05  -2.613712351600000E+02   1.302083385100000E+04   8.125840688200000E-05
   1.070787273400000E-07   7.972774077699999E-03   1.000000000000000E+00   1.000000000000000E+00   8.265941341000000E-05  -2.613712335900000E+02   1.302083385100000E+04   8.265941341000000E-05
   1.107392721300000E-07   8.107896056199999E-03   1.000000000000000E+00   1.000000000000000E+00   8.405721825199999E-05  -2.613712319900000E+02   1.302083385100000E+04   8.405721825199999E-05
   1.144613396000000E-07   8.243027588500000E-03   1.000000000000000E+00   1.000000000000000E+00   8.545817136900000E-05  -2.613712303700000E+02   1.302083385100000E+04   8.545817136900000E-05
   1.182449325100000E-07   8.378159117500001E-03   1.000000000000000E+00   1.000000000000000E+00   8.685912445999999E-05  -2.613712287200000E+02   1.302083385100000E+04   8.685912445999999E-05
   1.220900438300000E-07   8.513298743600000E-03   1.000000000000000E+00   1.000000000000000E+00   8.826335608200000E-05  -2.613712270400000E+02   1.302083385100000E+04   8.826335608200000E-05
   1.259966799700000E-07   8.648430394199999E-03   1.000000000000000E+00   1.000000000000000E+00   8.966436116100001E-05  -2.613712253400000E+02   1.302083385100000E+04   8.966436116100001E-05
   1.299648310200000E-07   8.783562041200000E-03   1.000000000000000E+00   1.000000000000000E+00   9.106536621300000E-05  -2.613712236100000E+02   1.302083385100000E+04   9.106536621300000E-05
   1.339945136200000E-07   8.918590491499999E-03   1.000000000000000E+00   1.000000000000000E+00   9.246239910599999E-05  -2.613712218500000E+02   1.302083385100000E+04   9.246239910599999E-05
   1.380857081300000E-07   9.053720567599999E-03   1.000000000000000E+00   1.000000000000000E+00   9.386334391900000E-05  -2.613712200700000E+02   1.302083385100000E+04   9.386334391900000E-05
   1.422384329300000E-07   9.188850639899999E-03   1.000000000000000E+00   1.000000000000000E+00   9.526428870300000E-05  -2.613712182600000E+02   1.302083385100000E+04   9.526428870300000E-05
   1.464526713300000E-07   9.323911459900001E-03   1.000000000000000E+00   1.000000000000000E+00   9.666757377599999E-05  -2.613712164200000E+02   1.302083385100000E+04   9.666757377599999E-05
   1.507284366300000E-07   9.459040521000000E-03   1.000000000000000E+00   1.000000000000000E+00   9.806855242000000E-05  -2.613712145600000E+02   1.302083385100000E+04   9.806855242000000E-05
   1.550657236900000E-07   9.594169578200000E-03   1.000000000000000E+00   1.000000000000000E+00   9.946953103500000E-05  -2.613712126700000E+02   1.302083385100000E+04   9.946953103500000E-05
   1.594645288900000E-07   9.729474604300001E-03   1.000000000000000E+00   1.000000000000000E+00   1.008727318500000E-04  -2.613712107500000E+02   1.302083385100000E+04   1.008727318500000E-04
   1.639248564300000E-07   9.864606097700001E-03   1.000000000000000E+00   1.000000000000000E+00   1.022737412700000E-04  -2.613712088100000E+02   1.302083385100000E+04   1.022737412700000E-04
   1.684467056600000E-07   9.999737587000001E-03   1.000000000000000E+00   1.000000000000000E+00   1.036747506600000E-04  -2.613712068400000E+02   1.302083385100000E+04   1.036747506600000E-04
   1.730300770000000E-07   1.013476251900000E-02   1.000000000000000E+00   1.000000000000000E+00   1.050728900700000E-04  -2.613712048400000E+02   1.302083385100000E+04   1.050728900700000E-04
   1.776749751500000E-07   1.026989257900000E-02   1.000000000000000E+00   1.000000000000000E+00   1.064738611300000E-04  -2.613712028100000E+02   1.302083385100000E+04   1.064738611300000E-04
   1.823813904800000E-07   1.040502263500000E-02   1.000000000000000E+00   1.000000000000000E+00   1.078748321500000E-04  -2.613712007600000E+02   1.302083385100000E+04   1.078748321500000E-04
   1.871493254600000E-07   1.053974148800000E-02   1.000000000000000E+00   1.000000000000000E+00   1.092788213000000E-04  -2.613711986800000E+02   1.302083385100000E+04   1.092788213000000E-04
   1.919787831700000E-07   1.067486626400000E-02   1.000000000000000E+00   1.000000000000000E+00   1.106798309500000E-04  -2.613711965800000E+02   1.302083385100000E+04   1.106798309500000E-04
   1.968697640200000E-07   1.080999103500000E-02   1.000000000000000E+00   1.000000000000000E+00   1.120808405700000E-04  -2.613711944500000E+02   1.302083385100000E+04   1.120808405700000E-04
   2.018222727300000E-07   1.094567261300000E-02   1.000000000000000E+00   1.000000000000000E+00   1.134817363400000E-04  -2.613711922900000E+02   1.302083385100000E+04   1.134817363400000E-04
   2.068362952000000E-07   1.108080425000000E-02   1.000000000000000E+00   1.000000000000000E+00   1.148827444900000E-04  -2.613711901000000E+02   1.302083385100000E+04   1.148827444900000E-04
   2.119118429500000E-07   1.121593588100000E-02   1.000000000000000E+00   1.000000000000000E+00   1.162837526000000E-04  -2.613711878900000E+02   1.302083385100000E+04   1.162837526000000E-04
   2.170489060900000E-07   1.135098770700000E-02   1.000000000000000E+00   1.000000000000000E+00   1.176848633500000E-04  -2.613711856500000E+02   1.302083385100000E+04   1.176848633500000E-04
   2.222474919600000E-07   1.148611838000000E-02   1.000000000000000E+00   1.000000000000000E+00   1.190858726100000E-04  -2.613711833800000E+02   1.302083385100000E+04   1.190858726100000E-04
   2.275076048200000E-07   1.162124904800000E-02   1.000000000000000E+00   1.000000000000000E+00   1.204868818400000E-04  -2.613711810900000E+02   1.302083385100000E+04   1.204868818400000E-04
   2.328292419300000E-07   1.175646185500000E-02   1.000000000000000E+00   1.000000000000000E+00   1.218874171000000E-04  -2.613711787700000E+02   1.302083385100000E+04   1.218874171000000E-04
   2.382123943300000E-07   1.189159345700000E-02   1.000000000000000E+00   1.000000000000000E+00   1.232884208100000E-04  -2.613711764200000E+02   1.302083385100000E+04   1.232884208100000E-04
   2.436570679200000E-07   1.202672505500000E-02   1.000000000000000E+00   1.000000000000000E+00   1.246894244800000E-04  -2.613711740500000E+02   1.302083385100000E+04   1.246894244800000E-04
   2.491632620300000E-07   1.216155657700000E-02   1.000000000000000E+00   1.000000000000000E+00   1.260854393100000E-04  -2.613711716500000E+02   1.302083385100000E+04   1.260854393100000E-04
   2.547309825800000E-07   1.229668483100000E-02   1.000000000000000E+00   1.000000000000000E+00   1.274863874800000E-04  -2.613711692200000E+02   1.302083385100000E+04   1.274863874800000E-04
   2.603602202600000E-07   1.243181307900000E-02   1.000000000000000E+00   1.000000000000000E+00   1.288873356000000E-04  -2.613711667700000E+02   1.302083385100000E+04   1.288873356000000E-04
   2.660509843300000E-07   1.256680664500000E-02   1.000000000000000E+00   1.000000000000000E+00   1.302896342800000E-04  -2.613711642900000E+02   1.302083385100000E+04   1.302896342800000E-04
   2.718032682700000E-07   1.270193343500000E-02   1.000000000000000E+00   1.000000000000000E+00   1.316905968500000E-04  -2.613711617800000E+02   1.302083385100000E+04   1.316905968500000E-04
   2.776170738200000E-07   1.283706021900000E-02   1.000000000000000E+00   1.000000000000000E+00   1.330915593800000E-04  -2.613711592500000E+02   1.302083385100000E+04   1.330915593800000E-04
   2.834923974000000E-07   1.297242822700000E-02   1.000000000000000E+00   1.000000000000000E+00   1.344913311000000E-04  -2.613711566900000E+02   1.302083385100000E+04   1.344913311000000E-04
   2.894292494700000E-07   1.310755751400000E-02   1.000000000000000E+00   1.000000000000000E+00   1.358922811500000E-04  -2.613711541000000E+02   1.302083385100000E+04   1.358922811500000E-04
   2.954276187900000E-07   1.324268679600000E-02   1.000000000000000E+00   1.000000000000000E+00   1.372932311600000E-04  -2.613711514800000E+02   1.302083385100000E+04   1.372932311600000E-04
   3.014875092300000E-07   1.337786175300000E-02   1.000000000000000E+00   1.000000000000000E+00   1.386986495000000E-04  -2.613711488400000E+02   1.302083385100000E+04   1.386986495000000E-04
   3.076089222700000E-07   1.351299148500000E-02   1.000000000000000E+00   1.000000000000000E+00   1.400996445600000E-04  -2.613711461700000E+02   1.302083385100000E+04   1.400996445600000E-04
   3.137918557000000E-07   1.364812121200000E-02   1.000000000000000E+00   1.000000000000000E+00   1.415006395800000E-04  -2.613711434800000E+02   1.302083385100000E+04   1.415006395800000E-04
   3.200363099400000E-07   1.378338019100000E-02   1.000000000000000E+00   1.000000000000000E+00   1.429024731200000E-04  -2.613711407600000E+02   1.302083385100000E+04   1.429024731200000E-04
   3.263422900900000E-07   1.391851117300000E-02   1.000000000000000E+00   1.000000000000000E+00   1.443034762700000E-04  -2.613711380100000E+02   1.302083385100000E+04   1.443034762700000E-04
   3.327097875900000E-07   1.405364215000000E-02   1.000000000000000E+00   1.000000000000000E+00   1.457044793800000E-04  -2.613711352300000E+02   1.302083385100000E+04   1.457044793800000E-04
   3.391388101400000E-07   1.418878240200000E-02   1.000000000000000E+00   1.000000000000000E+00   1.471059674300000E-04  -2.613711324300000E+02   1.302083385100000E+04   1.471059674300000E-04
   3.456293531000000E-07   1.432391345500000E-02   1.000000000000000E+00   1.000000000000000E+00   1.485069750700000E-04  -2.613711296000000E+02   1.302083385100000E+04   1.485069750700000E-04
   3.521814146200000E-07   1.445904450200000E-02   1.000000000000000E+00   1.000000000000000E+00   1.499079826600000E-04  -2.613711267500000E+02   1.302083385100000E+04   1.499079826600000E-04
   3.587949999400000E-07   1.459386910000000E-02   1.000000000000000E+00   1.000000000000000E+00   1.513076246900000E-04  -2.613711238600000E+02   1.302083385100000E+04   1.513076246900000E-04
   3.654701077800000E-07   1.472899729800000E-02   1.000000000000000E+00   1.000000000000000E+00   1.527086195500000E-04  -2.613711209500000E+02   1.302083385100000E+04   1.527086195500000E-04
   3.722067379100000E-07   1.486412548900000E-02   1.000000000000000E+00   1.000000000000000E+00   1.541096143600000E-04  -2.613711180200000E+02   1.302083385100000E+04   1.541096143600000E-04
   3.790048825800000E-07   1.499936120100000E-02   1.000000000000000E+00   1.000000000000000E+00   1.555045852000000E-04  -2.613711150500000E+02   1.302083385100000E+04   1.555045852000000E-04
   3.858645557500000E-07   1.513449035000000E-02   1.000000000000000E+00   1.000000000000000E+00   1.569055256500000E-04  -2.613711120600000E+02   1.302083385100000E+04   1.569055256500000E-04
   3.927857496400000E-07   1.526961949200000E-02   1.000000000000000E+00   1.000000000000000E+00   1.583064660500000E-04  -2.613711090400000E+02   1.302083385100000E+04   1.583064660500000E-04
   3.997684618300000E-07   1.540497902300000E-02   1.000000000000000E+00   1.000000000000000E+00   1.597111012100000E-04  -2.613711060000000E+02   1.302083385100000E+04   1.597111012100000E-04
   4.068126989700000E-07   1.554011017300000E-02   1.000000000000000E+00   1.000000000000000E+00   1.611120739300000E-04  -2.613711029300000E+02   1.302083385100000E+04   1.611120739300000E-04
   4.139184537100000E-07   1.567524131700000E-02   1.000000000000000E+00   1.000000000000000E+00   1.625130466000000E-04  -2.613710998300000E+02   1.302083385100000E+04   1.625130466000000E-04
   4.210857295900000E-07   1.581026549500000E-02   1.000000000000000E+00   1.000000000000000E+00   1.639179098900000E-04  -2.613710967100000E+02   1.302083385100000E+04   1.639179098900000E-04
   4.283145277600000E-07   1.594539571200000E-02   1.000000000000000E+00   1.000000000000000E+00   1.653189157100000E-04  -2.613710935600000E+02   1.302083385100000E+04   1.653189157100000E-04
   4.356048551800000E-07   1.608052592200000E-02   1.000000000000000E+00   1.000000000000000E+00   1.667199214800000E-04  -2.613710903800000E+02   1.302083385100000E+04   1.667199214800000E-04
   4.429566978300000E-07   1.621573383400000E-02   1.000000000000000E+00   1.000000000000000E+00   1.681207737600000E-04  -2.613710871800000E+02   1.302083385100000E+04   1.681207737600000E-04
   4.503700594100000E-07   1.635086467800000E-02   1.000000000000000E+00   1.000000000000000E+00   1.695217781600000E-04  -2.613710839400000E+02   1.302083385100000E+04   1.695217781600000E-04
   4.578449474000000E-07   1.648599551500000E-02   1.000000000000000E+00   1.000000000000000E+00   1.709227825000000E-04  -2.613710806900000E+02   1.302083385100000E+04   1.709227825000000E-04
   4.653813558800000E-07   1.662117189200000E-02   1.000000000000000E+00   1.000000000000000E+00   1.723184984400000E-04  -2.613710774000000E+02   1.302083385100000E+04   1.723184984400000E-04
   4.729792791800000E-07   1.675630308600000E-02   1.000000000000000E+00   1.000000000000000E+00   1.737194596900000E-04  -2.613710740900000E+02   1.302083385100000E+04   1.737194596900000E-04
   4.806387315299999E-07   1.689143427300000E-02   1.000000000000000E+00   1.000000000000000E+00   1.751204208800000E-04  -2.613710707500000E+02   1.302083385100000E+04   1.751204208800000E-04
   4.883597023400000E-07   1.702658813000000E-02   1.000000000000000E+00   1.000000000000000E+00   1.765249359100000E-04  -2.613710673800000E+02   1.302083385100000E+04   1.765249359100000E-04
   4.961421953400000E-07   1.716171948400000E-02   1.000000000000000E+00   1.000000000000000E+00   1.779259252000000E-04  -2.613710639900000E+02   1.302083385100000E+04   1.779259252000000E-04
   5.039862070300000E-07   1.729685083000000E-02   1.000000000000000E+00   1.000000000000000E+00   1.793269144300000E-04  -2.613710605700000E+02   1.302083385100000E+04   1.793269144300000E-04
   5.118917454600000E-07   1.743198406100000E-02   1.000000000000000E+00   1.000000000000000E+00   1.807289714400000E-04  -2.613710571300000E+02   1.302083385100000E+04   1.807289714400000E-04
   5.198588028800000E-07   1.756711540800000E-02   1.000000000000000E+00   1.000000000000000E+00   1.821299688500000E-04  -2.613710536500000E+02   1.302083385100000E+04   1.821299688500000E-04
   5.278873792200000E-07   1.770224674700000E-02   1.000000000000000E+00   1.000000000000000E+00   1.835309662000000E-04  -2.613710501500000E+02   1.302083385100000E+04   1.835309662000000E-04
   5.359774779100000E-07   1.783737873200000E-02   1.000000000000000E+00   1.000000000000000E+00   1.849332941800000E-04  -2.613710466300000E+02   1.302083385100000E+04   1.849332941800000E-04
   5.441291010400000E-07   1.797251006100000E-02   1.000000000000000E+00   1.000000000000000E+00   1.863343015000000E-04  -2.613710430700000E+02   1.302083385100000E+04   1.863343015000000E-04
   5.523422400500000E-07   1.810764138300000E-02   1.000000000000000E+00   1.000000000000000E+00   1.877353087600000E-04  -2.613710394900000E+02   1.302083385100000E+04   1.877353087600000E-04
   5.606169054600000E-07   1.824274331300000E-02   1.000000000000000E+00   1.000000000000000E+00   1.891298271200000E-04  -2.613710358900000E+02   1.302083385100000E+04   1.891298271200000E-04
   5.689530913300000E-07   1.837787440200000E-02   1.000000000000000E+00   1.000000000000000E+00   1.905307862100000E-04  -2.613710322500000E+02   1.302083385100000E+04   1.905307862100000E-04
   5.773507930200000E-07   1.851300548400000E-02   1.000000000000000E+00   1.000000000000000E+00   1.919317452300000E-04  -2.613710285900000E+02   1.302083385100000E+04   1.919317452300000E-04
   5.858100261800000E-07   1.864800191500000E-02   1.000000000000000E+00   1.000000000000000E+00   1.933384440400000E-04  -2.613710249100000E+02   1.302083385100000E+04   1.933384440400000E-04
   5.943307748500000E-07   1.878313200600000E-02   1.000000000000000E+00   1.000000000000000E+00   1.947394445400000E-04  -2.613710211900000E+02   1.302083385100000E+04   1.947394445400000E-04
   6.029130417600000E-07   1.891826209000000E-02   1.000000000000000E+00   1.000000000000000E+00   1.961404449900000E-04  -2.613710174500000E+02   1.302083385100000E+04   1.961404449900000E-04
   6.115568335900000E-07   1.905352510300000E-02   1.000000000000000E+00   1.000000000000000E+00   1.975340178500000E-04  -2.613710136800000E+02   1.302083385100000E+04   1.975340178500000E-04
   6.202621458200000E-07   1.918865611300000E-02   1.000000000000000E+00   1.000000000000000E+00   1.989349655000000E-04  -2.613710098900000E+02   1.302083385100000E+04   1.989349655000000E-04
   6.290289786400000E-07   1.932378711500000E-02   1.000000000000000E+00   1.000000000000000E+00   2.003359130900000E-04  -2.613710060600000E+02   1.302083385100000E+04   2.003359130900000E-04
   6.378573346000000E-07   1.945895457500000E-02   1.000000000000000E+00   1.000000000000000E+00   2.017379819600000E-04  -2.613710022200000E+02   1.302083385100000E+04   2.017379819600000E-04
   6.467472112900000E-07   1.959408581500000E-02   1.000000000000000E+00   1.000000000000000E+00   2.031389372200000E-04  -2.613709983400000E+02   1.302083385100000E+04   2.031389372200000E-04
   6.556986080300000E-07   1.972921704700000E-02   1.000000000000000E+00   1.000000000000000E+00   2.045398924100000E-04  -2.613709944400000E+02   1.302083385100000E+04   2.045398924100000E-04
   6.647115268100000E-07   1.986434826000000E-02   1.000000000000000E+00   1.000000000000000E+00   2.059377838200000E-04  -2.613709905100000E+02   1.302083385100000E+04   2.059377838200000E-04
   6.737859653700000E-07   1.999947947500000E-02   1.000000000000000E+00   1.000000000000000E+00   2.073387180400000E-04  -2.613709865500000E+02   1.302083385100000E+04   2.073387180400000E-04
   6.829219283600000E-07   2.013461068200000E-02   1.000000000000000E+00   1.000000000000000E+00   2.087396522100000E-04  -2.613709825700000E+02   1.302083385100000E+04   2.087396522100000E-04
   6.921194117700000E-07   2.026935172800000E-02   1.000000000000000E+00   1.000000000000000E+00   2.101498250500000E-04  -2.613709785600000E+02   1.302083385100000E+04   2.101498250500000E-04
   7.013784156400000E-07   2.040448031700000E-02   1.000000000000000E+00   1.000000000000000E+00   2.115508206800000E-04  -2.613709745300000E+02   1.302083385100000E+04   2.115508206800000E-04
   7.106989369400000E-07   2.053960889900000E-02   1.000000000000000E+00   1.000000000000000E+00   2.129518162400000E-04  -2.613709704600000E+02   1.302083385100000E+04   2.129518162400000E-04
   7.200809865300000E-07   2.067512772900000E-02   1.000000000000000E+00   1.000000000000000E+00   2.143456154400000E-04  -2.613709663700000E+02   1.302083385100000E+04   2.143456154400000E-04
   7.295245448000000E-07   2.081025884300000E-02   1.000000000000000E+00   1.000000000000000E+00   2.157465638400000E-04  -2.613709622600000E+02   1.302083385100000E+04   2.157465638400000E-04
   7.390296359000000E-07   2.094538994900000E-02   1.000000000000000E+00   1.000000000000000E+00   2.171475121800000E-04  -2.613709581100000E+02   1.302083385100000E+04   2.171475121800000E-04
   7.485962501000000E-07   2.108032306400000E-02   1.000000000000000E+00   1.000000000000000E+00   2.185506825100000E-04  -2.613709539500000E+02   1.302083385100000E+04   2.185506825100000E-04
   7.582243798300000E-07   2.121545288400000E-02   1.000000000000000E+00   1.000000000000000E+00   2.199516449600000E-04  -2.613709497500000E+02   1.302083385100000E+04   2.199516449600000E-04
   7.679140325900000E-07   2.135058269600000E-02   1.000000000000000E+00   1.000000000000000E+00   2.213526073400000E-04  -2.613709455300000E+02   1.302083385100000E+04   2.213526073400000E-04
   7.776652050800000E-07   2.148582452700000E-02   1.000000000000000E+00   1.000000000000000E+00   2.227501706400000E-04  -2.613709412700000E+02   1.302083385100000E+04   2.227501706400000E-04
   7.874778985000000E-07   2.162095502500000E-02   1.000000000000000E+00   1.000000000000000E+00   2.241511115100000E-04  -2.613709370000000E+02   1.302083385100000E+04   2.241511115100000E-04
   7.973521143900000E-07   2.175608551400000E-02   1.000000000000000E+00   1.000000000000000E+00   2.255520523200000E-04  -2.613709326900000E+02   1.302083385100000E+04   2.255520523200000E-04
   8.072878487000000E-07   2.189124677700000E-02   1.000000000000000E+00   1.000000000000000E+00   2.269561586900000E-04  -2.613709283600000E+02   1.302083385100000E+04   2.269561586900000E-04
   8.172851072600000E-07   2.202637743800000E-02   1.000000000000000E+00   1.000000000000000E+00   2.283571189000000E-04  -2.613709240000000E+02   1.302083385100000E+04   2.283571189000000E-04
   8.273438868400000E-07   2.216150808900000E-02   1.000000000000000E+00   1.000000000000000E+00   2.297580790400000E-04  -2.613709196200000E+02   1.302083385100000E+04   2.297580790400000E-04
   8.374641827400000E-07   2.229617528400000E-02   1.000000000000000E+00   1.000000000000000E+00   2.311610623500000E-04  -2.613709152100000E+02   1.302083385100000E+04   2.311610623500000E-04
   8.476460035700000E-07   2.243130310900000E-02   1.000000000000000E+00   1.000000000000000E+00   2.325620346100000E-04  -2.613709107700000E+02   1.302083385100000E+04   2.325620346100000E-04
   8.578893479400000E-07   2.256643092500000E-02   1.000000000000000E+00   1.000000000000000E+00   2.339630068000000E-04  -2.613709063000000E+02   1.302083385100000E+04   2.339630068000000E-04
   8.681942132700000E-07   2.270189082200000E-02   1.000000000000000E+00   1.000000000000000E+00   2.353601571800000E-04  -2.613709018100000E+02   1.302083385100000E+04   2.353601571800000E-04
   8.785605973000000E-07   2.283702059500000E-02   1.000000000000000E+00   1.000000000000000E+00   2.367611064800000E-04  -2.613708972900000E+02   1.302083385100000E+04   2.367611064800000E-04
   8.889884990600000E-07   2.297215035800000E-02   1.000000000000000E+00   1.000000000000000E+00   2.381620557100000E-04  -2.613708927500000E+02   1.302083385100000E+04   2.381620557100000E-04
   8.994779205000000E-07   2.310748352100000E-02   1.000000000000000E+00   1.000000000000000E+00   2.395678244600000E-04  -2.613708881700000E+02   1.302083385100000E+04   2.395678244600000E-04
   9.100288670600000E-07   2.324261445500000E-02   1.000000000000000E+00   1.000000000000000E+00   2.409688017300000E-04  -2.613708835700000E+02   1.302083385100000E+04   2.409688017300000E-04
   9.206413387300000E-07   2.337774538000000E-02   1.000000000000000E+00   1.000000000000000E+00   2.423697789300000E-04  -2.613708789500000E+02   1.302083385100000E+04   2.423697789300000E-04
   9.313153252500000E-07   2.351288769200000E-02   1.000000000000000E+00   1.000000000000000E+00   2.437755492700000E-04  -2.613708743000000E+02   1.302083385100000E+04   2.437755492700000E-04
   9.420508342800000E-07   2.364801866300000E-02   1.000000000000000E+00   1.000000000000000E+00   2.451765538700000E-04  -2.613708696200000E+02   1.302083385100000E+04   2.451765538700000E-04
   9.528478642000000E-07   2.378314962400000E-02   1.000000000000000E+00   1.000000000000000E+00   2.465775584000000E-04  -2.613708649100000E+02   1.302083385100000E+04   2.465775584000000E-04
   9.637064172199999E-07   2.391811773200000E-02   1.000000000000000E+00   1.000000000000000E+00   2.479771562000000E-04  -2.613708601800000E+02   1.302083385100000E+04   2.479771562000000E-04
   9.746264912100000E-07   2.405324775400000E-02   1.000000000000000E+00   1.000000000000000E+00   2.493781526300000E-04  -2.613708554200000E+02   1.302083385100000E+04   2.493781526300000E-04
   9.856080791600000E-07   2.418837776600000E-02   1.000000000000000E+00   1.000000000000000E+00   2.507791489800000E-04  -2.613708506300000E+02   1.302083385100000E+04   2.507791489800000E-04
   9.966512009000000E-07   2.432356967200000E-02   1.000000000000000E+00   1.000000000000000E+00   2.521786376600000E-04  -2.613708458200000E+02   1.302083385100000E+04   2.521786376600000E-04
   1.007755836700000E-06   2.445870000800000E-02   1.000000000000000E+00   1.000000000000000E+00   2.535796254800000E-04  -2.613708409800000E+02   1.302083385100000E+04   2.535796254800000E-04
   1.018921990900000E-06   2.459383033400000E-02   1.000000000000000E+00   1.000000000000000E+00   2.549806132300000E-04  -2.613708361100000E+02   1.302083385100000E+04   2.549806132300000E-04
   1.030149669700000E-06   2.472792502200000E-02   1.000000000000000E+00   1.000000000000000E+00   2.563799769300000E-04  -2.613708312100000E+02   1.302083385100000E+04   2.563799769300000E-04
   1.041438867800000E-06   2.486304966700000E-02   1.000000000000000E+00   1.000000000000000E+00   2.577809556500000E-04  -2.613708262900000E+02   1.302083385100000E+04   2.577809556500000E-04
   1.052789586700000E-06   2.499817430200000E-02   1.000000000000000E+00   1.000000000000000E+00   2.591819342900000E-04  -2.613708213500000E+02   1.302083385100000E+04   2.591819342900000E-04
   1.064201829800000E-06   2.513442318500000E-02   1.000000000000000E+00   1.000000000000000E+00   2.605790620600000E-04  -2.613708163700000E+02   1.302083385100000E+04   2.605790620600000E-04
   1.075675589300000E-06   2.526955384400000E-02   1.000000000000000E+00   1.000000000000000E+00   2.619800198500000E-04  -2.613708113700000E+02   1.302083385100000E+04   2.619800198500000E-04
   1.087210869200000E-06   2.540468449300000E-02   1.000000000000000E+00   1.000000000000000E+00   2.633809775500000E-04  -2.613708063400000E+02   1.302083385100000E+04   2.633809775500000E-04
   1.098807671400000E-06   2.553976608100000E-02   1.000000000000000E+00   1.000000000000000E+00   2.647792781700000E-04  -2.613708012800000E+02   1.302083385100000E+04   2.647792781700000E-04
   1.110465996800000E-06   2.567489644900000E-02   1.000000000000000E+00   1.000000000000000E+00   2.661802216600000E-04  -2.613707962000000E+02   1.302083385100000E+04   2.661802216600000E-04
   1.122185837800000E-06   2.581002680700000E-02   1.000000000000000E+00   1.000000000000000E+00   2.675811650600000E-04  -2.613707910900000E+02   1.302083385100000E+04   2.675811650600000E-04
   1.133967204500000E-06   2.594522838400000E-02   1.000000000000000E+00   1.000000000000000E+00   2.689903567300000E-04  -2.613707859600000E+02   1.302083385100000E+04   2.689903567300000E-04
   1.145810090000000E-06   2.608035909100000E-02   1.000000000000000E+00   1.000000000000000E+00   2.703913429400000E-04  -2.613707807900000E+02   1.302083385100000E+04   2.703913429400000E-04
   1.157714497400000E-06   2.621548978700000E-02   1.000000000000000E+00   1.000000000000000E+00   2.717923290600000E-04  -2.613707756100000E+02   1.302083385100000E+04   2.717923290600000E-04
   1.169680425800000E-06   2.634986418600000E-02   1.000000000000000E+00   1.000000000000000E+00   2.731879812700000E-04  -2.613707703900000E+02   1.302083385100000E+04   2.731879812700000E-04
   1.181707874700000E-06   2.648499098200000E-02   1.000000000000000E+00   1.000000000000000E+00   2.745889398700000E-04  -2.613707651500000E+02   1.302083385100000E+04   2.745889398700000E-04
   1.193796838600000E-06   2.662011776600000E-02   1.000000000000000E+00   1.000000000000000E+00   2.759898984000000E-04  -2.613707598800000E+02   1.302083385100000E+04   2.759898984000000E-04
   1.205947331000000E-06   2.675600670300000E-02   1.000000000000000E+00   1.000000000000000E+00   2.773971037100000E-04  -2.613707545900000E+02   1.302083385100000E+04   2.773971037100000E-04
   1.218159341400000E-06   2.689113731600000E-02   1.000000000000000E+00   1.000000000000000E+00   2.787980936200000E-04  -2.613707492600000E+02   1.302083385100000E+04   2.787980936200000E-04
   1.230432871600000E-06   2.702626791800000E-02   1.000000000000000E+00   1.000000000000000E+00   2.801990834400000E-04  -2.613707439100000E+02   1.302083385100000E+04   2.801990834400000E-04
   1.242767922600000E-06   2.716077623900000E-02   1.000000000000000E+00   1.000000000000000E+00   2.816024438500000E-04  -2.613707385300000E+02   1.302083385100000E+04   2.816024438500000E-04
   1.255164493700000E-06   2.729590372400000E-02   1.000000000000000E+00   1.000000000000000E+00   2.830034453000000E-04  -2.613707331300000E+02   1.302083385100000E+04   2.830034453000000E-04
   1.267622589600000E-06   2.743103119700000E-02   1.000000000000000E+00   1.000000000000000E+00   2.844044466600000E-04  -2.613707277000000E+02   1.302083385100000E+04   2.844044466600000E-04
   1.280142206300000E-06   2.756674445000000E-02   1.000000000000000E+00   1.000000000000000E+00   2.858026862400000E-04  -2.613707222400000E+02   1.302083385100000E+04   2.858026862400000E-04
   1.292723336900000E-06   2.770187477100000E-02   1.000000000000000E+00   1.000000000000000E+00   2.872036738900000E-04  -2.613707167500000E+02   1.302083385100000E+04   2.872036738900000E-04
   1.305365995100000E-06   2.783700508100000E-02   1.000000000000000E+00   1.000000000000000E+00   2.886046614500000E-04  -2.613707112400000E+02   1.302083385100000E+04   2.886046614500000E-04
   1.318070168200000E-06   2.797217154400000E-02   1.000000000000000E+00   1.000000000000000E+00   2.900033276000000E-04  -2.613707057100000E+02   1.302083385100000E+04   2.900033276000000E-04
   1.330835862700000E-06   2.810730200600000E-02   1.000000000000000E+00   1.000000000000000E+00   2.914043037800000E-04  -2.613707001400000E+02   1.302083385100000E+04   2.914043037800000E-04
   1.343663082500000E-06   2.824243245600000E-02   1.000000000000000E+00   1.000000000000000E+00   2.928052798600000E-04  -2.613706945500000E+02   1.302083385100000E+04   2.928052798600000E-04
   1.356551819900000E-06   2.837706777200000E-02   1.000000000000000E+00   1.000000000000000E+00   2.942010291200000E-04  -2.613706889300000E+02   1.302083385100000E+04   2.942010291200000E-04
   1.369502073200000E-06   2.851219584200000E-02   1.000000000000000E+00   1.000000000000000E+00   2.956019801400000E-04  -2.613706832900000E+02   1.302083385100000E+04   2.956019801400000E-04
   1.382513854900000E-06   2.864732390000000E-02   1.000000000000000E+00   1.000000000000000E+00   2.970029310700000E-04  -2.613706776200000E+02   1.302083385100000E+04   2.970029310700000E-04
   1.395587156700000E-06   2.878260406900000E-02   1.000000000000000E+00   1.000000000000000E+00   2.984094765000000E-04  -2.613706719200000E+02   1.302083385100000E+04   2.984094765000000E-04
   1.408721977300000E-06   2.891773281800000E-02   1.000000000000000E+00   1.000000000000000E+00   2.998104535200000E-04  -2.613706661900000E+02   1.302083385100000E+04   2.998104535200000E-04
   1.421918317800000E-06   2.905286155500000E-02   1.000000000000000E+00   1.000000000000000E+00   3.012114304500000E-04  -2.613706604400000E+02   1.302083385100000E+04   3.012114304500000E-04
   1.435176179600000E-06   2.918672231200000E-02   1.000000000000000E+00   1.000000000000000E+00   3.026095658000000E-04  -2.613706546600000E+02   1.302083385100000E+04   3.026095658000000E-04
   1.448495558800000E-06   2.932184515100000E-02   1.000000000000000E+00   1.000000000000000E+00   3.040105293800000E-04  -2.613706488500000E+02   1.302083385100000E+04   3.040105293800000E-04
   1.461876464700000E-06   2.945696797800000E-02   1.000000000000000E+00   1.000000000000000E+00   3.054114928800000E-04  -2.613706430200000E+02   1.302083385100000E+04   3.054114928800000E-04
   1.475318887000000E-06   2.959320867700000E-02   1.000000000000000E+00   1.000000000000000E+00   3.068139827200000E-04  -2.613706371600000E+02   1.302083385100000E+04   3.068139827200000E-04
   1.488822827400000E-06   2.972833658500000E-02   1.000000000000000E+00   1.000000000000000E+00   3.082149530000000E-04  -2.613706312700000E+02   1.302083385100000E+04   3.082149530000000E-04
   1.502388293800000E-06   2.986346448100000E-02   1.000000000000000E+00   1.000000000000000E+00   3.096159231900000E-04  -2.613706253600000E+02   1.302083385100000E+04   3.096159231900000E-04
   1.516015275200000E-06   2.999754510500000E-02   1.000000000000000E+00   1.000000000000000E+00   3.110161144900000E-04  -2.613706194200000E+02   1.302083385100000E+04   3.110161144900000E-04
   1.529703783000000E-06   3.013266825800000E-02   1.000000000000000E+00   1.000000000000000E+00   3.124170809800000E-04  -2.613706134500000E+02   1.302083385100000E+04   3.124170809800000E-04
   1.543453808500000E-06   3.026779139800000E-02   1.000000000000000E+00   1.000000000000000E+00   3.138180473800000E-04  -2.613706074600000E+02   1.302083385100000E+04   3.138180473800000E-04
   1.557265350300000E-06   3.040455341500000E-02   1.000000000000000E+00   1.000000000000000E+00   3.152115178200000E-04  -2.613706014400000E+02   1.302083385100000E+04   3.152115178200000E-04
   1.571138416800000E-06   3.053968381700000E-02   1.000000000000000E+00   1.000000000000000E+00   3.166124507100000E-04  -2.613705953900000E+02   1.302083385100000E+04   3.166124507100000E-04
   1.585072999100000E-06   3.067481420600000E-02   1.000000000000000E+00   1.000000000000000E+00   3.180133835100000E-04  -2.613705893200000E+02   1.302083385100000E+04   3.180133835100000E-04
   1.599069112600000E-06   3.080907975500000E-02   1.000000000000000E+00   1.000000000000000E+00   3.194296794300000E-04  -2.613705832200000E+02   1.302083385100000E+04   3.194296794300000E-04
   1.613126740600000E-06   3.094420632700000E-02   1.000000000000000E+00   1.000000000000000E+00   3.208306794200000E-04  -2.613705770900000E+02   1.302083385100000E+04   3.208306794200000E-04
   1.627245884200000E-06   3.107933288600000E-02   1.000000000000000E+00   1.000000000000000E+00   3.222316793100000E-04  -2.613705709400000E+02   1.302083385100000E+04   3.222316793100000E-04
   1.641426553200000E-06   3.121533315200000E-02   1.000000000000000E+00   1.000000000000000E+00   3.236241335700000E-04  -2.613705647600000E+02   1.302083385100000E+04   3.236241335700000E-04
   1.655668742400000E-06   3.135046346600000E-02   1.000000000000000E+00   1.000000000000000E+00   3.250250962800000E-04  -2.613705585500000E+02   1.302083385100000E+04   3.250250962800000E-04
   1.669972446400000E-06   3.148559376800000E-02   1.000000000000000E+00   1.000000000000000E+00   3.264260588800000E-04  -2.613705523100000E+02   1.302083385100000E+04   3.264260588800000E-04
   1.684337678000000E-06   3.161961888800000E-02   1.000000000000000E+00   1.000000000000000E+00   3.278341238900000E-04  -2.613705460500000E+02   1.302083385100000E+04   3.278341238900000E-04
   1.698764425500000E-06   3.175474444300000E-02   1.000000000000000E+00   1.000000000000000E+00   3.292351166500000E-04  -2.613705397600000E+02   1.302083385100000E+04   3.292351166500000E-04
   1.713252697400000E-06   3.188986998400000E-02   1.000000000000000E+00   1.000000000000000E+00   3.306361093100000E-04  -2.613705334400000E+02   1.302083385100000E+04   3.306361093100000E-04
   1.727802486600000E-06   3.202610977600000E-02   1.000000000000000E+00   1.000000000000000E+00   3.320367838400000E-04  -2.613705271000000E+02   1.302083385100000E+04   3.320367838400000E-04
   1.742413794200000E-06   3.216123999100000E-02   1.000000000000000E+00   1.000000000000000E+00   3.334377749600000E-04  -2.613705207300000E+02   1.302083385100000E+04   3.334377749600000E-04
   1.757086629100000E-06   3.229637019200000E-02   1.000000000000000E+00   1.000000000000000E+00   3.348387659800000E-04  -2.613705143400000E+02   1.302083385100000E+04   3.348387659800000E-04
   1.771820977400000E-06   3.243145423100000E-02   1.000000000000000E+00   1.000000000000000E+00   3.362371789600000E-04  -2.613705079100000E+02   1.302083385100000E+04   3.362371789600000E-04
   1.786616848000000E-06   3.256658421400000E-02   1.000000000000000E+00   1.000000000000000E+00   3.376381590300000E-04  -2.613705014600000E+02   1.302083385100000E+04   3.376381590300000E-04
   1.801474237900000E-06   3.270171418300000E-02   1.000000000000000E+00   1.000000000000000E+00   3.390391390000000E-04  -2.613704949900000E+02   1.302083385100000E+04   3.390391390000000E-04
   1.816393147200000E-06   3.283614989800000E-02   1.000000000000000E+00   1.000000000000000E+00   3.404418382200000E-04  -2.613704884900000E+02   1.302083385100000E+04   3.404418382200000E-04
   1.831373581000000E-06   3.297127698100000E-02   1.000000000000000E+00   1.000000000000000E+00   3.418428250600000E-04  -2.613704819600000E+02   1.302083385100000E+04   3.418428250600000E-04
   1.846415532100000E-06   3.310640405100000E-02   1.000000000000000E+00   1.000000000000000E+00   3.432438118000000E-04  -2.613704754000000E+02   1.302083385100000E+04   3.432438118000000E-04
   1.861519001000000E-06   3.324172048300000E-02   1.000000000000000E+00   1.000000000000000E+00   3.446465873800000E-04  -2.613704688100000E+02   1.302083385100000E+04   3.446465873800000E-04
   1.876683994200000E-06   3.337684829600000E-02   1.000000000000000E+00   1.000000000000000E+00   3.460475811800000E-04  -2.613704622000000E+02   1.302083385100000E+04   3.460475811800000E-04
   1.891910509200000E-06   3.351197609400000E-02   1.000000000000000E+00   1.000000000000000E+00   3.474485748800000E-04  -2.613704555600000E+02   1.302083385100000E+04   3.474485748800000E-04
   1.907198538200000E-06   3.364759475400000E-02   1.000000000000000E+00   1.000000000000000E+00   3.488381259700000E-04  -2.613704489000000E+02   1.302083385100000E+04   3.488381259700000E-04
   1.922548091000000E-06   3.378272449700000E-02   1.000000000000000E+00   1.000000000000000E+00   3.502390735000000E-04  -2.613704422100000E+02   1.302083385100000E+04   3.502390735000000E-04
   1.937959163600000E-06   3.391785422600000E-02   1.000000000000000E+00   1.000000000000000E+00   3.516400209300000E-04  -2.613704354900000E+02   1.302083385100000E+04   3.516400209300000E-04
   1.953431757700000E-06   3.405304176700000E-02   1.000000000000000E+00   1.000000000000000E+00   3.530412301700000E-04  -2.613704287500000E+02   1.302083385100000E+04   3.530412301700000E-04
   1.968965867000000E-06   3.418817169800000E-02   1.000000000000000E+00   1.000000000000000E+00   3.544421784300000E-04  -2.613704219800000E+02   1.302083385100000E+04   3.544421784300000E-04
   1.984561497600000E-06   3.432330161500000E-02   1.000000000000000E+00   1.000000000000000E+00   3.558431265800000E-04  -2.613704151800000E+02   1.302083385100000E+04   3.558431265800000E-04
   2.000218651800000E-06   3.445786257300000E-02   1.000000000000000E+00   1.000000000000000E+00   3.572560337400000E-04  -2.613704083500000E+02   1.302083385100000E+04   3.572560337400000E-04
   2.015937319900000E-06   3.459299022900000E-02   1.000000000000000E+00   1.000000000000000E+00   3.586570285700000E-04  -2.613704015000000E+02   1.302083385100000E+04   3.586570285700000E-04
   2.031717513600000E-06   3.472811787100000E-02   1.000000000000000E+00   1.000000000000000E+00   3.600580232900000E-04  -2.613703946200000E+02   1.302083385100000E+04   3.600580232900000E-04
   2.047559228100000E-06   3.486381798700000E-02   1.000000000000000E+00   1.000000000000000E+00   3.614520933300000E-04  -2.613703877200000E+02   1.302083385100000E+04   3.614520933300000E-04
   2.063462464700000E-06   3.499894782000000E-02   1.000000000000000E+00   1.000000000000000E+00   3.628530610000000E-04  -2.613703807800000E+02   1.302083385100000E+04   3.628530610000000E-04
   2.079427213400000E-06   3.513407763900000E-02   1.000000000000000E+00   1.000000000000000E+00   3.642540285600000E-04  -2.613703738200000E+02   1.302083385100000E+04   3.642540285600000E-04
   2.095453484200000E-06   3.526881807900000E-02   1.000000000000000E+00   1.000000000000000E+00   3.656588721800000E-04  -2.613703668400000E+02   1.302083385100000E+04   3.656588721800000E-04
   2.111541275100000E-06   3.540394637900000E-02   1.000000000000000E+00   1.000000000000000E+00   3.670598543600000E-04  -2.613703598200000E+02   1.302083385100000E+04   3.670598543600000E-04
   2.127690590500000E-06   3.553907466400000E-02   1.000000000000000E+00   1.000000000000000E+00   3.684608364400000E-04  -2.613703527900000E+02   1.302083385100000E+04   3.684608364400000E-04
   2.143901417600000E-06   3.567426418400000E-02   1.000000000000000E+00   1.000000000000000E+00   3.698655447600000E-04  -2.613703457200000E+02   1.302083385100000E+04   3.698655447600000E-04
   2.160173764300000E-06   3.580939266800000E-02   1.000000000000000E+00   1.000000000000000E+00   3.712665407300000E-04  -2.613703386300000E+02   1.302083385100000E+04   3.712665407300000E-04
   2.176507642400000E-06   3.594452113900000E-02   1.000000000000000E+00   1.000000000000000E+00   3.726675365900000E-04  -2.613703315100000E+02   1.302083385100000E+04   3.726675365900000E-04
   2.192903035500000E-06   3.607964998600000E-02   1.000000000000000E+00   1.000000000000000E+00   3.740668247900000E-04  -2.613703243700000E+02   1.302083385100000E+04   3.740668247900000E-04
   2.209359947700000E-06   3.621477843100000E-02   1.000000000000000E+00   1.000000000000000E+00   3.754678140300000E-04  -2.613703171900000E+02   1.302083385100000E+04   3.754678140300000E-04
   2.225878378100000E-06   3.634990686000000E-02   1.000000000000000E+00   1.000000000000000E+00   3.768688031500000E-04  -2.613703099900000E+02   1.302083385100000E+04   3.768688031500000E-04
   2.242458326800000E-06   3.648532976500000E-02   1.000000000000000E+00   1.000000000000000E+00   3.782715485000000E-04  -2.613703027600000E+02   1.302083385100000E+04   3.782715485000000E-04
   2.259099792100000E-06   3.662045925300000E-02   1.000000000000000E+00   1.000000000000000E+00   3.796725439000000E-04  -2.613702955100000E+02   1.302083385100000E+04   3.796725439000000E-04
   2.275802787800000E-06   3.675558872600000E-02   1.000000000000000E+00   1.000000000000000E+00   3.810735391800000E-04  -2.613702882200000E+02   1.302083385100000E+04   3.810735391800000E-04
   2.292567298000000E-06   3.689078602200000E-02   1.000000000000000E+00   1.000000000000000E+00   3.824617883600000E-04  -2.613702809200000E+02   1.302083385100000E+04   3.824617883600000E-04
   2.309393329000000E-06   3.702591571400000E-02   1.000000000000000E+00   1.000000000000000E+00   3.838627367200000E-04  -2.613702735800000E+02   1.302083385100000E+04   3.838627367200000E-04
   2.326280879700000E-06   3.716104539000000E-02   1.000000000000000E+00   1.000000000000000E+00   3.852636849700000E-04  -2.613702662200000E+02   1.302083385100000E+04   3.852636849700000E-04
   2.343229949400000E-06   3.729581892600000E-02   1.000000000000000E+00   1.000000000000000E+00   3.866763676600000E-04  -2.613702588300000E+02   1.302083385100000E+04   3.866763676600000E-04
   2.360240539300000E-06   3.743094728300000E-02   1.000000000000000E+00   1.000000000000000E+00   3.880773581900000E-04  -2.613702514200000E+02   1.302083385100000E+04   3.880773581900000E-04
   2.377312649300000E-06   3.756607562500000E-02   1.000000000000000E+00   1.000000000000000E+00   3.894783486100000E-04  -2.613702439700000E+02   1.302083385100000E+04   3.894783486100000E-04
   2.394446273600000E-06   3.770151842200000E-02   1.000000000000000E+00   1.000000000000000E+00   3.908635334200000E-04  -2.613702365200000E+02   1.302083385100000E+04   3.908635334200000E-04
   2.411641424400000E-06   3.783664785800000E-02   1.000000000000000E+00   1.000000000000000E+00   3.922644669500000E-04  -2.613702290200000E+02   1.302083385100000E+04   3.922644669500000E-04
   2.428898091400000E-06   3.797177728000000E-02   1.000000000000000E+00   1.000000000000000E+00   3.936654003700000E-04  -2.613702215000000E+02   1.302083385100000E+04   3.936654003700000E-04
   2.446216283500000E-06   3.810692098800000E-02   1.000000000000000E+00   1.000000000000000E+00   3.950812696100000E-04  -2.613702139400000E+02   1.302083385100000E+04   3.950812696100000E-04
   2.463595990500000E-06   3.824205042800000E-02   1.000000000000000E+00   1.000000000000000E+00   3.964822557500000E-04  -2.613702063600000E+02   1.302083385100000E+04   3.964822557500000E-04
   2.481037213400000E-06   3.837717985100000E-02   1.000000000000000E+00   1.000000000000000E+00   3.978832417700000E-04  -2.613701987600000E+02   1.302083385100000E+04   3.978832417700000E-04
   2.498539960800000E-06   3.851087055900000E-02   1.000000000000000E+00   1.000000000000000E+00   3.992865124200000E-04  -2.613701911300000E+02   1.302083385100000E+04   3.992865124200000E-04
   2.516104226400000E-06   3.864599490000000E-02   1.000000000000000E+00   1.000000000000000E+00   4.006875062200000E-04  -2.613701834700000E+02   1.302083385100000E+04   4.006875062200000E-04
   2.533730009900000E-06   3.878111922600000E-02   1.000000000000000E+00   1.000000000000000E+00   4.020884998900000E-04  -2.613701757900000E+02   1.302083385100000E+04   4.020884998900000E-04
   2.551417318600000E-06   3.891693846600000E-02   1.000000000000000E+00   1.000000000000000E+00   4.034725490300000E-04  -2.613701680800000E+02   1.302083385100000E+04   4.034725490300000E-04
   2.569166140100000E-06   3.905206517700000E-02   1.000000000000000E+00   1.000000000000000E+00   4.048734836300000E-04  -2.613701603400000E+02   1.302083385100000E+04   4.048734836300000E-04
   2.586976483400000E-06   3.918719187200000E-02   1.000000000000000E+00   1.000000000000000E+00   4.062744181000000E-04  -2.613701525800000E+02   1.302083385100000E+04   4.062744181000000E-04
   2.604848347400000E-06   3.932308968500000E-02   1.000000000000000E+00   1.000000000000000E+00   4.076821389300000E-04  -2.613701448000000E+02   1.302083385100000E+04   4.076821389300000E-04
   2.622781734800000E-06   3.945821899600000E-02   1.000000000000000E+00   1.000000000000000E+00   4.090830964800000E-04  -2.613701369800000E+02   1.302083385100000E+04   4.090830964800000E-04
   2.640776635100000E-06   3.959334829100000E-02   1.000000000000000E+00   1.000000000000000E+00   4.104840539100000E-04  -2.613701291400000E+02   1.302083385100000E+04   4.104840539100000E-04
   2.658833055700000E-06   3.972845370000000E-02   1.000000000000000E+00   1.000000000000000E+00   4.118747011800000E-04  -2.613701212700000E+02   1.302083385100000E+04   4.118747011800000E-04
   2.676950997900000E-06   3.986358288100000E-02   1.000000000000000E+00   1.000000000000000E+00   4.132756232900000E-04  -2.613701133700000E+02   1.302083385100000E+04   4.132756232900000E-04
   2.695130453700000E-06   3.999871204600000E-02   1.000000000000000E+00   1.000000000000000E+00   4.146765452700000E-04  -2.613701054500000E+02   1.302083385100000E+04   4.146765452700000E-04
   2.713371439900000E-06   4.013368138500000E-02   1.000000000000000E+00   1.000000000000000E+00   4.160975999800000E-04  -2.613700974800000E+02   1.302083385100000E+04   4.160975999800000E-04
   2.731673935800000E-06   4.026880997900000E-02   1.000000000000000E+00   1.000000000000000E+00   4.174985895000000E-04  -2.613700895100000E+02   1.302083385100000E+04   4.174985895000000E-04
   2.750037956400000E-06   4.040393855600000E-02   1.000000000000000E+00   1.000000000000000E+00   4.188995789000000E-04  -2.613700815000000E+02   1.302083385100000E+04   4.188995789000000E-04
   2.768463493500000E-06   4.053875418700000E-02   1.000000000000000E+00   1.000000000000000E+00   4.202907837300000E-04  -2.613700734700000E+02   1.302083385100000E+04   4.202907837300000E-04
   2.786950548500000E-06   4.067388168500000E-02   1.000000000000000E+00   1.000000000000000E+00   4.216917402600000E-04  -2.613700654100000E+02   1.302083385100000E+04   4.216917402600000E-04
   2.805499124100000E-06   4.080900916700000E-02   1.000000000000000E+00   1.000000000000000E+00   4.230926966600000E-04  -2.613700573200000E+02   1.302083385100000E+04   4.230926966600000E-04
   2.824109225300000E-06   4.094382049900000E-02   1.000000000000000E+00   1.000000000000000E+00   4.244986754200000E-04  -2.613700492100000E+02   1.302083385100000E+04   4.244986754200000E-04
   2.842780843800000E-06   4.107894690300000E-02   1.000000000000000E+00   1.000000000000000E+00   4.258996481400000E-04  -2.613700410700000E+02   1.302083385100000E+04   4.258996481400000E-04
   2.861513974400000E-06   4.121407329000000E-02   1.000000000000000E+00   1.000000000000000E+00   4.273006207300000E-04  -2.613700329100000E+02   1.302083385100000E+04   4.273006207300000E-04
   2.880308625700000E-06   4.134977961800000E-02   1.000000000000000E+00   1.000000000000000E+00   4.286887324900000E-04  -2.613700247300000E+02   1.302083385100000E+04   4.286887324900000E-04
   2.899164797700000E-06   4.148490786600000E-02   1.000000000000000E+00   1.000000000000000E+00   4.300896628000000E-04  -2.613700165100000E+02   1.302083385100000E+04   4.300896628000000E-04
   2.918082492700000E-06   4.162003609800000E-02   1.000000000000000E+00   1.000000000000000E+00   4.314905929700000E-04  -2.613700082600000E+02   1.302083385100000E+04   4.314905929700000E-04
   2.937061706100000E-06   4.175544594000000E-02   1.000000000000000E+00   1.000000000000000E+00   4.329021886600000E-04  -2.613699999800000E+02   1.302083385100000E+04   4.329021886600000E-04
   2.956102440100000E-06   4.189057505000000E-02   1.000000000000000E+00   1.000000000000000E+00   4.343031530900000E-04  -2.613699916800000E+02   1.302083385100000E+04   4.343031530900000E-04
   2.975204691500000E-06   4.202570414300000E-02   1.000000000000000E+00   1.000000000000000E+00   4.357041173900000E-04  -2.613699833500000E+02   1.302083385100000E+04   4.357041173900000E-04
   2.994368454100000E-06   4.216040189000000E-02   1.000000000000000E+00   1.000000000000000E+00   4.371078198500000E-04  -2.613699749900000E+02   1.302083385100000E+04   4.371078198500000E-04
   3.013593739000000E-06   4.229552956400000E-02   1.000000000000000E+00   1.000000000000000E+00   4.385087926700000E-04  -2.613699666100000E+02   1.302083385100000E+04   4.385087926700000E-04
   3.032880545300000E-06   4.243065722000000E-02   1.000000000000000E+00   1.000000000000000E+00   4.399097653500000E-04  -2.613699582100000E+02   1.302083385100000E+04   4.399097653500000E-04
   3.052228874100000E-06   4.256622850800000E-02   1.000000000000000E+00   1.000000000000000E+00   4.413143080900000E-04  -2.613699497800000E+02   1.302083385100000E+04   4.413143080900000E-04
   3.071638718400000E-06   4.270135753900000E-02   1.000000000000000E+00   1.000000000000000E+00   4.427152918400000E-04  -2.613699413200000E+02   1.302083385100000E+04   4.427152918400000E-04
   3.091110085000000E-06   4.283648655300000E-02   1.000000000000000E+00   1.000000000000000E+00   4.441162754600000E-04  -2.613699328300000E+02   1.302083385100000E+04   4.441162754600000E-04
   3.110642970400000E-06   4.297151395300000E-02   1.000000000000000E+00   1.000000000000000E+00   4.455106831500000E-04  -2.613699243100000E+02   1.302083385100000E+04   4.455106831500000E-04
   3.130237367100000E-06   4.310664261100000E-02   1.000000000000000E+00   1.000000000000000E+00   4.469116458100000E-04  -2.613699157700000E+02   1.302083385100000E+04   4.469116458100000E-04
   3.149893290000000E-06   4.324177125200000E-02   1.000000000000000E+00   1.000000000000000E+00   4.483126083500000E-04  -2.613699072000000E+02   1.302083385100000E+04   4.483126083500000E-04
   3.169610728700000E-06   4.337698052600000E-02   1.000000000000000E+00   1.000000000000000E+00   4.497120391400000E-04  -2.613698986100000E+02   1.302083385100000E+04   4.497120391400000E-04
   3.189389694200000E-06   4.351210938300000E-02   1.000000000000000E+00   1.000000000000000E+00   4.511129966300000E-04  -2.613698899800000E+02   1.302083385100000E+04   4.511129966300000E-04
   3.209230168800000E-06   4.364723822300000E-02   1.000000000000000E+00   1.000000000000000E+00   4.525139539800000E-04  -2.613698813300000E+02   1.302083385100000E+04   4.525139539800000E-04
   3.229132165200000E-06   4.378111233700000E-02   1.000000000000000E+00   1.000000000000000E+00   4.539161595500000E-04  -2.613698726700000E+02   1.302083385100000E+04   4.539161595500000E-04
   3.249095681100000E-06   4.391623726400000E-02   1.000000000000000E+00   1.000000000000000E+00   4.553171204900000E-04  -2.613698639700000E+02   1.302083385100000E+04   4.553171204900000E-04
   3.269120714400000E-06   4.405136217300000E-02   1.000000000000000E+00   1.000000000000000E+00   4.567180812800000E-04  -2.613698552400000E+02   1.302083385100000E+04   4.567180812800000E-04
   3.289207273800000E-06   4.418773138300000E-02   1.000000000000000E+00   1.000000000000000E+00   4.581221701400000E-04  -2.613698464700000E+02   1.302083385100000E+04   4.581221701400000E-04
   3.309355343500000E-06   4.432286006400000E-02   1.000000000000000E+00   1.000000000000000E+00   4.595231402300000E-04  -2.613698376900000E+02   1.302083385100000E+04   4.595231402300000E-04
   3.329564936100000E-06   4.445798872800000E-02   1.000000000000000E+00   1.000000000000000E+00   4.609241101700000E-04  -2.613698288800000E+02   1.302083385100000E+04   4.609241101700000E-04
   3.349836044500000E-06   4.459122427000000E-02   1.000000000000000E+00   1.000000000000000E+00   4.623257115600000E-04  -2.613698200400000E+02   1.302083385100000E+04   4.623257115600000E-04
   3.370168675700000E-06   4.472634715600000E-02   1.000000000000000E+00   1.000000000000000E+00   4.637266831400000E-04  -2.613698111800000E+02   1.302083385100000E+04   4.637266831400000E-04
   3.390562821100000E-06   4.486147002200000E-02   1.000000000000000E+00   1.000000000000000E+00   4.651276545800000E-04  -2.613698022900000E+02   1.302083385100000E+04   4.651276545800000E-04
   3.411018488700000E-06   4.499831515700000E-02   1.000000000000000E+00   1.000000000000000E+00   4.665340556500000E-04  -2.613697933700000E+02   1.302083385100000E+04   4.665340556500000E-04
   3.431535677800000E-06   4.513344316400000E-02   1.000000000000000E+00   1.000000000000000E+00   4.679350431200000E-04  -2.613697844300000E+02   1.302083385100000E+04   4.679350431200000E-04
   3.452114377900000E-06   4.526857115200000E-02   1.000000000000000E+00   1.000000000000000E+00   4.693360304400000E-04  -2.613697754600000E+02   1.302083385100000E+04   4.693360304400000E-04
   3.472754599900000E-06   4.540199750500000E-02   1.000000000000000E+00   1.000000000000000E+00   4.707367835300000E-04  -2.613697664600000E+02   1.302083385100000E+04   4.707367835300000E-04
   3.493456340400000E-06   4.553712039500000E-02   1.000000000000000E+00   1.000000000000000E+00   4.721377698700000E-04  -2.613697574400000E+02   1.302083385100000E+04   4.721377698700000E-04
   3.514219599000000E-06   4.567224326600000E-02   1.000000000000000E+00   1.000000000000000E+00   4.735387560700000E-04  -2.613697483900000E+02   1.302083385100000E+04   4.735387560700000E-04
   3.535044379500000E-06   4.580924409000000E-02   1.000000000000000E+00   1.000000000000000E+00   4.749178153300000E-04  -2.613697393200000E+02   1.302083385100000E+04   4.749178153300000E-04
   3.555930677600000E-06   4.594437245800000E-02   1.000000000000000E+00   1.000000000000000E+00   4.763187365600000E-04  -2.613697302200000E+02   1.302083385100000E+04   4.763187365600000E-04
   3.576878490800000E-06   4.607950080700000E-02   1.000000000000000E+00   1.000000000000000E+00   4.777196576500000E-04  -2.613697210900000E+02   1.302083385100000E+04   4.777196576500000E-04
   3.597887829100000E-06   4.621470870000000E-02   1.000000000000000E+00   1.000000000000000E+00   4.791334427500000E-04  -2.613697119200000E+02   1.302083385100000E+04   4.791334427500000E-04
   3.618958679300000E-06   4.634983724400000E-02   1.000000000000000E+00   1.000000000000000E+00   4.805344011600000E-04  -2.613697027400000E+02   1.302083385100000E+04   4.805344011600000E-04
   3.640091051800000E-06   4.648496576900000E-02   1.000000000000000E+00   1.000000000000000E+00   4.819353594400000E-04  -2.613696935300000E+02   1.302083385100000E+04   4.819353594400000E-04
   3.661284946200000E-06   4.661965563900000E-02   1.000000000000000E+00   1.000000000000000E+00   4.833399787100000E-04  -2.613696842800000E+02   1.302083385100000E+04   4.833399787100000E-04
   3.682540350400000E-06   4.675478285200000E-02   1.000000000000000E+00   1.000000000000000E+00   4.847409473000000E-04  -2.613696750100000E+02   1.302083385100000E+04   4.847409473000000E-04
   3.703857277500000E-06   4.688991004600000E-02   1.000000000000000E+00   1.000000000000000E+00   4.861419157500000E-04  -2.613696657200000E+02   1.302083385100000E+04   4.861419157500000E-04
   3.725235725300000E-06   4.702507508400000E-02   1.000000000000000E+00   1.000000000000000E+00   4.875446441000000E-04  -2.613696564100000E+02   1.302083385100000E+04   4.875446441000000E-04
   3.746675691000000E-06   4.716020234800000E-02   1.000000000000000E+00   1.000000000000000E+00   4.889456173100000E-04  -2.613696470600000E+02   1.302083385100000E+04   4.889456173100000E-04
   3.768177171700000E-06   4.729532959300000E-02   1.000000000000000E+00   1.000000000000000E+00   4.903465903700000E-04  -2.613696376900000E+02   1.302083385100000E+04   4.903465903700000E-04
   3.789740169300000E-06   4.743086667000000E-02   1.000000000000000E+00   1.000000000000000E+00   4.917510877900000E-04  -2.613696282900000E+02   1.302083385100000E+04   4.917510877900000E-04
   3.811364689100000E-06   4.756599504500000E-02   1.000000000000000E+00   1.000000000000000E+00   4.931520706000000E-04  -2.613696188600000E+02   1.302083385100000E+04   4.931520706000000E-04
   3.833050729100000E-06   4.770112340100000E-02   1.000000000000000E+00   1.000000000000000E+00   4.945530532600000E-04  -2.613696094100000E+02   1.302083385100000E+04   4.945530532600000E-04
   3.854798281500000E-06   4.783622730400000E-02   1.000000000000000E+00   1.000000000000000E+00   4.959544532100000E-04  -2.613695999300000E+02   1.302083385100000E+04   4.959544532100000E-04
   3.876607358500000E-06   4.797135555100000E-02   1.000000000000000E+00   1.000000000000000E+00   4.973554367400000E-04  -2.613695904200000E+02   1.302083385100000E+04   4.973554367400000E-04
   3.898477953100000E-06   4.810648377800000E-02   1.000000000000000E+00   1.000000000000000E+00   4.987564201300000E-04  -2.613695808900000E+02   1.302083385100000E+04   4.987564201300000E-04
   3.920410062900000E-06   4.824160072600000E-02   1.000000000000000E+00   1.000000000000000E+00   5.001519990800000E-04  -2.613695713300000E+02   1.302083385100000E+04   5.001519990800000E-04
   3.942403693500000E-06   4.837672888200000E-02   1.000000000000000E+00   1.000000000000000E+00   5.015529670300000E-04  -2.613695617400000E+02   1.302083385100000E+04   5.015529670300000E-04
   3.964458839900000E-06   4.851185701700000E-02   1.000000000000000E+00   1.000000000000000E+00   5.029539348200000E-04  -2.613695521300000E+02   1.302083385100000E+04   5.029539348200000E-04
   3.986575503900000E-06   4.864531516200000E-02   1.000000000000000E+00   1.000000000000000E+00   5.043599467100000E-04  -2.613695424900000E+02   1.302083385100000E+04   5.043599467100000E-04
   4.008753685300000E-06   4.878043862400000E-02   1.000000000000000E+00   1.000000000000000E+00   5.057609282199999E-04  -2.613695328200000E+02   1.302083385100000E+04   5.057609282199999E-04
   4.030993388600000E-06   4.891556206500000E-02   1.000000000000000E+00   1.000000000000000E+00   5.071619095700001E-04  -2.613695231300000E+02   1.302083385100000E+04   5.071619095700001E-04
   4.053294609700000E-06   4.905032767900000E-02   1.000000000000000E+00   1.000000000000000E+00   5.085454484400000E-04  -2.613695134100000E+02   1.302083385100000E+04   5.085454484400000E-04
   4.075657347100000E-06   4.918545008500000E-02   1.000000000000000E+00   1.000000000000000E+00   5.099463814300001E-04  -2.613695036600000E+02   1.302083385100000E+04   5.099463814300001E-04
   4.098081604900000E-06   4.932057247100000E-02   1.000000000000000E+00   1.000000000000000E+00   5.113473142700000E-04  -2.613694938800000E+02   1.302083385100000E+04   5.113473142700000E-04
   4.120567379900000E-06   4.945748902300000E-02   1.000000000000000E+00   1.000000000000000E+00   5.127499645800000E-04  -2.613694840900000E+02   1.302083385100000E+04   5.127499645800000E-04
   4.143114673200000E-06   4.959261627400000E-02   1.000000000000000E+00   1.000000000000000E+00   5.141509018000000E-04  -2.613694742600000E+02   1.302083385100000E+04   5.141509018000000E-04
   4.165723481100000E-06   4.972774350300000E-02   1.000000000000000E+00   1.000000000000000E+00   5.155518388700000E-04  -2.613694644100000E+02   1.302083385100000E+04   5.155518388700000E-04
   4.188393813500000E-06   4.986317394600000E-02   1.000000000000000E+00   1.000000000000000E+00   5.169531801800001E-04  -2.613694545100000E+02   1.302083385100000E+04   5.169531801800001E-04
   4.211125661900000E-06   4.999830195800000E-02   1.000000000000000E+00   1.000000000000000E+00   5.183541180300000E-04  -2.613694446000000E+02   1.302083385100000E+04   5.183541180300000E-04
   4.233919026800000E-06   5.013342995000000E-02   1.000000000000000E+00   1.000000000000000E+00   5.197550557300000E-04  -2.613694346700000E+02   1.302083385100000E+04   5.197550557300000E-04
   4.256773905000000E-06   5.026695499200000E-02   1.000000000000000E+00   1.000000000000000E+00   5.211683031000000E-04  -2.613694247000000E+02   1.302083385100000E+04   5.211683031000000E-04
   4.279690308400000E-06   5.040207863700000E-02   1.000000000000000E+00   1.000000000000000E+00   5.225692735800000E-04  -2.613694147100000E+02   1.302083385100000E+04   5.225692735800000E-04
   4.302668228200000E-06   5.053720226200000E-02   1.000000000000000E+00   1.000000000000000E+00   5.239702438900000E-04  -2.613694047000000E+02   1.302083385100000E+04   5.239702438900000E-04
   4.325707665000000E-06   5.067394013600000E-02   1.000000000000000E+00   1.000000000000000E+00   5.253645083600000E-04  -2.613693946700000E+02   1.302083385100000E+04   5.253645083600000E-04
   4.348808621500000E-06   5.080906801900000E-02   1.000000000000000E+00   1.000000000000000E+00   5.267654604800001E-04  -2.613693846000000E+02   1.302083385100000E+04   5.267654604800001E-04
   4.371971092800000E-06   5.094419588200000E-02   1.000000000000000E+00   1.000000000000000E+00   5.281664124400000E-04  -2.613693745000000E+02   1.302083385100000E+04   5.281664124400000E-04
   4.395195085000000E-06   5.107805330300000E-02   1.000000000000000E+00   1.000000000000000E+00   5.295761482399999E-04  -2.613693643800000E+02   1.302083385100000E+04   5.295761482399999E-04
   4.418480590800000E-06   5.121317776600000E-02   1.000000000000000E+00   1.000000000000000E+00   5.309771231100000E-04  -2.613693542300000E+02   1.302083385100000E+04   5.309771231100000E-04
   4.441827619700000E-06   5.134830220900000E-02   1.000000000000000E+00   1.000000000000000E+00   5.323780978300000E-04  -2.613693440500000E+02   1.302083385100000E+04   5.323780978300000E-04
   4.465236161400000E-06   5.148445365700000E-02   1.000000000000000E+00   1.000000000000000E+00   5.337535933700000E-04  -2.613693338400000E+02   1.302083385100000E+04   5.337535933700000E-04
   4.488706225100000E-06   5.161958075100000E-02   1.000000000000000E+00   1.000000000000000E+00   5.351545008900000E-04  -2.613693236100000E+02   1.302083385100000E+04   5.351545008900000E-04
   4.512237799700000E-06   5.175470782300000E-02   1.000000000000000E+00   1.000000000000000E+00   5.365554082500000E-04  -2.613693133600000E+02   1.302083385100000E+04   5.365554082500000E-04
   4.535830898900000E-06   5.188993405600000E-02   1.000000000000000E+00   1.000000000000000E+00   5.379568516200000E-04  -2.613693030700000E+02   1.302083385100000E+04   5.379568516200000E-04
   4.559485514200000E-06   5.202506134400000E-02   1.000000000000000E+00   1.000000000000000E+00   5.393577600500000E-04  -2.613692927600000E+02   1.302083385100000E+04   5.393577600500000E-04
   4.583201646200000E-06   5.216018861000000E-02   1.000000000000000E+00   1.000000000000000E+00   5.407586683200001E-04  -2.613692824200000E+02   1.302083385100000E+04   5.407586683200001E-04
   4.606979295000000E-06   5.229546998300000E-02   1.000000000000000E+00   1.000000000000000E+00   5.421733552100000E-04  -2.613692720700000E+02   1.302083385100000E+04   5.421733552100000E-04
   4.630818463200000E-06   5.243059760300000E-02   1.000000000000000E+00   1.000000000000000E+00   5.435742987600000E-04  -2.613692616800000E+02   1.302083385100000E+04   5.435742987600000E-04
   4.654719147300000E-06   5.256572520000000E-02   1.000000000000000E+00   1.000000000000000E+00   5.449752421400000E-04  -2.613692512600000E+02   1.302083385100000E+04   5.449752421400000E-04
   4.678681354000000E-06   5.270044669100000E-02   1.000000000000000E+00   1.000000000000000E+00   5.463832499100000E-04  -2.613692408100000E+02   1.302083385100000E+04   5.463832499100000E-04
   4.702705076200000E-06   5.283557320600000E-02   1.000000000000000E+00   1.000000000000000E+00   5.477842110800000E-04  -2.613692303400000E+02   1.302083385100000E+04   5.477842110800000E-04
   4.726790314200000E-06   5.297069970000000E-02   1.000000000000000E+00   1.000000000000000E+00   5.491851720800000E-04  -2.613692198400000E+02   1.302083385100000E+04   5.491851720800000E-04
   4.750937070000000E-06   5.310621682800000E-02   1.000000000000000E+00   1.000000000000000E+00   5.505740082000000E-04  -2.613692092900000E+02   1.302083385100000E+04   5.505740082000000E-04
   4.775145342900000E-06   5.324134427000000E-02   1.000000000000000E+00   1.000000000000000E+00   5.519749380100000E-04  -2.613691987400000E+02   1.302083385100000E+04   5.519749380100000E-04
   4.799415133800000E-06   5.337647169100000E-02   1.000000000000000E+00   1.000000000000000E+00   5.533758676600000E-04  -2.613691881600000E+02   1.302083385100000E+04   5.533758676600000E-04
   4.823746442500000E-06   5.351150044500000E-02   1.000000000000000E+00   1.000000000000000E+00   5.547812809900000E-04  -2.613691775700000E+02   1.302083385100000E+04   5.547812809900000E-04
   4.848139271700000E-06   5.364662757000000E-02   1.000000000000000E+00   1.000000000000000E+00   5.561822216300000E-04  -2.613691669400000E+02   1.302083385100000E+04   5.561822216300000E-04
   4.872593609500000E-06   5.378175467300000E-02   1.000000000000000E+00   1.000000000000000E+00   5.575831621000000E-04  -2.613691562800000E+02   1.302083385100000E+04   5.575831621000000E-04
   4.897109471700000E-06   5.391700546000000E-02   1.000000000000000E+00   1.000000000000000E+00   5.589974849100001E-04  -2.613691455800000E+02   1.302083385100000E+04   5.589974849100001E-04
   4.921686848200000E-06   5.405213283000000E-02   1.000000000000000E+00   1.000000000000000E+00   5.603984585900000E-04  -2.613691348700000E+02   1.302083385100000E+04   5.603984585900000E-04
   4.946325746100000E-06   5.418726017800000E-02   1.000000000000000E+00   1.000000000000000E+00   5.617994320900000E-04  -2.613691241300000E+02   1.302083385100000E+04   5.617994320900000E-04
   4.971026158500000E-06   5.432173073500000E-02   1.000000000000000E+00   1.000000000000000E+00   5.631785488400000E-04  -2.613691133600000E+02   1.302083385100000E+04   5.631785488400000E-04
   4.995788088700000E-06   5.445685640100000E-02   1.000000000000000E+00   1.000000000000000E+00   5.645794676400000E-04  -2.613691025700000E+02   1.302083385100000E+04   5.645794676400000E-04
   5.020611532800000E-06   5.459198204500000E-02   1.000000000000000E+00   1.000000000000000E+00   5.659803862700000E-04  -2.613690917500000E+02   1.302083385100000E+04   5.659803862700000E-04
   5.045496500000000E-06   5.472777060300000E-02   1.000000000000000E+00   1.000000000000000E+00   5.673889573300000E-04  -2.613690809100000E+02   1.302083385100000E+04   5.673889573300000E-04
   5.070442984400000E-06   5.486289784200000E-02   1.000000000000000E+00   1.000000000000000E+00   5.687898945100000E-04  -2.613690700300000E+02   1.302083385100000E+04   5.687898945100000E-04
   5.095450981000000E-06   5.499802505800000E-02   1.000000000000000E+00   1.000000000000000E+00   5.701908315100000E-04  -2.613690591300000E+02   1.302083385100000E+04   5.701908315100000E-04
   5.120520498900000E-06   5.513224255900000E-02   1.000000000000000E+00   1.000000000000000E+00   5.716059600400000E-04  -2.613690481900000E+02   1.302083385100000E+04   5.716059600400000E-04
   5.145651532500000E-06   5.526736749600000E-02   1.000000000000000E+00   1.000000000000000E+00   5.730069314900000E-04  -2.613690372400000E+02   1.302083385100000E+04   5.730069314900000E-04
   5.170844084000000E-06   5.540249241000000E-02   1.000000000000000E+00   1.000000000000000E+00   5.744079027600000E-04  -2.613690262500000E+02   1.302083385100000E+04   5.744079027600000E-04
   5.196098143800000E-06   5.553816502700000E-02   1.000000000000000E+00   1.000000000000000E+00   5.757851040600000E-04  -2.613690152500000E+02   1.302083385100000E+04   5.757851040600000E-04
   5.221413729800000E-06   5.567329123400000E-02   1.000000000000000E+00   1.000000000000000E+00   5.771860171500000E-04  -2.613690042100000E+02   1.302083385100000E+04   5.771860171500000E-04
   5.246790834400000E-06   5.580841741900000E-02   1.000000000000000E+00   1.000000000000000E+00   5.785869300700000E-04  -2.613689931500000E+02   1.302083385100000E+04   5.785869300700000E-04
   5.272229457400000E-06   5.594316303700000E-02   1.000000000000000E+00   1.000000000000000E+00   5.799895614000000E-04  -2.613689820700000E+02   1.302083385100000E+04   5.799895614000000E-04
   5.297729592500000E-06   5.607828825800000E-02   1.000000000000000E+00   1.000000000000000E+00   5.813904781200000E-04  -2.613689709600000E+02   1.302083385100000E+04   5.813904781200000E-04
   5.323291245100000E-06   5.621341345500000E-02   1.000000000000000E+00   1.000000000000000E+00   5.827913946700000E-04  -2.613689598200000E+02   1.302083385100000E+04   5.827913946700000E-04
   5.348914415800000E-06   5.634926709700000E-02   1.000000000000000E+00   1.000000000000000E+00   5.842064268800000E-04  -2.613689486300000E+02   1.302083385100000E+04   5.842064268800000E-04
   5.374599103500000E-06   5.648439399200000E-02   1.000000000000000E+00   1.000000000000000E+00   5.856073769200000E-04  -2.613689374400000E+02   1.302083385100000E+04   5.856073769200000E-04
   5.400345308100000E-06   5.661952086300000E-02   1.000000000000000E+00   1.000000000000000E+00   5.870083267900000E-04  -2.613689262100000E+02   1.302083385100000E+04   5.870083267900000E-04
   5.426153031500000E-06   5.675466683200000E-02   1.000000000000000E+00   1.000000000000000E+00   5.883996922900000E-04  -2.613689149600000E+02   1.302083385100000E+04   5.883996922900000E-04
   5.452022270500000E-06   5.688979370100000E-02   1.000000000000000E+00   1.000000000000000E+00   5.898006189800000E-04  -2.613689036900000E+02   1.302083385100000E+04   5.898006189800000E-04
   5.477953025300000E-06   5.702492054700000E-02   1.000000000000000E+00   1.000000000000000E+00   5.912015455000000E-04  -2.613688923900000E+02   1.302083385100000E+04   5.912015455000000E-04
   5.503945294000000E-06   5.715991253800000E-02   1.000000000000000E+00   1.000000000000000E+00   5.926049479500000E-04  -2.613688810500000E+02   1.302083385100000E+04   5.926049479500000E-04
   5.529999084900000E-06   5.729503902000000E-02   1.000000000000000E+00   1.000000000000000E+00   5.940058799600000E-04  -2.613688697000000E+02   1.302083385100000E+04   5.940058799600000E-04
   5.556114390600000E-06   5.743016547800000E-02   1.000000000000000E+00   1.000000000000000E+00   5.954068117900000E-04  -2.613688583100000E+02   1.302083385100000E+04   5.954068117900000E-04
   5.582291212600000E-06   5.756524555100000E-02   1.000000000000000E+00   1.000000000000000E+00   5.968173390400000E-04  -2.613688469100000E+02   1.302083385100000E+04   5.968173390400000E-04
   5.608529547500000E-06   5.770037185000000E-02   1.000000000000000E+00   1.000000000000000E+00   5.982182930400000E-04  -2.613688354700000E+02   1.302083385100000E+04   5.982182930400000E-04
   5.634829405700000E-06   5.783549812500000E-02   1.000000000000000E+00   1.000000000000000E+00   5.996192468500000E-04  -2.613688240000000E+02   1.302083385100000E+04   5.996192468500000E-04
   5.661190778500000E-06   5.797078916200000E-02   1.000000000000000E+00   1.000000000000000E+00   6.010093531300000E-04  -2.613688125100000E+02   1.302083385100000E+04   6.010093531300000E-04
   5.687613669500000E-06   5.810591577600000E-02   1.000000000000000E+00   1.000000000000000E+00   6.024102812999999E-04  -2.613688010000000E+02   1.302083385100000E+04   6.024102812999999E-04
   5.714098072000000E-06   5.824104236600000E-02   1.000000000000000E+00   1.000000000000000E+00   6.038112092800000E-04  -2.613687894500000E+02   1.302083385100000E+04   6.038112092800000E-04
   5.740643995000000E-06   5.837567252600000E-02   1.000000000000000E+00   1.000000000000000E+00   6.052168552700000E-04  -2.613687778800000E+02   1.302083385100000E+04   6.052168552700000E-04
   5.767251435300000E-06   5.851079792100000E-02   1.000000000000000E+00   1.000000000000000E+00   6.066177938200000E-04  -2.613687662800000E+02   1.302083385100000E+04   6.066177938200000E-04
   5.793920391600000E-06   5.864592329100000E-02   1.000000000000000E+00   1.000000000000000E+00   6.080187321800000E-04  -2.613687546600000E+02   1.302083385100000E+04   6.080187321800000E-04
   5.820650865800000E-06   5.878042418800000E-02   1.000000000000000E+00   1.000000000000000E+00   6.094306669700000E-04  -2.613687430000000E+02   1.302083385100000E+04   6.094306669700000E-04
   5.847442856100000E-06   5.891554806700000E-02   1.000000000000000E+00   1.000000000000000E+00   6.108316302400000E-04  -2.613687313300000E+02   1.302083385100000E+04   6.108316302400000E-04
   5.874296363800000E-06   5.905067192100000E-02   1.000000000000000E+00   1.000000000000000E+00   6.122325933300000E-04  -2.613687196200000E+02   1.302083385100000E+04   6.122325933300000E-04
   5.901211381600000E-06   5.918610771700000E-02   1.000000000000000E+00   1.000000000000000E+00   6.136127124800001E-04  -2.613687078900000E+02   1.302083385100000E+04   6.136127124800001E-04
   5.928187922400000E-06   5.932123223600000E-02   1.000000000000000E+00   1.000000000000000E+00   6.150136276100000E-04  -2.613686961300000E+02   1.302083385100000E+04   6.150136276100000E-04
   5.955225972800000E-06   5.945635673000000E-02   1.000000000000000E+00   1.000000000000000E+00   6.164145425500000E-04  -2.613686843400000E+02   1.302083385100000E+04   6.164145425500000E-04
   5.982325545200000E-06   5.959231029400000E-02   1.000000000000000E+00   1.000000000000000E+00   6.178362600500000E-04  -2.613686725200000E+02   1.302083385100000E+04   6.178362600500000E-04
   6.009486631800000E-06   5.972743662400000E-02   1.000000000000000E+00   1.000000000000000E+00   6.192372217900000E-04  -2.613686606800000E+02   1.302083385100000E+04   6.192372217900000E-04
   6.036709235300000E-06   5.986256293000000E-02   1.000000000000000E+00   1.000000000000000E+00   6.206381833500000E-04  -2.613686488200000E+02   1.302083385100000E+04   6.206381833500000E-04
   6.063993357500000E-06   5.999745347000000E-02   1.000000000000000E+00   1.000000000000000E+00   6.220313341300000E-04  -2.613686369300000E+02   1.302083385100000E+04   6.220313341300000E-04
   6.091338993200000E-06   6.013257919600000E-02   1.000000000000000E+00   1.000000000000000E+00   6.234322777200000E-04  -2.613686250100000E+02   1.302083385100000E+04   6.234322777200000E-04
   6.118746146000000E-06   6.026770489800000E-02   1.000000000000000E+00   1.000000000000000E+00   6.248332211100000E-04  -2.613686130600000E+02   1.302083385100000E+04   6.248332211100000E-04
   6.146214816700000E-06   6.040301730000000E-02   1.000000000000000E+00   1.000000000000000E+00   6.262407694900000E-04  -2.613686010900000E+02   1.302083385100000E+04   6.262407694900000E-04
   6.173745005300000E-06   6.053814336600000E-02   1.000000000000000E+00   1.000000000000000E+00   6.276417272900000E-04  -2.613685890900000E+02   1.302083385100000E+04   6.276417272900000E-04
   6.201336706200000E-06   6.067326940700000E-02   1.000000000000000E+00   1.000000000000000E+00   6.290426849000000E-04  -2.613685770600000E+02   1.302083385100000E+04   6.290426849000000E-04
   6.228989919300000E-06   6.080830336900000E-02   1.000000000000000E+00   1.000000000000000E+00   6.304214501500000E-04  -2.613685650200000E+02   1.302083385100000E+04   6.304214501500000E-04
   6.256704654400000E-06   6.094342915500000E-02   1.000000000000000E+00   1.000000000000000E+00   6.318223580600000E-04  -2.613685529300000E+02   1.302083385100000E+04   6.318223580600000E-04
   6.284480905400000E-06   6.107855491600000E-02   1.000000000000000E+00   1.000000000000000E+00   6.332232657900000E-04  -2.613685408300000E+02   1.302083385100000E+04   6.332232657900000E-04
   6.312318674600000E-06   6.121347154200000E-02   1.000000000000000E+00   1.000000000000000E+00   6.346437294599999E-04  -2.613685286800000E+02   1.302083385100000E+04   6.346437294599999E-04
   6.340217957100000E-06   6.134859679500000E-02   1.000000000000000E+00   1.000000000000000E+00   6.360446799700000E-04  -2.613685165200000E+02   1.302083385100000E+04   6.360446799700000E-04
   6.368178755400000E-06   6.148372202300000E-02   1.000000000000000E+00   1.000000000000000E+00   6.374456302800000E-04  -2.613685043300000E+02   1.302083385100000E+04   6.374456302800000E-04
   6.396201070400000E-06   6.161872459600000E-02   1.000000000000000E+00   1.000000000000000E+00   6.388331975400000E-04  -2.613684921200000E+02   1.302083385100000E+04   6.388331975400000E-04
   6.424284901600000E-06   6.175384949900000E-02   1.000000000000000E+00   1.000000000000000E+00   6.402341181300000E-04  -2.613684798700000E+02   1.302083385100000E+04   6.402341181300000E-04
   6.452430244400000E-06   6.188897437600000E-02   1.000000000000000E+00   1.000000000000000E+00   6.416350385200000E-04  -2.613684676100000E+02   1.302083385100000E+04   6.416350385200000E-04
   6.480637104100000E-06   6.202460692200000E-02   1.000000000000000E+00   1.000000000000000E+00   6.430369223900000E-04  -2.613684553100000E+02   1.302083385100000E+04   6.430369223900000E-04
   6.508905482200000E-06   6.215973285700000E-02   1.000000000000000E+00   1.000000000000000E+00   6.444378444900000E-04  -2.613684429900000E+02   1.302083385100000E+04   6.444378444900000E-04
   6.537235380800000E-06   6.229485876600000E-02   1.000000000000000E+00   1.000000000000000E+00   6.458387664000000E-04  -2.613684306400000E+02   1.302083385100000E+04   6.458387664000000E-04
   6.565626792700000E-06   6.242873420700000E-02   1.000000000000000E+00   1.000000000000000E+00   6.472373518100000E-04  -2.613684182700000E+02   1.302083385100000E+04   6.472373518100000E-04
   6.594079718200000E-06   6.256385736400000E-02   1.000000000000000E+00   1.000000000000000E+00   6.486382682800000E-04  -2.613684058700000E+02   1.302083385100000E+04   6.486382682800000E-04
   6.622594162400000E-06   6.269898049500000E-02   1.000000000000000E+00   1.000000000000000E+00   6.500391845400000E-04  -2.613683934400000E+02   1.302083385100000E+04   6.500391845400000E-04
   6.651170123500000E-06   6.283477984800000E-02   1.000000000000000E+00   1.000000000000000E+00   6.514539224900000E-04  -2.613683809800000E+02   1.302083385100000E+04   6.514539224900000E-04
   6.679807598500000E-06   6.296990437300000E-02   1.000000000000000E+00   1.000000000000000E+00   6.528548680900000E-04  -2.613683684900000E+02   1.302083385100000E+04   6.528548680900000E-04
   6.708506586200000E-06   6.310502887100000E-02   1.000000000000000E+00   1.000000000000000E+00   6.542558134900000E-04  -2.613683559800000E+02   1.302083385100000E+04   6.542558134900000E-04
   6.737267089300000E-06   6.324073648200000E-02   1.000000000000000E+00   1.000000000000000E+00   6.556512025600000E-04  -2.613683434500000E+02   1.302083385100000E+04   6.556512025600000E-04
   6.766089111200000E-06   6.337586217799999E-02   1.000000000000000E+00   1.000000000000000E+00   6.570521356900000E-04  -2.613683308900000E+02   1.302083385100000E+04   6.570521356900000E-04
   6.794972650000000E-06   6.351098784799999E-02   1.000000000000000E+00   1.000000000000000E+00   6.584530686200000E-04  -2.613683183000000E+02   1.302083385100000E+04   6.584530686200000E-04
   6.823917701300000E-06   6.364610962500000E-02   1.000000000000000E+00   1.000000000000000E+00   6.598685438200000E-04  -2.613683056800000E+02   1.302083385100000E+04   6.598685438200000E-04
   6.852924265900000E-06   6.378123523400001E-02   1.000000000000000E+00   1.000000000000000E+00   6.612695072300000E-04  -2.613682930400000E+02   1.302083385100000E+04   6.612695072300000E-04
   6.881992352600000E-06   6.391636081600000E-02   1.000000000000000E+00   1.000000000000000E+00   6.626704704400000E-04  -2.613682803700000E+02   1.302083385100000E+04   6.626704704400000E-04
   6.911121954400000E-06   6.405117284300001E-02   1.000000000000000E+00   1.000000000000000E+00   6.640630390100000E-04  -2.613682676900000E+02   1.302083385100000E+04   6.640630390100000E-04
   6.940313066900000E-06   6.418629771400000E-02   1.000000000000000E+00   1.000000000000000E+00   6.654639841100000E-04  -2.613682549600000E+02   1.302083385100000E+04   6.654639841100000E-04
   6.969565699700000E-06   6.432142255900000E-02   1.000000000000000E+00   1.000000000000000E+00   6.668649290100000E-04  -2.613682422100000E+02   1.302083385100000E+04   6.668649290100000E-04
   6.998879842600000E-06   6.445656254500000E-02   1.000000000000000E+00   1.000000000000000E+00   6.682679837500000E-04  -2.613682294000000E+02   1.302083385100000E+04   6.682679837500000E-04
   7.028255505300000E-06   6.459168736300000E-02   1.000000000000000E+00   1.000000000000000E+00   6.696689326700000E-04  -2.613682166000000E+02   1.302083385100000E+04   6.696689326700000E-04
   7.057692681300000E-06   6.472681215400000E-02   1.000000000000000E+00   1.000000000000000E+00   6.710698813900000E-04  -2.613682037700000E+02   1.302083385100000E+04   6.710698813900000E-04
   7.087191376200000E-06   6.486214741500000E-02   1.000000000000000E+00   1.000000000000000E+00   6.724645074700001E-04  -2.613681909100000E+02   1.302083385100000E+04   6.724645074700001E-04
   7.116751582000000E-06   6.499727259300001E-02   1.000000000000000E+00   1.000000000000000E+00   6.738654426100000E-04  -2.613681780200000E+02   1.302083385100000E+04   6.738654426100000E-04
   7.146373305800000E-06   6.513239774400000E-02   1.000000000000000E+00   1.000000000000000E+00   6.752663775500000E-04  -2.613681651100000E+02   1.302083385100000E+04   6.752663775500000E-04
   7.176056546900000E-06   6.526762062499999E-02   1.000000000000000E+00   1.000000000000000E+00   6.766779693500000E-04  -2.613681521800000E+02   1.302083385100000E+04   6.766779693500000E-04
   7.205801296400000E-06   6.540274592600000E-02   1.000000000000000E+00   1.000000000000000E+00   6.780789259500000E-04  -2.613681392100000E+02   1.302083385100000E+04   6.780789259500000E-04
   7.235607566300000E-06   6.553787120000000E-02   1.000000000000000E+00   1.000000000000000E+00   6.794798823299999E-04  -2.613681262200000E+02   1.302083385100000E+04   6.794798823299999E-04
   7.265475355300000E-06   6.567298818599999E-02   1.000000000000000E+00   1.000000000000000E+00   6.808749662200000E-04  -2.613681132200000E+02   1.302083385100000E+04   6.808749662200000E-04
   7.295404656800000E-06   6.580811339000001E-02   1.000000000000000E+00   1.000000000000000E+00   6.822759101100000E-04  -2.613681001700000E+02   1.302083385100000E+04   6.822759101100000E-04
   7.325395472000000E-06   6.594323856600000E-02   1.000000000000000E+00   1.000000000000000E+00   6.836768538000000E-04  -2.613680871000000E+02   1.302083385100000E+04   6.836768538000000E-04
   7.355447796800000E-06   6.607830320100000E-02   1.000000000000000E+00   1.000000000000000E+00   6.850661802300000E-04  -2.613680739700000E+02   1.302083385100000E+04   6.850661802300000E-04
   7.385561645800000E-06   6.621342819999999E-02   1.000000000000000E+00   1.000000000000000E+00   6.864670997500000E-04  -2.613680608500000E+02   1.302083385100000E+04   6.864670997500000E-04
   7.415737003300000E-06   6.634855317200000E-02   1.000000000000000E+00   1.000000000000000E+00   6.878680190700000E-04  -2.613680476900000E+02   1.302083385100000E+04   6.878680190700000E-04
   7.445973879100000E-06   6.648368108300000E-02   1.000000000000000E+00   1.000000000000000E+00   6.892872714100000E-04  -2.613680345200000E+02   1.302083385100000E+04   6.892872714100000E-04
   7.476272270900000E-06   6.661880600599999E-02   1.000000000000000E+00   1.000000000000000E+00   6.906882275700000E-04  -2.613680213100000E+02   1.302083385100000E+04   6.906882275700000E-04
   7.506632181100000E-06   6.675393090200001E-02   1.000000000000000E+00   1.000000000000000E+00   6.920891835200000E-04  -2.613680080700000E+02   1.302083385100000E+04   6.920891835200000E-04
   7.537053593700000E-06   6.688867734700001E-02   1.000000000000000E+00   1.000000000000000E+00   6.934574036600000E-04  -2.613679948400000E+02   1.302083385100000E+04   6.934574036600000E-04
   7.567536527600000E-06   6.702380142500000E-02   1.000000000000000E+00   1.000000000000000E+00   6.948582930600000E-04  -2.613679815500000E+02   1.302083385100000E+04   6.948582930600000E-04
   7.598080979300000E-06   6.715892547500001E-02   1.000000000000000E+00   1.000000000000000E+00   6.962591822500000E-04  -2.613679682400000E+02   1.302083385100000E+04   6.962591822500000E-04
   7.628686947000000E-06   6.729415047400000E-02   1.000000000000000E+00   1.000000000000000E+00   6.976947696400000E-04  -2.613679548700000E+02   1.302083385100000E+04   6.976947696400000E-04
   7.659354428699999E-06   6.742927466500000E-02   1.000000000000000E+00   1.000000000000000E+00   6.990957280800000E-04  -2.613679415000000E+02   1.302083385100000E+04   6.990957280800000E-04

