   3.448459190600000E-15   0.000000000000000E+00   1.000000000000000E+00   1.000000000000000E+00   0.000000000000000E+00  -9.718276483000000E+01   8.500000000000000E+02   0.000000000000000E+00
   1.290875298000000E-10   1.996202871900000E-04   1.000000000000000E+00   1.000000000000000E+00  -8.083324394000001E-31  -9.718276481700001E+01   8.500000000000000E+02   6.844918304500000E-06
   5.163638860400000E-10   3.992405742700000E-04   1.000000000000000E+00   1.000000000000000E+00  -4.893616050400000E-30  -9.718276478000000E+01   8.500000000000000E+02   1.368983660800000E-05
   1.161830559500000E-09   5.988568468300000E-04   1.000000000000000E+00   1.000000000000000E+00   1.210375229000000E-29  -9.718276471800000E+01   8.500000000000000E+02   2.053469590800000E-05
   2.065472617500000E-09   7.984757951300000E-04   1.000000000000000E+00   1.000000000000000E+00   4.544491019900000E-29  -9.718276463200000E+01   8.500000000000000E+02   2.737959453700000E-05
   3.227301857800000E-09   9.980947428500000E-04   1.000000000000000E+00   1.000000000000000E+00   1.218096300800000E-28  -9.718276452000001E+01   8.500000000000000E+02   3.422449315900000E-05
   4.647303460200000E-09   1.197721385700000E-03   1.000000000000000E+00   1.000000000000000E+00   5.185585064900000E-30  -9.718276438500000E+01   8.500000000000000E+02   4.106950488600000E-05
   6.325491255200000E-09   1.397341614500000E-03   1.000000000000000E+00   1.000000000000000E+00  -1.343625095400000E-29  -9.718276422400000E+01   8.500000000000000E+02   4.791442234200000E-05
   8.261865128900000E-09   1.596961842400000E-03   1.000000000000000E+00   1.000000000000000E+00   7.008396798800000E-29  -9.718276403900001E+01   8.500000000000000E+02   5.475933978700000E-05
   1.045642464300000E-08   1.796569209300000E-03   1.000000000000000E+00   1.000000000000000E+00   1.234638636200000E-28  -9.718276383000000E+01   8.500000000000000E+02   6.160406820600000E-05
   1.290916107500000E-08   1.996188005900000E-03   1.000000000000000E+00   1.000000000000000E+00   2.397474854800000E-28  -9.718276359500000E+01   8.500000000000000E+02   6.844896462000000E-05
   1.562008447900000E-08   2.195806801000000E-03   1.000000000000000E+00   1.000000000000000E+00  -8.636833800800000E-29  -9.718276333599999E+01   8.500000000000000E+02   7.529386101800001E-05
   1.858918950300000E-08   2.395443296000000E-03   1.000000000000000E+00   1.000000000000000E+00   3.004060894500000E-29  -9.718276305200000E+01   8.500000000000000E+02   8.213901757400000E-05
   2.181647977100000E-08   2.595063563000000E-03   1.000000000000000E+00   1.000000000000000E+00   3.191818216300000E-28  -9.718276274400000E+01   8.500000000000000E+02   8.898393561500000E-05
   2.530195182600000E-08   2.794683828200000E-03   1.000000000000000E+00   1.000000000000000E+00   1.474892714700000E-28  -9.718276241100000E+01   8.500000000000000E+02   9.582885363500000E-05
   2.904560468200000E-08   2.994285545500000E-03   1.000000000000000E+00   1.000000000000000E+00   6.264103624300000E-28  -9.718276205300000E+01   8.500000000000000E+02   1.026734990400000E-04
   3.304744154200000E-08   3.193904570200000E-03   1.000000000000000E+00   1.000000000000000E+00   4.804766882600000E-28  -9.718276167000000E+01   8.500000000000000E+02   1.095183988400000E-04
   3.730746311900000E-08   3.393523592600000E-03   1.000000000000000E+00   1.000000000000000E+00   3.630293490900000E-28  -9.718276126300000E+01   8.500000000000000E+02   1.163632986200000E-04
   4.182566228400000E-08   3.593118900600000E-03   1.000000000000000E+00   1.000000000000000E+00  -9.645848369700000E-29  -9.718276083100000E+01   8.500000000000000E+02   1.232078498400000E-04
   4.660205112700000E-08   3.792736600700000E-03   1.000000000000000E+00   1.000000000000000E+00   4.413077788300000E-28  -9.718276037500000E+01   8.500000000000000E+02   1.300527301900000E-04
   5.163661875400000E-08   3.992354298000000E-03   1.000000000000000E+00   1.000000000000000E+00   3.679291642800000E-28  -9.718275989400000E+01   8.500000000000000E+02   1.368976105100000E-04
   5.692936995100000E-08   4.191900974100000E-03   1.000000000000000E+00   1.000000000000000E+00   1.039702142200000E-27  -9.718275938799999E+01   8.500000000000000E+02   1.437414469700000E-04
   6.248031211300000E-08   4.391515283800000E-03   1.000000000000000E+00   1.000000000000000E+00   1.184991771800000E-28  -9.718275885700000E+01   8.500000000000000E+02   1.505862775100000E-04
   6.828942442200001E-08   4.591129590500000E-03   1.000000000000000E+00   1.000000000000000E+00   5.447805145300000E-28  -9.718275830200000E+01   8.500000000000000E+02   1.574311080200000E-04
   7.435672852700000E-08   4.790880603500000E-03   1.000000000000000E+00   1.000000000000000E+00   2.780394017200000E-28  -9.718275772200001E+01   8.500000000000000E+02   1.642779478500000E-04
   8.068221311100000E-08   4.990500599800000E-03   1.000000000000000E+00   1.000000000000000E+00   3.060069718600000E-28  -9.718275711800000E+01   8.500000000000000E+02   1.711228620100000E-04
   8.726588020600000E-08   5.190120592400000E-03   1.000000000000000E+00   1.000000000000000E+00  -2.530483639400000E-29  -9.718275648800000E+01   8.500000000000000E+02   1.779677761200000E-04
   9.410773109000001E-08   5.389608436400000E-03   1.000000000000000E+00   1.000000000000000E+00   5.593174755000000E-28  -9.718275583499999E+01   8.500000000000000E+02   1.848107479200000E-04
   1.012077663300000E-07   5.589223527200000E-03   1.000000000000000E+00   1.000000000000000E+00   3.952746827500000E-29  -9.718275515600000E+01   8.500000000000000E+02   1.916555900100000E-04
   1.085659829300000E-07   5.788838614200000E-03   1.000000000000000E+00   1.000000000000000E+00   4.893571509400000E-28  -9.718275445300000E+01   8.500000000000000E+02   1.985004320500000E-04
   1.161823846900000E-07   5.988594631800000E-03   1.000000000000000E+00   1.000000000000000E+00   5.454695497000000E-29  -9.718275372500000E+01   8.500000000000000E+02   2.053473455100000E-04
   1.240569667000000E-07   6.188214408100000E-03   1.000000000000000E+00   1.000000000000000E+00  -4.506708624000000E-28  -9.718275297200000E+01   8.500000000000000E+02   2.121922565000000E-04
   1.321897350500000E-07   6.387834180100000E-03   1.000000000000000E+00   1.000000000000000E+00   5.200474833400000E-28  -9.718275219500001E+01   8.500000000000000E+02   2.190371674400000E-04
   1.405806777500000E-07   6.587451231900000E-03   1.000000000000000E+00   1.000000000000000E+00   1.901777342600000E-28  -9.718275139300000E+01   8.500000000000000E+02   2.258820384100000E-04
   1.492298099900000E-07   6.787070912400000E-03   1.000000000000000E+00   1.000000000000000E+00   4.156403085600000E-28  -9.718275056600000E+01   8.500000000000000E+02   2.327269480400000E-04
   1.581371271100000E-07   6.986690588100000E-03   1.000000000000000E+00   1.000000000000000E+00   5.725998706300000E-28  -9.718274971500000E+01   8.500000000000000E+02   2.395718576000000E-04
   1.673026226300000E-07   7.186151272000000E-03   1.000000000000000E+00   1.000000000000000E+00   7.295594326600000E-28  -9.718274883900000E+01   8.500000000000000E+02   2.464144303200000E-04
   1.767263056500000E-07   7.385766521300000E-03   1.000000000000000E+00   1.000000000000000E+00   4.499866115500000E-28  -9.718274793800001E+01   8.500000000000000E+02   2.532592748600000E-04
   1.864081634400000E-07   7.585381765300000E-03   1.000000000000000E+00   1.000000000000000E+00  -3.403979148100000E-28  -9.718274701300000E+01   8.500000000000000E+02   2.601041193400000E-04
   1.963482152000000E-07   7.785189680200000E-03   1.000000000000000E+00   1.000000000000000E+00   5.538945031800000E-28  -9.718274606300000E+01   8.500000000000000E+02   2.669517957100000E-04
   2.065464477000000E-07   7.984809853800000E-03   1.000000000000000E+00   1.000000000000000E+00   6.348946033200000E-28  -9.718274508800000E+01   8.500000000000000E+02   2.737967126700000E-04
   2.170028580500000E-07   8.184430021600001E-03   1.000000000000000E+00   1.000000000000000E+00   4.674235540800000E-28  -9.718274408900000E+01   8.500000000000000E+02   2.806416295600000E-04
   2.277174549400000E-07   8.384046501800000E-03   1.000000000000000E+00   1.000000000000000E+00   1.082027491000000E-29  -9.718274306500000E+01   8.500000000000000E+02   2.874864922700000E-04
   2.386902274900000E-07   8.583666570200000E-03   1.000000000000000E+00   1.000000000000000E+00   1.077765699600000E-27  -9.718274201600001E+01   8.500000000000000E+02   2.943314077400000E-04
   2.499211893100000E-07   8.783286632600000E-03   1.000000000000000E+00   1.000000000000000E+00   5.643382329300000E-29  -9.718274094300000E+01   8.500000000000000E+02   3.011763231400000E-04
   2.614103374600000E-07   8.982680188500000E-03   1.000000000000000E+00   1.000000000000000E+00   5.774188535000000E-28  -9.718273984400000E+01   8.500000000000000E+02   3.080179093600000E-04
   2.731576653600000E-07   9.182295204900000E-03   1.000000000000000E+00   1.000000000000000E+00   9.841581868499999E-28  -9.718273872200000E+01   8.500000000000000E+02   3.148627506300000E-04
   2.851631715100000E-07   9.381910214799999E-03   1.000000000000000E+00   1.000000000000000E+00  -4.370336268200000E-28  -9.718273757400000E+01   8.500000000000000E+02   3.217075918300000E-04
   2.974268669500000E-07   9.581760441000000E-03   1.000000000000000E+00   1.000000000000000E+00   1.136731607000000E-27  -9.718273640200000E+01   8.500000000000000E+02   3.285558902500000E-04
   3.099487385500000E-07   9.781380337900001E-03   1.000000000000000E+00   1.000000000000000E+00   4.642790861000000E-28  -9.718273520500000E+01   8.500000000000000E+02   3.354008033100000E-04
   3.227288020500000E-07   9.981000227800000E-03   1.000000000000000E+00   1.000000000000000E+00   1.231709740300000E-27  -9.718273398400000E+01   8.500000000000000E+02   3.422457162900000E-04
   3.357670373900000E-07   1.018057704800000E-02   1.000000000000000E+00   1.000000000000000E+00  -5.970228052900000E-28  -9.718273273800000E+01   8.500000000000000E+02   3.490899962600000E-04
   3.490634641200000E-07   1.038019607900000E-02   1.000000000000000E+00   1.000000000000000E+00   1.704078481300000E-28  -9.718273146700000E+01   8.500000000000000E+02   3.559348966600000E-04
   3.626180713000000E-07   1.057981510300000E-02   1.000000000000000E+00   1.000000000000000E+00   9.037460914200001E-28  -9.718273017100000E+01   8.500000000000000E+02   3.627797969700000E-04
   3.764308617600000E-07   1.077947179600000E-02   1.000000000000000E+00   1.000000000000000E+00   7.392549415000000E-28  -9.718272885099999E+01   8.500000000000000E+02   3.696252509700000E-04
   3.905018373900000E-07   1.097909150200000E-02   1.000000000000000E+00   1.000000000000000E+00   5.662862964400000E-28  -9.718272750600001E+01   8.500000000000000E+02   3.764701613600000E-04
   4.048309897100000E-07   1.117871120100000E-02   1.000000000000000E+00   1.000000000000000E+00   1.229165045600000E-27  -9.718272613700000E+01   8.500000000000000E+02   3.833150716600000E-04
   4.194183275700000E-07   1.137807325300000E-02   1.000000000000000E+00   1.000000000000000E+00   9.118191690900000E-28  -9.718272474299999E+01   8.500000000000000E+02   3.901561950800000E-04
   4.342638504700000E-07   1.157768841500000E-02   1.000000000000000E+00   1.000000000000000E+00  -6.562147051700000E-28  -9.718272332399999E+01   8.500000000000000E+02   3.970010387600000E-04
   4.493675523100000E-07   1.177730357000000E-02   1.000000000000000E+00   1.000000000000000E+00   3.308997702700000E-28  -9.718272188000000E+01   8.500000000000000E+02   4.038458823400000E-04
   4.647294409100000E-07   1.197720989700000E-02   1.000000000000000E+00   1.000000000000000E+00   7.881022919300000E-28  -9.718272041199999E+01   8.500000000000000E+02   4.106950056100000E-04
   4.803495137300000E-07   1.217682988700000E-02   1.000000000000000E+00   1.000000000000000E+00   2.062887103700000E-27  -9.718271891900000E+01   8.500000000000000E+02   4.175399203200000E-04
   4.962277632600000E-07   1.237644986900000E-02   1.000000000000000E+00   1.000000000000000E+00   1.753006257200000E-28  -9.718271740199999E+01   8.500000000000000E+02   4.243848349400000E-04
   5.123641959700000E-07   1.257600486300000E-02   1.000000000000000E+00   1.000000000000000E+00   4.548877833700000E-28  -9.718271585900000E+01   8.500000000000000E+02   4.312287943800000E-04
   5.287588107200000E-07   1.277562379600000E-02   1.000000000000000E+00   1.000000000000000E+00   4.715716850500000E-28  -9.718271429200000E+01   8.500000000000000E+02   4.380736936200000E-04
   5.454116124800000E-07   1.297524271900000E-02   1.000000000000000E+00   1.000000000000000E+00   1.660660697500000E-27  -9.718271270100000E+01   8.500000000000000E+02   4.449185927600000E-04
   5.623225954200000E-07   1.317471822300000E-02   1.000000000000000E+00   1.000000000000000E+00  -9.274695539300001E-28  -9.718271108400000E+01   8.500000000000000E+02   4.517613839300000E-04
   5.794917627600000E-07   1.337433495500000E-02   1.000000000000000E+00   1.000000000000000E+00   1.772507161400000E-27  -9.718270944299999E+01   8.500000000000000E+02   4.586062509100000E-04
   5.969191095000000E-07   1.357395167800000E-02   1.000000000000000E+00   1.000000000000000E+00   2.835688863700000E-27  -9.718270777799999E+01   8.500000000000000E+02   4.654511177800000E-04
   6.146046424500000E-07   1.377379185900000E-02   1.000000000000000E+00   1.000000000000000E+00   8.229960046100000E-28  -9.718270608800000E+01   8.500000000000000E+02   4.722992690700000E-04
   6.325483560200000E-07   1.397341180000000E-02   1.000000000000000E+00   1.000000000000000E+00  -4.514869597300000E-28  -9.718270437300001E+01   8.500000000000000E+02   4.791441833100000E-04
   6.507502522300000E-07   1.417303173300000E-02   1.000000000000000E+00   1.000000000000000E+00   1.719009580800000E-27  -9.718270263300001E+01   8.500000000000000E+02   4.859890974400000E-04
   6.692103350000000E-07   1.437253350500000E-02   1.000000000000000E+00   1.000000000000000E+00  -5.072417989700000E-29  -9.718270086900000E+01   8.500000000000000E+02   4.928322748900000E-04
   6.879285945900000E-07   1.457215177600000E-02   1.000000000000000E+00   1.000000000000000E+00  -3.671568535900000E-30  -9.718269908000001E+01   8.500000000000000E+02   4.996771646700000E-04
   7.069050389400000E-07   1.477177003700000E-02   1.000000000000000E+00   1.000000000000000E+00   1.017830735200000E-27  -9.718269726600001E+01   8.500000000000000E+02   5.065220543200000E-04
   7.261396688400000E-07   1.497132662200000E-02   1.000000000000000E+00   1.000000000000000E+00  -6.011771122200000E-29  -9.718269542800000E+01   8.500000000000000E+02   5.133660374899999E-04
   7.456324754899999E-07   1.517094403900000E-02   1.000000000000000E+00   1.000000000000000E+00  -8.630504185600000E-28  -9.718269356499999E+01   8.500000000000000E+02   5.202109148000000E-04
   7.653834698000000E-07   1.537056144500000E-02   1.000000000000000E+00   1.000000000000000E+00   2.152562317100000E-27  -9.718269167699999E+01   8.500000000000000E+02   5.270557919900000E-04
   7.853926442300000E-07   1.557035076800000E-02   1.000000000000000E+00   1.000000000000000E+00   1.198661140800000E-27  -9.718268976400000E+01   8.500000000000000E+02   5.339031960500000E-04
   8.056600063800000E-07   1.576997035700000E-02   1.000000000000000E+00   1.000000000000000E+00  -1.072246897200000E-27  -9.718268782700000E+01   8.500000000000000E+02   5.407481053800000E-04
   8.261855457300000E-07   1.596958993400000E-02   1.000000000000000E+00   1.000000000000000E+00   1.980620694800000E-27  -9.718268586600000E+01   8.500000000000000E+02   5.475930145800000E-04
   8.469692647800000E-07   1.616919125900000E-02   1.000000000000000E+00   1.000000000000000E+00   2.145114485200000E-27  -9.718268387900000E+01   8.500000000000000E+02   5.544376555300000E-04
   8.680111679900000E-07   1.636881058800000E-02   1.000000000000000E+00   1.000000000000000E+00   1.110605122300000E-27  -9.718268186800000E+01   8.500000000000000E+02   5.612825611500000E-04
   8.893112584700000E-07   1.656842990600000E-02   1.000000000000000E+00   1.000000000000000E+00   2.673936699300000E-27  -9.718267983200001E+01   8.500000000000000E+02   5.681274666399999E-04
   9.108695298600000E-07   1.676793517300000E-02   1.000000000000000E+00   1.000000000000000E+00   2.240768317300000E-27  -9.718267777200001E+01   8.500000000000000E+02   5.749706958400000E-04
   9.326859806800000E-07   1.696755311000000E-02   1.000000000000000E+00   1.000000000000000E+00   1.226139469800000E-27  -9.718267568700000E+01   8.500000000000000E+02   5.818155811000000E-04
   9.547606196700000E-07   1.716717103400000E-02   1.000000000000000E+00   1.000000000000000E+00  -2.227690237600000E-28  -9.718267357700000E+01   8.500000000000000E+02   5.886604662100000E-04
   9.770934357500000E-07   1.736694914600000E-02   1.000000000000000E+00   1.000000000000000E+00   5.726971712000000E-28  -9.718267144200000E+01   8.500000000000000E+02   5.955077057900000E-04
   9.996844306400001E-07   1.756656888700000E-02   1.000000000000000E+00   1.000000000000000E+00   1.860618729000000E-28  -9.718266928300000E+01   8.500000000000000E+02   6.023526176800000E-04
   1.022533617700000E-06   1.776618861600000E-02   1.000000000000000E+00   1.000000000000000E+00   4.405072649900000E-27  -9.718266709900000E+01   8.500000000000000E+02   6.091975294200000E-04
   1.045640979200000E-06   1.796562691100000E-02   1.000000000000000E+00   1.000000000000000E+00   8.015430122600000E-28  -9.718266489100000E+01   8.500000000000000E+02   6.160397744800000E-04
   1.069006530100000E-06   1.816524459900000E-02   1.000000000000000E+00   1.000000000000000E+00  -1.289042023300000E-27  -9.718266265800000E+01   8.500000000000000E+02   6.228846562900000E-04
   1.092630257000000E-06   1.836486227300000E-02   1.000000000000000E+00   1.000000000000000E+00   7.317875057400000E-28  -9.718266040000000E+01   8.500000000000000E+02   6.297295379600000E-04
   1.116512171200000E-06   1.856435369300000E-02   1.000000000000000E+00   1.000000000000000E+00   2.752617034200000E-27  -9.718265811700000E+01   8.500000000000000E+02   6.365725639500001E-04
   1.140652268800000E-06   1.876396998400000E-02   1.000000000000000E+00   1.000000000000000E+00   6.367856576600000E-28  -9.718265581000000E+01   8.500000000000000E+02   6.434174253600000E-04
   1.165050545000000E-06   1.896358626200000E-02   1.000000000000000E+00   1.000000000000000E+00   6.298868669000000E-28  -9.718265347800001E+01   8.500000000000000E+02   6.502622866100000E-04
   1.189707005900000E-06   1.916300467500000E-02   1.000000000000000E+00   1.000000000000000E+00   9.651242293100000E-29  -9.718265112200000E+01   8.500000000000000E+02   6.571042396800000E-04
   1.214621646100000E-06   1.936261886500000E-02   1.000000000000000E+00   1.000000000000000E+00   1.508316673400000E-27  -9.718264874099999E+01   8.500000000000000E+02   6.639490703200000E-04
   1.239794469500000E-06   1.956223304100000E-02   1.000000000000000E+00   1.000000000000000E+00   4.603351881600000E-28  -9.718264633500000E+01   8.500000000000000E+02   6.707939007900000E-04
   1.265225474300000E-06   1.976223112000000E-02   1.000000000000000E+00   1.000000000000000E+00   1.576522701400000E-27  -9.718264390400000E+01   8.500000000000000E+02   6.776443739300000E-04
   1.290914662500000E-06   1.996184914600000E-02   1.000000000000000E+00   1.000000000000000E+00   1.315511266100000E-27  -9.718264144900000E+01   8.500000000000000E+02   6.844892610800000E-04
   1.316862031700000E-06   2.016146715800000E-02   1.000000000000000E+00   1.000000000000000E+00   8.577570524399999E-28  -9.718263896900000E+01   8.500000000000000E+02   6.913341480600000E-04
   1.343067588300000E-06   2.036119931000000E-02   1.000000000000000E+00   1.000000000000000E+00   4.655187720200000E-27  -9.718263646400000E+01   8.500000000000000E+02   6.981807127199999E-04
   1.369531325000000E-06   2.056081841200000E-02   1.000000000000000E+00   1.000000000000000E+00   1.972688851300000E-27  -9.718263393500000E+01   8.500000000000000E+02   7.050256158100000E-04
   1.396253241800000E-06   2.076043750000000E-02   1.000000000000000E+00   1.000000000000000E+00   4.144937091900000E-27  -9.718263138099999E+01   8.500000000000000E+02   7.118705187300000E-04
   1.423233337600000E-06   2.096010276700000E-02   1.000000000000000E+00   1.000000000000000E+00   9.446510027300001E-28  -9.718262880300000E+01   8.500000000000000E+02   7.187161004400000E-04
   1.450471615800000E-06   2.115972226500000E-02   1.000000000000000E+00   1.000000000000000E+00   1.388876794200000E-27  -9.718262619900000E+01   8.500000000000000E+02   7.255610094800000E-04
   1.477968085200000E-06   2.135934174800000E-02   1.000000000000000E+00   1.000000000000000E+00   3.563109949800000E-27  -9.718262357099999E+01   8.500000000000000E+02   7.324059183500000E-04
   1.505722733000000E-06   2.155839723200000E-02   1.000000000000000E+00   1.000000000000000E+00   6.579094417600000E-27  -9.718262091800000E+01   8.500000000000000E+02   7.392425375899999E-04
   1.533735563200000E-06   2.175801146200000E-02   1.000000000000000E+00   1.000000000000000E+00   3.148093527300000E-27  -9.718261824100000E+01   8.500000000000000E+02   7.460873693400000E-04
   1.562006573200000E-06   2.195762567700000E-02   1.000000000000000E+00   1.000000000000000E+00   5.128084562300000E-28  -9.718261553900000E+01   8.500000000000000E+02   7.529322009100000E-04
   1.590535760600000E-06   2.215777424100000E-02   1.000000000000000E+00   1.000000000000000E+00   1.700703785900000E-27  -9.718261281200000E+01   8.500000000000000E+02   7.597848864000000E-04
   1.619323135000000E-06   2.235739323900000E-02   1.000000000000000E+00   1.000000000000000E+00  -8.719647888700000E-28  -9.718261006100001E+01   8.500000000000000E+02   7.666297883600000E-04
   1.648368693200000E-06   2.255701222100000E-02   1.000000000000000E+00   1.000000000000000E+00   3.392850027000000E-27  -9.718260728500000E+01   8.500000000000000E+02   7.734746901300000E-04
   1.677672433200000E-06   2.275634012700000E-02   1.000000000000000E+00   1.000000000000000E+00   3.233215545400000E-27  -9.718260448400000E+01   8.500000000000000E+02   7.803153137200000E-04
   1.707234352400000E-06   2.295595652300000E-02   1.000000000000000E+00   1.000000000000000E+00   1.827713683200000E-27  -9.718260165900000E+01   8.500000000000000E+02   7.871601775800000E-04
   1.737054455000000E-06   2.315557290300000E-02   1.000000000000000E+00   1.000000000000000E+00   2.863218835800000E-27  -9.718259880900000E+01   8.500000000000000E+02   7.940050412600001E-04
   1.767132741900000E-06   2.335529335300000E-02   1.000000000000000E+00   1.000000000000000E+00  -1.284747132100000E-27  -9.718259593400001E+01   8.500000000000000E+02   8.008514346000000E-04
   1.797469206900000E-06   2.355491058900000E-02   1.000000000000000E+00   1.000000000000000E+00   1.530778649900000E-27  -9.718259303400001E+01   8.500000000000000E+02   8.076963109700000E-04
   1.828063855100000E-06   2.375452780900000E-02   1.000000000000000E+00   1.000000000000000E+00   5.642500696100000E-28  -9.718259011000001E+01   8.500000000000000E+02   8.145411871300000E-04
   1.858916682300000E-06   2.395439115200000E-02   1.000000000000000E+00   1.000000000000000E+00   2.745046817700000E-27  -9.718258716100000E+01   8.500000000000000E+02   8.213896808700000E-04
   1.890027699700000E-06   2.415401038900000E-02   1.000000000000000E+00   1.000000000000000E+00   3.037447546500000E-27  -9.718258418800001E+01   8.500000000000000E+02   8.282345867900000E-04
   1.921396892400000E-06   2.435362960900000E-02   1.000000000000000E+00   1.000000000000000E+00   1.557206513800000E-27  -9.718258118999999E+01   8.500000000000000E+02   8.350794925100000E-04
   1.953024268400000E-06   2.455313738800000E-02   1.000000000000000E+00   1.000000000000000E+00   1.267398538400000E-27  -9.718257816700000E+01   8.500000000000000E+02   8.419227603100000E-04
   1.984909824800000E-06   2.475275566800000E-02   1.000000000000000E+00   1.000000000000000E+00   2.821176732700000E-27  -9.718257512000000E+01   8.500000000000000E+02   8.487676523100000E-04
   2.017053564500000E-06   2.495237393000000E-02   1.000000000000000E+00   1.000000000000000E+00   3.558720198200000E-27  -9.718257204699999E+01   8.500000000000000E+02   8.556125440900000E-04
   2.049455484100000E-06   2.515162163800000E-02   1.000000000000000E+00   1.000000000000000E+00   4.911372377500000E-27  -9.718256895099999E+01   8.500000000000000E+02   8.624519895300000E-04
   2.082115586800000E-06   2.535123692400000E-02   1.000000000000000E+00   1.000000000000000E+00   4.155605917300000E-27  -9.718256582900000E+01   8.500000000000000E+02   8.692968376800000E-04
   2.115033873000000E-06   2.555085219200000E-02   1.000000000000000E+00   1.000000000000000E+00  -1.725854010300000E-27  -9.718256268300000E+01   8.500000000000000E+02   8.761416856200000E-04
   2.148210343200000E-06   2.575074309000000E-02   1.000000000000000E+00   1.000000000000000E+00   8.742762477200000E-28  -9.718255951200000E+01   8.500000000000000E+02   8.829905848500000E-04
   2.181644993500000E-06   2.595036045800000E-02   1.000000000000000E+00   1.000000000000000E+00  -6.638647143100000E-28  -9.718255631600000E+01   8.500000000000000E+02   8.898354637600000E-04
   2.215337823300000E-06   2.614997780800000E-02   1.000000000000000E+00   1.000000000000000E+00   2.809582258200000E-28  -9.718255309600001E+01   8.500000000000000E+02   8.966803424600000E-04
   2.249288833300000E-06   2.634896550700000E-02   1.000000000000000E+00   1.000000000000000E+00  -3.905518674300000E-28  -9.718254985100000E+01   8.500000000000000E+02   9.035159665800000E-04
   2.283498023100000E-06   2.654857804900000E-02   1.000000000000000E+00   1.000000000000000E+00  -4.559367830000000E-28  -9.718254658200000E+01   8.500000000000000E+02   9.103607747400001E-04
   2.317965404400000E-06   2.674819057300000E-02   1.000000000000000E+00   1.000000000000000E+00  -5.342963446600000E-28  -9.718254328800001E+01   8.500000000000000E+02   9.172055826700000E-04
   2.352690955600000E-06   2.694810702000000E-02   1.000000000000000E+00   1.000000000000000E+00   5.309042078300000E-27  -9.718253996900000E+01   8.500000000000000E+02   9.240548577500000E-04
   2.387674693700000E-06   2.714772175700000E-02   1.000000000000000E+00   1.000000000000000E+00   1.838441946500000E-27  -9.718253662600000E+01   8.500000000000000E+02   9.308996983200000E-04
   2.422916614600000E-06   2.734733647400000E-02   1.000000000000000E+00   1.000000000000000E+00   1.368971563100000E-27  -9.718253325800001E+01   8.500000000000000E+02   9.377445386700000E-04
   2.458416718200000E-06   2.754679621300000E-02   1.000000000000000E+00   1.000000000000000E+00  -2.506205964100000E-28  -9.718252986400000E+01   8.500000000000000E+02   9.445871011900001E-04
   2.494175000000000E-06   2.774640976900000E-02   1.000000000000000E+00   1.000000000000000E+00   3.797108218700000E-27  -9.718252644600000E+01   8.500000000000000E+02   9.514319245800000E-04
   2.530191465900000E-06   2.794602330400000E-02   1.000000000000000E+00   1.000000000000000E+00   4.285136260900000E-27  -9.718252300400000E+01   8.500000000000000E+02   9.582767477400000E-04
   2.566466109500000E-06   2.814638044400000E-02   1.000000000000000E+00   1.000000000000000E+00   9.856837424600000E-28  -9.718251953700000E+01   8.500000000000000E+02   9.651325004700000E-04
   2.602998935500000E-06   2.834599921400000E-02   1.000000000000000E+00   1.000000000000000E+00   1.988127429800000E-27  -9.718251604500000E+01   8.500000000000000E+02   9.719774006800000E-04
   2.639789943700000E-06   2.854561796400000E-02   1.000000000000000E+00   1.000000000000000E+00  -2.990800918700000E-27  -9.718251252899999E+01   8.500000000000000E+02   9.788223006500000E-04
   2.676839135800000E-06   2.874473326100000E-02   1.000000000000000E+00   1.000000000000000E+00   2.170696438600000E-27  -9.718250898800000E+01   8.500000000000000E+02   9.856598009100001E-04
   2.714146508300000E-06   2.894434847400000E-02   1.000000000000000E+00   1.000000000000000E+00   1.232163078900000E-27  -9.718250542299999E+01   8.500000000000000E+02   9.925046490200000E-04
   2.751712063900000E-06   2.914396366700000E-02   1.000000000000000E+00   1.000000000000000E+00   7.055558342200000E-28  -9.718250183200000E+01   8.500000000000000E+02   9.993494968800001E-04
   2.789535797000000E-06   2.934384693300000E-02   1.000000000000000E+00   1.000000000000000E+00   1.789485896500000E-28  -9.718249821700000E+01   8.500000000000000E+02   1.006198285000000E-03
   2.827617713200000E-06   2.954346390800000E-02   1.000000000000000E+00   1.000000000000000E+00   4.092854252900000E-27  -9.718249457700000E+01   8.500000000000000E+02   1.013043159200000E-03
   2.865957809500000E-06   2.974308086200000E-02   1.000000000000000E+00   1.000000000000000E+00   1.144145468100000E-27  -9.718249091300000E+01   8.500000000000000E+02   1.019888033100000E-03
   2.904556093500000E-06   2.994292318200000E-02   1.000000000000000E+00   1.000000000000000E+00   9.022821607000000E-28  -9.718248722400000E+01   8.500000000000000E+02   1.026736219500000E-03
   2.943412553600000E-06   3.014254159600000E-02   1.000000000000000E+00   1.000000000000000E+00   6.074112675500000E-27  -9.718248351000000E+01   8.500000000000000E+02   1.033581115100000E-03
   2.982527191300000E-06   3.034215998900000E-02   1.000000000000000E+00   1.000000000000000E+00  -1.514913342600000E-27  -9.718247977199999E+01   8.500000000000000E+02   1.040426010300000E-03
   3.021900013400000E-06   3.054131152700000E-02   1.000000000000000E+00   1.000000000000000E+00   4.283988598900000E-27  -9.718247600900000E+01   8.500000000000000E+02   1.047264043800000E-03
   3.061531020000000E-06   3.074092682500000E-02   1.000000000000000E+00   1.000000000000000E+00   1.810973029600000E-27  -9.718247222100000E+01   8.500000000000000E+02   1.054108893700000E-03
   3.101420196900000E-06   3.094054210100000E-02   1.000000000000000E+00   1.000000000000000E+00   2.489661406800000E-27  -9.718246840899999E+01   8.500000000000000E+02   1.060953743400000E-03
   3.141567566700000E-06   3.113988040300000E-02   1.000000000000000E+00   1.000000000000000E+00   7.828702492500000E-27  -9.718246457100000E+01   8.500000000000000E+02   1.067794522100000E-03
   3.181973113900000E-06   3.133949386000000E-02   1.000000000000000E+00   1.000000000000000E+00   2.681944203400000E-27  -9.718246071000000E+01   8.500000000000000E+02   1.074639345200000E-03
   3.222636838600000E-06   3.153910729500000E-02   1.000000000000000E+00   1.000000000000000E+00   2.970302253400000E-27  -9.718245682300000E+01   8.500000000000000E+02   1.081484168000000E-03
   3.263558751500000E-06   3.173855578300000E-02   1.000000000000000E+00   1.000000000000000E+00   8.286282689800000E-28  -9.718245291300001E+01   8.500000000000000E+02   1.088326566400000E-03
   3.304738843700000E-06   3.193816813600000E-02   1.000000000000000E+00   1.000000000000000E+00   1.920705501300000E-27  -9.718244897700001E+01   8.500000000000000E+02   1.095171373500000E-03
   3.346177113500000E-06   3.213778046500000E-02   1.000000000000000E+00   1.000000000000000E+00   1.626889356600000E-27  -9.718244501600000E+01   8.500000000000000E+02   1.102016180200000E-03
   3.387873560100000E-06   3.233752783300000E-02   1.000000000000000E+00   1.000000000000000E+00   8.838027090299999E-28  -9.718244103200000E+01   8.500000000000000E+02   1.108862971800000E-03
   3.429828194200000E-06   3.253714095000000E-02   1.000000000000000E+00   1.000000000000000E+00   3.285609136500000E-27  -9.718243702200000E+01   8.500000000000000E+02   1.115707790300000E-03
   3.472041009100000E-06   3.273675404500000E-02   1.000000000000000E+00   1.000000000000000E+00   7.454413209200000E-28  -9.718243298700000E+01   8.500000000000000E+02   1.122552608500000E-03
   3.514512008000000E-06   3.293672091500000E-02   1.000000000000000E+00   1.000000000000000E+00   8.068015409900000E-28  -9.718242892700000E+01   8.500000000000000E+02   1.129402626600000E-03
   3.557241179400000E-06   3.313633610700000E-02   1.000000000000000E+00   1.000000000000000E+00   5.380855024700000E-27  -9.718242484300001E+01   8.500000000000000E+02   1.136247475700000E-03
   3.600228536100000E-06   3.333595127600000E-02   1.000000000000000E+00   1.000000000000000E+00   5.633900607300000E-27  -9.718242073400000E+01   8.500000000000000E+02   1.143092324600000E-03
   3.643474070200000E-06   3.353520148600000E-02   1.000000000000000E+00   1.000000000000000E+00   2.125645579600000E-27  -9.718241660100000E+01   8.500000000000000E+02   1.149931809400000E-03
   3.686977792100000E-06   3.373481443500000E-02   1.000000000000000E+00   1.000000000000000E+00   1.252838958800000E-27  -9.718241244300000E+01   8.500000000000000E+02   1.156776625800000E-03
   3.730739690500000E-06   3.393442736000000E-02   1.000000000000000E+00   1.000000000000000E+00   1.332251605900000E-27  -9.718240826100001E+01   8.500000000000000E+02   1.163621441900000E-03
   3.774759766200000E-06   3.413488109200000E-02   1.000000000000000E+00   1.000000000000000E+00   5.199501824700000E-27  -9.718240405400000E+01   8.500000000000000E+02   1.170478616300000E-03
   3.819038024700000E-06   3.433449888500000E-02   1.000000000000000E+00   1.000000000000000E+00   3.762524498700000E-27  -9.718239982199999E+01   8.500000000000000E+02   1.177323504200000E-03
   3.863574468500000E-06   3.453411665500000E-02   1.000000000000000E+00   1.000000000000000E+00   1.602243418600000E-27  -9.718239556499999E+01   8.500000000000000E+02   1.184168391700000E-03
   3.908369086500000E-06   3.473334578700000E-02   1.000000000000000E+00   1.000000000000000E+00   3.109716766100000E-27  -9.718239128400000E+01   8.500000000000000E+02   1.191007567100000E-03
   3.953421890800000E-06   3.493296127300000E-02   1.000000000000000E+00   1.000000000000000E+00   5.071712127400000E-28  -9.718238697800000E+01   8.500000000000000E+02   1.197852421200000E-03
   3.998732872300000E-06   3.513257673500000E-02   1.000000000000000E+00   1.000000000000000E+00  -4.485059762600000E-27  -9.718238264800000E+01   8.500000000000000E+02   1.204697275100000E-03
   4.044302039900000E-06   3.533233302400000E-02   1.000000000000000E+00   1.000000000000000E+00   2.589308588500000E-27  -9.718237829200000E+01   8.500000000000000E+02   1.211544198900000E-03
   4.090129379500000E-06   3.553194923200000E-02   1.000000000000000E+00   1.000000000000000E+00   5.948820849600000E-27  -9.718237391200000E+01   8.500000000000000E+02   1.218389063800000E-03
   4.136214908600000E-06   3.573156541500000E-02   1.000000000000000E+00   1.000000000000000E+00  -2.839624859400000E-27  -9.718236950799999E+01   8.500000000000000E+02   1.225233928500000E-03
   4.182558612400000E-06   3.593124583100000E-02   1.000000000000000E+00   1.000000000000000E+00   1.229100941100000E-28  -9.718236507800000E+01   8.500000000000000E+02   1.232079737300000E-03
   4.229160495200000E-06   3.613086231900000E-02   1.000000000000000E+00   1.000000000000000E+00   2.648291236100000E-27  -9.718236062400000E+01   8.500000000000000E+02   1.238924606600000E-03
   4.276020559800000E-06   3.633047878200000E-02   1.000000000000000E+00   1.000000000000000E+00   5.592485399100000E-27  -9.718235614500000E+01   8.500000000000000E+02   1.245769475700000E-03
   4.323138810700000E-06   3.652940359900000E-02   1.000000000000000E+00   1.000000000000000E+00   2.745177045900000E-27  -9.718235164200000E+01   8.500000000000000E+02   1.252604178900000E-03
   4.370515235100000E-06   3.672901623100000E-02   1.000000000000000E+00   1.000000000000000E+00   1.919457826900000E-27  -9.718234711400000E+01   8.500000000000000E+02   1.259448991700000E-03
   4.418149841900000E-06   3.692862883700000E-02   1.000000000000000E+00   1.000000000000000E+00   4.066871854600000E-27  -9.718234256200000E+01   8.500000000000000E+02   1.266293804300000E-03
   4.466042627800000E-06   3.712902018000000E-02   1.000000000000000E+00   1.000000000000000E+00   1.807266896200000E-27  -9.718233798500000E+01   8.500000000000000E+02   1.273150062800000E-03
   4.514193598300000E-06   3.732863692000000E-02   1.000000000000000E+00   1.000000000000000E+00  -5.169970220000000E-29  -9.718233338300000E+01   8.500000000000000E+02   1.279994936300000E-03
   4.562602747700000E-06   3.752825363400000E-02   1.000000000000000E+00   1.000000000000000E+00   1.071963619700000E-26  -9.718232875699999E+01   8.500000000000000E+02   1.286839809500000E-03
   4.611270067100000E-06   3.772795426600000E-02   1.000000000000000E+00   1.000000000000000E+00   6.632486665100000E-27  -9.718232410400000E+01   8.500000000000000E+02   1.293685916100000E-03
   4.660195581800000E-06   3.792757137000000E-02   1.000000000000000E+00   1.000000000000000E+00   2.396495483900000E-27  -9.718231942800000E+01   8.500000000000000E+02   1.300530795200000E-03
   4.709379264800000E-06   3.812718844800000E-02   1.000000000000000E+00   1.000000000000000E+00   1.154003403300000E-27  -9.718231472700000E+01   8.500000000000000E+02   1.307375673900000E-03
   4.758821131000000E-06   3.832679080300000E-02   1.000000000000000E+00   1.000000000000000E+00   1.841026982000000E-27  -9.718231000199999E+01   8.500000000000000E+02   1.314220336400000E-03
   4.808521180500000E-06   3.852640775000000E-02   1.000000000000000E+00   1.000000000000000E+00   2.604527245200000E-28  -9.718230525200001E+01   8.500000000000000E+02   1.321065213300000E-03
   4.858479412800000E-06   3.872602466900000E-02   1.000000000000000E+00   1.000000000000000E+00   5.810920627700000E-27  -9.718230047700000E+01   8.500000000000000E+02   1.327910090000000E-03
   4.908695821000000E-06   3.892576658000000E-02   1.000000000000000E+00   1.000000000000000E+00   7.933283374400001E-27  -9.718229567700000E+01   8.500000000000000E+02   1.334756803900000E-03
   4.959170404900000E-06   3.912538408500000E-02   1.000000000000000E+00   1.000000000000000E+00  -5.762906951800000E-28  -9.718229085300000E+01   8.500000000000000E+02   1.341601689300000E-03
   5.009903174100000E-06   3.932500156200000E-02   1.000000000000000E+00   1.000000000000000E+00  -2.476184299500000E-28  -9.718228600400001E+01   8.500000000000000E+02   1.348446574400000E-03
   5.060894121200000E-06   3.952422129400000E-02   1.000000000000000E+00   1.000000000000000E+00   1.005352137100000E-27  -9.718228113100000E+01   8.500000000000000E+02   1.355285613500000E-03
   5.112143253400000E-06   3.972383670700000E-02   1.000000000000000E+00   1.000000000000000E+00   2.553153269900000E-27  -9.718227623300000E+01   8.500000000000000E+02   1.362130468400000E-03
   5.163650559700000E-06   3.992345209100000E-02   1.000000000000000E+00   1.000000000000000E+00  -2.060100196400000E-27  -9.718227131000000E+01   8.500000000000000E+02   1.368975323000000E-03
   5.215416051300000E-06   4.012268742600000E-02   1.000000000000000E+00   1.000000000000000E+00  -8.347853166800000E-28  -9.718226636300000E+01   8.500000000000000E+02   1.375814591700000E-03
   5.267439718200000E-06   4.032230086300000E-02   1.000000000000000E+00   1.000000000000000E+00   3.870190903100000E-27  -9.718226139100000E+01   8.500000000000000E+02   1.382659417800000E-03
   5.319721563600000E-06   4.052191427200000E-02   1.000000000000000E+00   1.000000000000000E+00   3.957239065800000E-27  -9.718225639400001E+01   8.500000000000000E+02   1.389504243600000E-03
   5.372261590800000E-06   4.072178092600000E-02   1.000000000000000E+00   1.000000000000000E+00   3.227917570800000E-27  -9.718225137200000E+01   8.500000000000000E+02   1.396352791700000E-03
   5.425059796800000E-06   4.092139551800000E-02   1.000000000000000E+00   1.000000000000000E+00   8.605742694300000E-28  -9.718224632499999E+01   8.500000000000000E+02   1.403197635100000E-03
   5.478116182300000E-06   4.112101008100000E-02   1.000000000000000E+00   1.000000000000000E+00   1.765318150500000E-27  -9.718224125499999E+01   8.500000000000000E+02   1.410042478100000E-03
   5.531430749000000E-06   4.132009603000000E-02   1.000000000000000E+00   1.000000000000000E+00  -1.713336126200000E-27  -9.718223615900000E+01   8.500000000000000E+02   1.416879551600000E-03
   5.585003494200000E-06   4.151970798100000E-02   1.000000000000000E+00   1.000000000000000E+00   7.112957243500001E-27  -9.718223103900000E+01   8.500000000000000E+02   1.423724356500000E-03
   5.638834418800000E-06   4.171931990300000E-02   1.000000000000000E+00   1.000000000000000E+00  -1.125104814500000E-27  -9.718222589400000E+01   8.500000000000000E+02   1.430569160900000E-03
   5.692923527900000E-06   4.191996149700000E-02   1.000000000000000E+00   1.000000000000000E+00   1.991908764800000E-27  -9.718222072499999E+01   8.500000000000000E+02   1.437429099700000E-03
   5.747270811700000E-06   4.211957826300000E-02   1.000000000000000E+00   1.000000000000000E+00   3.926907378900000E-27  -9.718221553100000E+01   8.500000000000000E+02   1.444273975500000E-03
   5.801876277800000E-06   4.231919499800000E-02   1.000000000000000E+00   1.000000000000000E+00   4.915189464900000E-27  -9.718221031200000E+01   8.500000000000000E+02   1.451118851000000E-03
   5.856739922600000E-06   4.251849056000000E-02   1.000000000000000E+00   1.000000000000000E+00  -1.026129232200000E-28  -9.718220506800000E+01   8.500000000000000E+02   1.457959006000000E-03
   5.911861742000000E-06   4.271810572700000E-02   1.000000000000000E+00   1.000000000000000E+00   3.459705388900000E-27  -9.718219979900000E+01   8.500000000000000E+02   1.464803858600000E-03
   5.967241744500000E-06   4.291772086500000E-02   1.000000000000000E+00   1.000000000000000E+00   1.444947653800000E-27  -9.718219450600000E+01   8.500000000000000E+02   1.471648710800000E-03
   6.022879926500000E-06   4.311735944300000E-02   1.000000000000000E+00   1.000000000000000E+00   1.229786148200000E-27  -9.718218918900000E+01   8.500000000000000E+02   1.478493907700000E-03
   6.078776285100000E-06   4.331697462800000E-02   1.000000000000000E+00   1.000000000000000E+00   6.139707828200000E-27  -9.718218384700000E+01   8.500000000000000E+02   1.485338760900000E-03
   6.134930827300000E-06   4.351658978200000E-02   1.000000000000000E+00   1.000000000000000E+00   4.840642067600000E-27  -9.718217848000000E+01   8.500000000000000E+02   1.492183613700000E-03
   6.191343550600000E-06   4.371574183500000E-02   1.000000000000000E+00   1.000000000000000E+00  -9.416968803700000E-28  -9.718217308800000E+01   8.500000000000000E+02   1.499021659800000E-03
   6.248014448400000E-06   4.391535481300000E-02   1.000000000000000E+00   1.000000000000000E+00  -2.029060201300000E-28  -9.718216767100000E+01   8.500000000000000E+02   1.505866480800000E-03
   6.304943523900000E-06   4.411496776000000E-02   1.000000000000000E+00   1.000000000000000E+00   5.834307027700000E-27  -9.718216223000000E+01   8.500000000000000E+02   1.512711301400000E-03
   6.362130778000000E-06   4.431526066900000E-02   1.000000000000000E+00   1.000000000000000E+00   2.282849795000000E-27  -9.718215676500000E+01   8.500000000000000E+02   1.519566116300000E-03
   6.419576215100000E-06   4.451487661600000E-02   1.000000000000000E+00   1.000000000000000E+00   6.029879436000000E-27  -9.718215127400001E+01   8.500000000000000E+02   1.526410981200000E-03
   6.477279829800000E-06   4.471449253100000E-02   1.000000000000000E+00   1.000000000000000E+00   4.936363365900000E-27  -9.718214575899999E+01   8.500000000000000E+02   1.533255845700000E-03
   6.535241629700000E-06   4.491389848200000E-02   1.000000000000000E+00   1.000000000000000E+00  -2.493910811500000E-27  -9.718214022100000E+01   8.500000000000000E+02   1.540097624200000E-03
   6.593461596700000E-06   4.511351340000000E-02   1.000000000000000E+00   1.000000000000000E+00   1.417310657500000E-27  -9.718213465600000E+01   8.500000000000000E+02   1.546942474300000E-03
   6.651939752700000E-06   4.531312828700000E-02   1.000000000000000E+00   1.000000000000000E+00   1.211799130200000E-27  -9.718212906700001E+01   8.500000000000000E+02   1.553787324000000E-03
   6.710676084100000E-06   4.551311137400000E-02   1.000000000000000E+00   1.000000000000000E+00   5.437270338900000E-28  -9.718212345400001E+01   8.500000000000000E+02   1.560637585600000E-03
   6.769670592600000E-06   4.571272781100000E-02   1.000000000000000E+00   1.000000000000000E+00  -3.824829609000000E-27  -9.718211781500000E+01   8.500000000000000E+02   1.567482458300000E-03
   6.828923286400000E-06   4.591234421600000E-02   1.000000000000000E+00   1.000000000000000E+00   6.608559874100001E-27  -9.718211215200000E+01   8.500000000000000E+02   1.574327330600000E-03
   6.888434150300000E-06   4.611167340600000E-02   1.000000000000000E+00   1.000000000000000E+00   5.059221978200000E-27  -9.718210646400000E+01   8.500000000000000E+02   1.581167981500000E-03
   6.948203194800000E-06   4.631128850200000E-02   1.000000000000000E+00   1.000000000000000E+00   1.066676831500000E-26  -9.718210075099999E+01   8.500000000000000E+02   1.588012834700000E-03
   7.008230418900000E-06   4.651090356500000E-02   1.000000000000000E+00   1.000000000000000E+00  -5.986848547800000E-28  -9.718209501400000E+01   8.500000000000000E+02   1.594857687600000E-03
   7.068515824600000E-06   4.671084377100000E-02   1.000000000000000E+00   1.000000000000000E+00   3.556931210500000E-27  -9.718208925200000E+01   8.500000000000000E+02   1.601707319500000E-03
   7.129059404200000E-06   4.691046015800000E-02   1.000000000000000E+00   1.000000000000000E+00   4.187928777200000E-27  -9.718208346500001E+01   8.500000000000000E+02   1.608552192000000E-03
   7.189861164300000E-06   4.711007651100000E-02   1.000000000000000E+00   1.000000000000000E+00   9.012013745200000E-28  -9.718207765400000E+01   8.500000000000000E+02   1.615397064100000E-03
   7.250921105200000E-06   4.730930528400000E-02   1.000000000000000E+00   1.000000000000000E+00   4.961788279100000E-27  -9.718207182000000E+01   8.500000000000000E+02   1.622236239700000E-03
   7.312239223700000E-06   4.750891993500000E-02   1.000000000000000E+00   1.000000000000000E+00   5.110616574200000E-27  -9.718206596000000E+01   8.500000000000000E+02   1.629081087000000E-03
   7.373815519400000E-06   4.770853455300000E-02   1.000000000000000E+00   1.000000000000000E+00   4.783241935400000E-27  -9.718206007400001E+01   8.500000000000000E+02   1.635925933900000E-03
   7.435649992000000E-06   4.790845563500000E-02   1.000000000000000E+00   1.000000000000000E+00   1.450024830900000E-27  -9.718205416300000E+01   8.500000000000000E+02   1.642775285300000E-03
   7.497742650400000E-06   4.810807146200000E-02   1.000000000000000E+00   1.000000000000000E+00   6.461475760300000E-27  -9.718204822800000E+01   8.500000000000000E+02   1.649620150200000E-03
   7.560093478600000E-06   4.830768725400000E-02   1.000000000000000E+00   1.000000000000000E+00   9.700823187699999E-27  -9.718204226899999E+01   8.500000000000000E+02   1.656465014700000E-03
   7.622702489100000E-06   4.850738938400000E-02   1.000000000000000E+00   1.000000000000000E+00  -1.379053874000000E-28  -9.718203628600000E+01   8.500000000000000E+02   1.663311148300000E-03
   7.685569679199999E-06   4.870700546300000E-02   1.000000000000000E+00   1.000000000000000E+00   9.131519328700000E-27  -9.718203027700000E+01   8.500000000000000E+02   1.670156017100000E-03
   7.748695044600000E-06   4.890662150700000E-02   1.000000000000000E+00   1.000000000000000E+00   5.587351116000000E-27  -9.718202424400000E+01   8.500000000000000E+02   1.677000885600000E-03
   7.812078591300000E-06   4.910516196800000E-02   1.000000000000000E+00   1.000000000000000E+00  -7.779404860700000E-27  -9.718201818900000E+01   8.500000000000000E+02   1.683829945100000E-03
   7.875720313200000E-06   4.930477357000000E-02   1.000000000000000E+00   1.000000000000000E+00  -2.443792083300000E-27  -9.718201210700001E+01   8.500000000000000E+02   1.690674748500000E-03
   7.939620215000000E-06   4.950438513800000E-02   1.000000000000000E+00   1.000000000000000E+00   2.102977716500000E-27  -9.718200599900000E+01   8.500000000000000E+02   1.697519551500000E-03
   8.003778293799999E-06   4.970508562800000E-02   1.000000000000000E+00   1.000000000000000E+00  -3.650301248000000E-27  -9.718199986600000E+01   8.500000000000000E+02   1.704380359800000E-03
   8.068194557000000E-06   4.990470149900000E-02   1.000000000000000E+00   1.000000000000000E+00  -3.065082951700000E-27  -9.718199370900000E+01   8.500000000000000E+02   1.711225226200000E-03
   8.132868987900000E-06   5.010431733400000E-02   1.000000000000000E+00   1.000000000000000E+00   1.485209533100000E-26  -9.718198752799999E+01   8.500000000000000E+02   1.718070092300000E-03
   8.197801603000000E-06   5.030369041300000E-02   1.000000000000000E+00   1.000000000000000E+00  -5.111485588500000E-27  -9.718198132099999E+01   8.500000000000000E+02   1.724911390300000E-03
   8.262992390100001E-06   5.050330521400000E-02   1.000000000000000E+00   1.000000000000000E+00   1.520973035400000E-27  -9.718197509100000E+01   8.500000000000000E+02   1.731756241400000E-03
   8.328441366100000E-06   5.070291997800000E-02   1.000000000000000E+00   1.000000000000000E+00   7.246547678300000E-27  -9.718196883500001E+01   8.500000000000000E+02   1.738601092000000E-03
   8.394148506600000E-06   5.090214121300000E-02   1.000000000000000E+00   1.000000000000000E+00   7.932493757900000E-27  -9.718196255399999E+01   8.500000000000000E+02   1.745440158500000E-03
   8.460113834600001E-06   5.110175436200000E-02   1.000000000000000E+00   1.000000000000000E+00   7.025716652900000E-27  -9.718195625000000E+01   8.500000000000000E+02   1.752284985600000E-03
   8.526337335799999E-06   5.130136747600000E-02   1.000000000000000E+00   1.000000000000000E+00   6.366371851300000E-27  -9.718194991999999E+01   8.500000000000000E+02   1.759129812300000E-03
   8.592819016799999E-06   5.150161706000000E-02   1.000000000000000E+00   1.000000000000000E+00   1.077428232500000E-26  -9.718194356700000E+01   8.500000000000000E+02   1.765983994000000E-03
   8.659558874700000E-06   5.170123256700000E-02   1.000000000000000E+00   1.000000000000000E+00  -3.390976871100000E-28  -9.718193718800001E+01   8.500000000000000E+02   1.772828856100000E-03
   8.726556912100001E-06   5.190084803800000E-02   1.000000000000000E+00   1.000000000000000E+00   6.023388718100000E-27  -9.718193078500001E+01   8.500000000000000E+02   1.779673717700000E-03
   8.793813123899999E-06   5.209910652200000E-02   1.000000000000000E+00   1.000000000000000E+00   5.055062113500000E-27  -9.718192435800000E+01   8.500000000000000E+02   1.786498634300000E-03
   8.861327515200001E-06   5.229871672000000E-02   1.000000000000000E+00   1.000000000000000E+00   3.272199980400000E-27  -9.718191790600000E+01   8.500000000000000E+02   1.793343418600000E-03
   8.929100084700000E-06   5.249832688000000E-02   1.000000000000000E+00   1.000000000000000E+00   3.339849672400000E-27  -9.718191142800001E+01   8.500000000000000E+02   1.800188202500000E-03
   8.997130832200000E-06   5.269925902700000E-02   1.000000000000000E+00   1.000000000000000E+00   3.710025034800000E-27  -9.718190492500000E+01   8.500000000000000E+02   1.807052417300000E-03
   9.065419754700000E-06   5.289887412000000E-02   1.000000000000000E+00   1.000000000000000E+00   5.016716674100000E-27  -9.718189839800000E+01   8.500000000000000E+02   1.813897274000000E-03
   9.133966856400000E-06   5.309848917600000E-02   1.000000000000000E+00   1.000000000000000E+00   1.086217939500000E-26  -9.718189184700000E+01   8.500000000000000E+02   1.820742130200000E-03
   9.202772129300001E-06   5.329705050900000E-02   1.000000000000000E+00   1.000000000000000E+00   2.845304565800000E-28  -9.718188527100000E+01   8.500000000000000E+02   1.827571498700000E-03
   9.271835586300000E-06   5.349666154300000E-02   1.000000000000000E+00   1.000000000000000E+00  -1.336374615700000E-28  -9.718187867100001E+01   8.500000000000000E+02   1.834416296000000E-03
   9.341157223000001E-06   5.369627253900000E-02   1.000000000000000E+00   1.000000000000000E+00   3.090825592700000E-27  -9.718187204500001E+01   8.500000000000000E+02   1.841261092900000E-03
   9.410737032499999E-06   5.389701132600000E-02   1.000000000000000E+00   1.000000000000000E+00   4.549510076600000E-27  -9.718186539400000E+01   8.500000000000000E+02   1.848122466300000E-03
   9.480575019400001E-06   5.409662642200000E-02   1.000000000000000E+00   1.000000000000000E+00  -1.054926449500000E-27  -9.718185871900000E+01   8.500000000000000E+02   1.854967323600000E-03
   9.550671184700000E-06   5.429624148100000E-02   1.000000000000000E+00   1.000000000000000E+00   1.832678178000000E-27  -9.718185201999999E+01   8.500000000000000E+02   1.861812180600000E-03
   9.621025526300000E-06   5.449567842400000E-02   1.000000000000000E+00   1.000000000000000E+00   1.076558157300000E-26  -9.718184529600001E+01   8.500000000000000E+02   1.868654419600000E-03
   9.691638041600000E-06   5.469529275300000E-02   1.000000000000000E+00   1.000000000000000E+00   2.615098840600000E-27  -9.718183854700000E+01   8.500000000000000E+02   1.875499266000000E-03
   9.762508744900000E-06   5.489490704200000E-02   1.000000000000000E+00   1.000000000000000E+00   1.630021581000000E-27  -9.718183177400000E+01   8.500000000000000E+02   1.882344112000000E-03
   9.833637607800001E-06   5.509441110200000E-02   1.000000000000000E+00   1.000000000000000E+00   1.090675386000000E-27  -9.718182497600000E+01   8.500000000000000E+02   1.889187337900000E-03
   9.905024657700001E-06   5.529402491500000E-02   1.000000000000000E+00   1.000000000000000E+00   1.346004851100000E-26  -9.718181815299999E+01   8.500000000000000E+02   1.896032177100000E-03
   9.976669886400000E-06   5.549363868800000E-02   1.000000000000000E+00   1.000000000000000E+00   4.045935944100000E-27  -9.718181130600000E+01   8.500000000000000E+02   1.902877015800000E-03
   1.004857329300000E-05   5.569201624200000E-02   1.000000000000000E+00   1.000000000000000E+00   3.084454131600000E-27  -9.718180443300000E+01   8.500000000000000E+02   1.909703684500000E-03
   1.012073487100000E-05   5.589162550600000E-02   1.000000000000000E+00   1.000000000000000E+00   1.354736863300000E-26  -9.718179753600000E+01   8.500000000000000E+02   1.916548457100000E-03
   1.019315462500000E-05   5.609123473000000E-02   1.000000000000000E+00   1.000000000000000E+00  -1.111681017000000E-27  -9.718179061500000E+01   8.500000000000000E+02   1.923393229300000E-03
   1.026583256000000E-05   5.629138195000000E-02   1.000000000000000E+00   1.000000000000000E+00   3.511012863500000E-27  -9.718178366900000E+01   8.500000000000000E+02   1.930245909200000E-03
   1.033876866700000E-05   5.649099300300000E-02   1.000000000000000E+00   1.000000000000000E+00   3.471115562200000E-27  -9.718177669799999E+01   8.500000000000000E+02   1.937090708500000E-03
   1.041196295300000E-05   5.669060401500000E-02   1.000000000000000E+00   1.000000000000000E+00   7.948829830800000E-27  -9.718176970300000E+01   8.500000000000000E+02   1.943935507400000E-03
   1.048541542500000E-05   5.689103724300000E-02   1.000000000000000E+00   1.000000000000000E+00   6.851590871400000E-27  -9.718176268200000E+01   8.500000000000000E+02   1.950792391400000E-03
   1.055912606600000E-05   5.709065106000000E-02   1.000000000000000E+00   1.000000000000000E+00   5.754351912300000E-27  -9.718175563699999E+01   8.500000000000000E+02   1.957637231700000E-03
   1.063309488000000E-05   5.729026483500000E-02   1.000000000000000E+00   1.000000000000000E+00   1.869635975900000E-27  -9.718174856800000E+01   8.500000000000000E+02   1.964482071500000E-03
   1.070732187200000E-05   5.748904295700000E-02   1.000000000000000E+00   1.000000000000000E+00   9.057540447700000E-27  -9.718174147300000E+01   8.500000000000000E+02   1.971314628900000E-03
   1.078180703900000E-05   5.768865375000000E-02   1.000000000000000E+00   1.000000000000000E+00   1.393994154100000E-27  -9.718173435400000E+01   8.500000000000000E+02   1.978159425100000E-03
   1.085655038500000E-05   5.788826450200000E-02   1.000000000000000E+00   1.000000000000000E+00   5.688105918800000E-27  -9.718172721099999E+01   8.500000000000000E+02   1.985004220800000E-03
   1.093155190900000E-05   5.808804909000000E-02   1.000000000000000E+00   1.000000000000000E+00   6.152115554800000E-27  -9.718172004300000E+01   8.500000000000000E+02   1.991851571800000E-03
   1.100681160500000E-05   5.828766035800000E-02   1.000000000000000E+00   1.000000000000000E+00   3.087968980500000E-27  -9.718171285000000E+01   8.500000000000000E+02   1.998696375300000E-03
   1.108232948200000E-05   5.848727158300000E-02   1.000000000000000E+00   1.000000000000000E+00   1.149033473100000E-26  -9.718170563200000E+01   8.500000000000000E+02   2.005541178400000E-03
   1.115810553000000E-05   5.868641301300000E-02   1.000000000000000E+00   1.000000000000000E+00   1.989270047900000E-26  -9.718169839300000E+01   8.500000000000000E+02   2.012379076400000E-03
   1.123413975500000E-05   5.888602255800000E-02   1.000000000000000E+00   1.000000000000000E+00   1.146419669300000E-26  -9.718169112600000E+01   8.500000000000000E+02   2.019223855000000E-03
   1.131043216000000E-05   5.908563206100000E-02   1.000000000000000E+00   1.000000000000000E+00   3.783991928100000E-28  -9.718168383500000E+01   8.500000000000000E+02   2.026068633100000E-03
   1.138698273500000E-05   5.928622298000000E-02   1.000000000000000E+00   1.000000000000000E+00   1.001112843800000E-26  -9.718167651500001E+01   8.500000000000000E+02   2.032927836400000E-03
   1.146379149300000E-05   5.948583570400000E-02   1.000000000000000E+00   1.000000000000000E+00   1.063580259400000E-26  -9.718166917400001E+01   8.500000000000000E+02   2.039772662100000E-03
   1.154085841900000E-05   5.968544838500000E-02   1.000000000000000E+00   1.000000000000000E+00   4.388086059100000E-27  -9.718166180800000E+01   8.500000000000000E+02   2.046617487300000E-03
   1.161818352800000E-05   5.988514635300000E-02   1.000000000000000E+00   1.000000000000000E+00   7.833189305900000E-27  -9.718165441799999E+01   8.500000000000000E+02   2.053463566200000E-03
   1.169576681000000E-05   6.008475923400000E-02   1.000000000000000E+00   1.000000000000000E+00   3.974159981800000E-27  -9.718164700299999E+01   8.500000000000000E+02   2.060308394600000E-03
   1.177360826800000E-05   6.028437207200000E-02   1.000000000000000E+00   1.000000000000000E+00   5.299712806300000E-27  -9.718163956399999E+01   8.500000000000000E+02   2.067153222500000E-03
   1.185170790100000E-05   6.048388684000000E-02   1.000000000000000E+00   1.000000000000000E+00   1.551644946600000E-26  -9.718163209900000E+01   8.500000000000000E+02   2.073996609000000E-03
   1.193006571400000E-05   6.068349926900000E-02   1.000000000000000E+00   1.000000000000000E+00   3.505226581300000E-27  -9.718162461000000E+01   8.500000000000000E+02   2.080841431200000E-03
   1.200868169700000E-05   6.088311165400000E-02   1.000000000000000E+00   1.000000000000000E+00  -9.155196577300000E-29  -9.718161709600000E+01   8.500000000000000E+02   2.087686252800000E-03
   1.208755585500000E-05   6.108256710100000E-02   1.000000000000000E+00   1.000000000000000E+00   6.881146360600000E-27  -9.718160955899999E+01   8.500000000000000E+02   2.094528767800000E-03
   1.216668818900000E-05   6.128217888700000E-02   1.000000000000000E+00   1.000000000000000E+00   2.090019067200000E-27  -9.718160199600000E+01   8.500000000000000E+02   2.101373580900000E-03
   1.224607870000000E-05   6.148179063000000E-02   1.000000000000000E+00   1.000000000000000E+00   2.110857390700000E-27  -9.718159440800000E+01   8.500000000000000E+02   2.108218393400000E-03
   1.232572739100000E-05   6.168125055600000E-02   1.000000000000000E+00   1.000000000000000E+00   7.636288924500000E-28  -9.718158679500000E+01   8.500000000000000E+02   2.115060974700000E-03
   1.240563425500000E-05   6.188086172100000E-02   1.000000000000000E+00   1.000000000000000E+00   1.004240020000000E-28  -9.718157915800001E+01   8.500000000000000E+02   2.121905779000000E-03
   1.248579928700000E-05   6.208047284100000E-02   1.000000000000000E+00   1.000000000000000E+00   3.753785251600000E-27  -9.718157149600000E+01   8.500000000000000E+02   2.128750582800000E-03
   1.256622250200000E-05   6.227917679800000E-02   1.000000000000000E+00   1.000000000000000E+00   2.043090163500000E-27  -9.718156381100000E+01   8.500000000000000E+02   2.135582053000000E-03
   1.264690389200000E-05   6.247878492300000E-02   1.000000000000000E+00   1.000000000000000E+00   1.143619344800000E-27  -9.718155609999999E+01   8.500000000000000E+02   2.142426813100000E-03
   1.272784345200000E-05   6.267839300300000E-02   1.000000000000000E+00   1.000000000000000E+00   7.254941247700000E-27  -9.718154836399999E+01   8.500000000000000E+02   2.149271572600000E-03
   1.280904119000000E-05   6.287935317800000E-02   1.000000000000000E+00   1.000000000000000E+00   9.617991195799999E-28  -9.718154060400001E+01   8.500000000000000E+02   2.156136205600000E-03
   1.289049710200000E-05   6.307896546199999E-02   1.000000000000000E+00   1.000000000000000E+00   9.239130842900000E-27  -9.718153281900000E+01   8.500000000000000E+02   2.162981027100000E-03
   1.297221119300000E-05   6.327857770100000E-02   1.000000000000000E+00   1.000000000000000E+00   1.223724803000000E-26  -9.718152500900000E+01   8.500000000000000E+02   2.169825848200000E-03
   1.305418345700000E-05   6.347846891200000E-02   1.000000000000000E+00   1.000000000000000E+00   1.974005191900000E-26  -9.718151717300000E+01   8.500000000000000E+02   2.176674769700000E-03
   1.313641389600000E-05   6.367808193799999E-02   1.000000000000000E+00   1.000000000000000E+00   4.111374032400000E-27  -9.718150931400000E+01   8.500000000000000E+02   2.183519602600000E-03
   1.321890250800000E-05   6.387769491900000E-02   1.000000000000000E+00   1.000000000000000E+00  -2.177250578400000E-27  -9.718150143000000E+01   8.500000000000000E+02   2.190364434900000E-03
   1.330164929600000E-05   6.407693295700000E-02   1.000000000000000E+00   1.000000000000000E+00   1.443720731600000E-26  -9.718149352200000E+01   8.500000000000000E+02   2.197203756400000E-03
   1.338465425400000E-05   6.427654468000001E-02   1.000000000000000E+00   1.000000000000000E+00   3.585502350600000E-27  -9.718148558800000E+01   8.500000000000000E+02   2.204048570500000E-03
   1.346791739600000E-05   6.447615635600000E-02   1.000000000000000E+00   1.000000000000000E+00   9.210656814000000E-27  -9.718147763100001E+01   8.500000000000000E+02   2.210893384000000E-03
   1.355143871000000E-05   6.467478443400000E-02   1.000000000000000E+00   1.000000000000000E+00   1.452243369700000E-29  -9.718146964800000E+01   8.500000000000000E+02   2.217723740600000E-03
   1.363521819300000E-05   6.487439298400000E-02   1.000000000000000E+00   1.000000000000000E+00  -4.614794578600000E-27  -9.718146164100000E+01   8.500000000000000E+02   2.224568508400000E-03
   1.371925585400000E-05   6.507400148700000E-02   1.000000000000000E+00   1.000000000000000E+00   1.467396589900000E-26  -9.718145360900000E+01   8.500000000000000E+02   2.231413275800000E-03
   1.380355169200000E-05   6.527338923999999E-02   1.000000000000000E+00   1.000000000000000E+00   6.354867043700000E-27  -9.718144555500000E+01   8.500000000000000E+02   2.238254798600000E-03
   1.388810570400000E-05   6.547299697500000E-02   1.000000000000000E+00   1.000000000000000E+00  -2.476095664600000E-27  -9.718143747400001E+01   8.500000000000000E+02   2.245099554900000E-03
   1.397291788500000E-05   6.567260466400000E-02   1.000000000000000E+00   1.000000000000000E+00   9.559872089600000E-27  -9.718142936800000E+01   8.500000000000000E+02   2.251944310700000E-03
   1.405798824500000E-05   6.587382196100000E-02   1.000000000000000E+00   1.000000000000000E+00   9.213046257700000E-27  -9.718142123500000E+01   8.500000000000000E+02   2.258812725000000E-03
   1.414331677500000E-05   6.607343443499999E-02   1.000000000000000E+00   1.000000000000000E+00   4.774193863900000E-27  -9.718141308000000E+01   8.500000000000000E+02   2.265657551400000E-03
   1.422890348500000E-05   6.627304686200000E-02   1.000000000000000E+00   1.000000000000000E+00   1.261654296900000E-27  -9.718140490000000E+01   8.500000000000000E+02   2.272502377200000E-03
   1.431474836000000E-05   6.647172736400001E-02   1.000000000000000E+00   1.000000000000000E+00   1.223343063600000E-26  -9.718139669500000E+01   8.500000000000000E+02   2.279333505500000E-03
   1.440085142100000E-05   6.667133689800001E-02   1.000000000000000E+00   1.000000000000000E+00   3.774526534100000E-27  -9.718138846600000E+01   8.500000000000000E+02   2.286178289100000E-03
   1.448721265100000E-05   6.687094638400000E-02   1.000000000000000E+00   1.000000000000000E+00   1.566833438500000E-26  -9.718138021199999E+01   8.500000000000000E+02   2.293023072100000E-03
   1.457383205600000E-05   6.707069839400000E-02   1.000000000000000E+00   1.000000000000000E+00   5.002408584000000E-27  -9.718137193400000E+01   8.500000000000000E+02   2.299869950100000E-03
   1.466070963600000E-05   6.727030820900000E-02   1.000000000000000E+00   1.000000000000000E+00   3.836740985500000E-27  -9.718136363100000E+01   8.500000000000000E+02   2.306714738300000E-03
   1.474784538500000E-05   6.746991797700000E-02   1.000000000000000E+00   1.000000000000000E+00   1.725080353300000E-27  -9.718135530300000E+01   8.500000000000000E+02   2.313559525900000E-03
   1.483523931200000E-05   6.766895416099999E-02   1.000000000000000E+00   1.000000000000000E+00   1.509087584300000E-26  -9.718134695000001E+01   8.500000000000000E+02   2.320395882900000E-03
   1.492289141100000E-05   6.786856214100000E-02   1.000000000000000E+00   1.000000000000000E+00   1.155055592700000E-26  -9.718133857300000E+01   8.500000000000000E+02   2.327240644500000E-03
   1.501080168600000E-05   6.806817007400000E-02   1.000000000000000E+00   1.000000000000000E+00   8.700190627200000E-27  -9.718133017100000E+01   8.500000000000000E+02   2.334085405500000E-03
   1.509897012600000E-05   6.826830487799999E-02   1.000000000000000E+00   1.000000000000000E+00   3.622810560900000E-27  -9.718132174500001E+01   8.500000000000000E+02   2.340937910800000E-03
   1.518739675100000E-05   6.846791425400001E-02   1.000000000000000E+00   1.000000000000000E+00   7.453489545400000E-27  -9.718131329300000E+01   8.500000000000000E+02   2.347782693300000E-03
   1.527608154800000E-05   6.866752358100001E-02   1.000000000000000E+00   1.000000000000000E+00   1.741132005400000E-27  -9.718130481700000E+01   8.500000000000000E+02   2.354627475300000E-03
   1.536502451200000E-05   6.886757761600000E-02   1.000000000000000E+00   1.000000000000000E+00   1.171471845600000E-26  -9.718129632100000E+01   8.500000000000000E+02   2.361478793800000E-03
   1.545422564800000E-05   6.906718813500000E-02   1.000000000000000E+00   1.000000000000000E+00  -5.256820265100000E-27  -9.718128779500000E+01   8.500000000000000E+02   2.368323593600000E-03
   1.554368496600000E-05   6.926679860500000E-02   1.000000000000000E+00   1.000000000000000E+00  -9.690255949200000E-29  -9.718127924500000E+01   8.500000000000000E+02   2.375168392800000E-03
   1.563340245500000E-05   6.946616388000000E-02   1.000000000000000E+00   1.000000000000000E+00   9.537649150500000E-27  -9.718127066600000E+01   8.500000000000000E+02   2.382009588200000E-03
   1.572337812000000E-05   6.966577354700000E-02   1.000000000000000E+00   1.000000000000000E+00   1.278459928900000E-26  -9.718126206700001E+01   8.500000000000000E+02   2.388854375900000E-03
   1.581361195500000E-05   6.986538316400000E-02   1.000000000000000E+00   1.000000000000000E+00   6.802027025000000E-27  -9.718125344300000E+01   8.500000000000000E+02   2.395699163000000E-03
   1.590410395900000E-05   7.006526918400000E-02   1.000000000000000E+00   1.000000000000000E+00   3.289717071500000E-27  -9.718124479600000E+01   8.500000000000000E+02   2.402548012900000E-03
   1.599485414200000E-05   7.026487949000000E-02   1.000000000000000E+00   1.000000000000000E+00   1.707038095300000E-27  -9.718123612300001E+01   8.500000000000000E+02   2.409392810400000E-03
   1.608586249500000E-05   7.046448974500000E-02   1.000000000000000E+00   1.000000000000000E+00  -1.269833407800000E-27  -9.718122742500000E+01   8.500000000000000E+02   2.416237607300000E-03
   1.617712901900000E-05   7.066377749900001E-02   1.000000000000000E+00   1.000000000000000E+00   1.137786287500000E-26  -9.718121870100001E+01   8.500000000000000E+02   2.423077664200000E-03
   1.626865371900000E-05   7.086338674400000E-02   1.000000000000000E+00   1.000000000000000E+00   1.801112228400000E-28  -9.718120995300001E+01   8.500000000000000E+02   2.429922446500000E-03
   1.636043658900000E-05   7.106299593800000E-02   1.000000000000000E+00   1.000000000000000E+00   2.820459882800000E-27  -9.718120118100001E+01   8.500000000000000E+02   2.436767228300000E-03
   1.645247763600000E-05   7.126221381700000E-02   1.000000000000000E+00   1.000000000000000E+00  -1.300924967700000E-27  -9.718119238400000E+01   8.500000000000000E+02   2.443606258600000E-03
   1.654477685600000E-05   7.146182181500001E-02   1.000000000000000E+00   1.000000000000000E+00   4.137650468100000E-27  -9.718118356200000E+01   8.500000000000000E+02   2.450451023000000E-03
   1.663733424900000E-05   7.166142976100000E-02   1.000000000000000E+00   1.000000000000000E+00   3.713145056200000E-28  -9.718117471600000E+01   8.500000000000000E+02   2.457295786900000E-03
   1.673014981400000E-05   7.186055655800000E-02   1.000000000000000E+00   1.000000000000000E+00   2.755018117700000E-27  -9.718116584500000E+01   8.500000000000000E+02   2.464133478900000E-03
   1.682322355000000E-05   7.206016306599999E-02   1.000000000000000E+00   1.000000000000000E+00   3.303216459600000E-27  -9.718115695000000E+01   8.500000000000000E+02   2.470978221900000E-03
   1.691655545800000E-05   7.225976952300001E-02   1.000000000000000E+00   1.000000000000000E+00   1.800798168800000E-27  -9.718114803000000E+01   8.500000000000000E+02   2.477822964300000E-03
   1.701014554100000E-05   7.246093951400000E-02   1.000000000000000E+00   1.000000000000000E+00   4.224368584000000E-27  -9.718113908500000E+01   8.500000000000000E+02   2.484690688200000E-03
   1.710399379100000E-05   7.266055017600000E-02   1.000000000000000E+00   1.000000000000000E+00   1.070637648400000E-26  -9.718113011600001E+01   8.500000000000000E+02   2.491535492800000E-03
   1.719810021800000E-05   7.286016078599999E-02   1.000000000000000E+00   1.000000000000000E+00   3.389679208700000E-27  -9.718112112199999E+01   8.500000000000000E+02   2.498380296700000E-03
   1.729246481300000E-05   7.305923463600000E-02   1.000000000000000E+00   1.000000000000000E+00   1.653113770800000E-26  -9.718111210300000E+01   8.500000000000000E+02   2.505217211300000E-03
   1.738708758200000E-05   7.325884367600000E-02   1.000000000000000E+00   1.000000000000000E+00   1.428998303600000E-26  -9.718110306000000E+01   8.500000000000000E+02   2.512061992500000E-03
   1.748196853000000E-05   7.345845266500001E-02   1.000000000000000E+00   1.000000000000000E+00   4.137850081200000E-27  -9.718109399200000E+01   8.500000000000000E+02   2.518906773100000E-03
   1.757710764500000E-05   7.365858145100000E-02   1.000000000000000E+00   1.000000000000000E+00   8.387706320200000E-27  -9.718108489799999E+01   8.500000000000000E+02   2.525759193900000E-03
   1.767250493400000E-05   7.385819174300000E-02   1.000000000000000E+00   1.000000000000000E+00  -2.401092318400000E-28  -9.718107578100000E+01   8.500000000000000E+02   2.532603994000000E-03
   1.776816039100000E-05   7.405780198400000E-02   1.000000000000000E+00   1.000000000000000E+00   1.326004832900000E-26  -9.718106663899999E+01   8.500000000000000E+02   2.539448793400000E-03
   1.786407402300000E-05   7.425748865400000E-02   1.000000000000000E+00   1.000000000000000E+00   4.148425264400000E-27  -9.718105747200001E+01   8.500000000000000E+02   2.546294716400000E-03
   1.796024582600000E-05   7.445709899500000E-02   1.000000000000000E+00   1.000000000000000E+00   9.273868415500000E-27  -9.718104828100000E+01   8.500000000000000E+02   2.553139517600000E-03
   1.805667580000000E-05   7.465670928199999E-02   1.000000000000000E+00   1.000000000000000E+00   4.349604208800000E-27  -9.718103906400000E+01   8.500000000000000E+02   2.559984318200000E-03
   1.815336394700000E-05   7.485631796800001E-02   1.000000000000000E+00   1.000000000000000E+00   1.063819368100000E-26  -9.718102982800001E+01   8.500000000000000E+02   2.566829095400000E-03
   1.825031026500000E-05   7.505592814500001E-02   1.000000000000000E+00   1.000000000000000E+00   4.912995057000000E-27  -9.718102056200000E+01   8.500000000000000E+02   2.573673894700000E-03
   1.834751476000000E-05   7.525553826900000E-02   1.000000000000000E+00   1.000000000000000E+00   4.924890437900000E-28  -9.718101127200001E+01   8.500000000000000E+02   2.580518693400000E-03
   1.844497742200000E-05   7.545510784900000E-02   1.000000000000000E+00   1.000000000000000E+00   3.851766282200000E-27  -9.718100195300001E+01   8.500000000000000E+02   2.587362896200000E-03
   1.854269825700000E-05   7.565471775800001E-02   1.000000000000000E+00   1.000000000000000E+00   1.113288201200000E-27  -9.718099261300000E+01   8.500000000000000E+02   2.594207692100000E-03
   1.864067725800000E-05   7.585432761400000E-02   1.000000000000000E+00   1.000000000000000E+00   1.318364442900000E-26  -9.718098324899999E+01   8.500000000000000E+02   2.601052487300000E-03
   1.873891443500000E-05   7.605389791900000E-02   1.000000000000000E+00   1.000000000000000E+00   9.371297956700000E-28  -9.718097385999999E+01   8.500000000000000E+02   2.607896701300000E-03
   1.883740978600000E-05   7.625350756400000E-02   1.000000000000000E+00   1.000000000000000E+00   2.142133396200000E-27  -9.718096444600000E+01   8.500000000000000E+02   2.614741493700000E-03
   1.893616330000000E-05   7.645311715399999E-02   1.000000000000000E+00   1.000000000000000E+00   7.600292258900000E-27  -9.718095500800000E+01   8.500000000000000E+02   2.621586285500000E-03
   1.903517499300000E-05   7.665079430200000E-02   1.000000000000000E+00   1.000000000000000E+00   9.733829757299999E-27  -9.718094554800000E+01   8.500000000000000E+02   2.628402673700000E-03
   1.913444485600000E-05   7.685039875100000E-02   1.000000000000000E+00   1.000000000000000E+00   6.387461363700000E-27  -9.718093606100000E+01   8.500000000000000E+02   2.635247390300000E-03
   1.923397288900000E-05   7.705000314600000E-02   1.000000000000000E+00   1.000000000000000E+00   3.041092970900000E-27  -9.718092654800000E+01   8.500000000000000E+02   2.642092106200000E-03
   1.933375909300000E-05   7.725164072000000E-02   1.000000000000000E+00   1.000000000000000E+00   3.824689779100000E-27  -9.718091701199999E+01   8.500000000000000E+02   2.648966706500000E-03
   1.943380346600000E-05   7.745125025900000E-02   1.000000000000000E+00   1.000000000000000E+00  -1.676830754200000E-29  -9.718090745000001E+01   8.500000000000000E+02   2.655811498400000E-03
   1.953410601300000E-05   7.765085974300000E-02   1.000000000000000E+00   1.000000000000000E+00   2.089179234000000E-27  -9.718089786400000E+01   8.500000000000000E+02   2.662656289600000E-03
   1.963466673000000E-05   7.784904306000000E-02   1.000000000000000E+00   1.000000000000000E+00   2.550275249400000E-27  -9.718088825000000E+01   8.500000000000000E+02   2.669480118600000E-03
   1.973548561800000E-05   7.804864877700000E-02   1.000000000000000E+00   1.000000000000000E+00   1.003716491300000E-27  -9.718087861399999E+01   8.500000000000000E+02   2.676324854800000E-03
   1.983656267900000E-05   7.824825443900001E-02   1.000000000000000E+00   1.000000000000000E+00   4.358333242500000E-27  -9.718086895400000E+01   8.500000000000000E+02   2.683169590200000E-03
   1.993789790600000E-05   7.844831498900000E-02   1.000000000000000E+00   1.000000000000000E+00   8.853216017400000E-27  -9.718085927000000E+01   8.500000000000000E+02   2.690021012000000E-03
   2.003949130600000E-05   7.864792169700000E-02   1.000000000000000E+00   1.000000000000000E+00   5.005104053800000E-27  -9.718084956000000E+01   8.500000000000000E+02   2.696865763200000E-03
   2.014134287300000E-05   7.884752834900000E-02   1.000000000000000E+00   1.000000000000000E+00   6.932623576400000E-27  -9.718083982600000E+01   8.500000000000000E+02   2.703710513700000E-03
   2.024345261400000E-05   7.904697485600000E-02   1.000000000000000E+00   1.000000000000000E+00   2.059237855900000E-26  -9.718083007100000E+01   8.500000000000000E+02   2.710552910600000E-03
   2.034582052600000E-05   7.924658099200001E-02   1.000000000000000E+00   1.000000000000000E+00  -8.100042914600000E-27  -9.718082028700000E+01   8.500000000000000E+02   2.717397653900000E-03
   2.044844661000000E-05   7.944618707200000E-02   1.000000000000000E+00   1.000000000000000E+00   3.900716323500000E-27  -9.718081047900000E+01   8.500000000000000E+02   2.724242396500000E-03
   2.055133085500000E-05   7.964697894800001E-02   1.000000000000000E+00   1.000000000000000E+00   1.237531299200000E-26  -9.718080064400000E+01   8.500000000000000E+02   2.731104568500000E-03
   2.065447327400000E-05   7.984658788700000E-02   1.000000000000000E+00   1.000000000000000E+00   7.412837261300000E-27  -9.718079078600000E+01   8.500000000000000E+02   2.737949353500000E-03
   2.075787387100000E-05   8.004619676900000E-02   1.000000000000000E+00   1.000000000000000E+00   8.405896826600000E-27  -9.718078090400000E+01   8.500000000000000E+02   2.744794137800000E-03
   2.086153263200000E-05   8.024495434300000E-02   1.000000000000000E+00   1.000000000000000E+00   6.170620678900000E-27  -9.718077099600001E+01   8.500000000000000E+02   2.751626409500000E-03
   2.096544956500000E-05   8.044456099300000E-02   1.000000000000000E+00   1.000000000000000E+00   5.923233348100000E-27  -9.718076106400000E+01   8.500000000000000E+02   2.758471161400000E-03
   2.106962466800000E-05   8.064416758700001E-02   1.000000000000000E+00   1.000000000000000E+00   1.211027891100000E-26  -9.718075110700001E+01   8.500000000000000E+02   2.765315912500000E-03
   2.117405794100000E-05   8.084313010900000E-02   1.000000000000000E+00   1.000000000000000E+00   2.594882104700000E-27  -9.718074112500000E+01   8.500000000000000E+02   2.772151197100000E-03
   2.127874938500000E-05   8.104273499700000E-02   1.000000000000000E+00   1.000000000000000E+00   6.876454949699999E-27  -9.718073112000000E+01   8.500000000000000E+02   2.778995923600000E-03
   2.138369899100000E-05   8.124233982900000E-02   1.000000000000000E+00   1.000000000000000E+00   1.044286870800000E-26  -9.718072108900000E+01   8.500000000000000E+02   2.785840649400000E-03
   2.148890677300000E-05   8.144223439999999E-02   1.000000000000000E+00   1.000000000000000E+00   1.052036537600000E-26  -9.718071104100000E+01   8.500000000000000E+02   2.792689634000000E-03
   2.159437272700000E-05   8.164183982600000E-02   1.000000000000000E+00   1.000000000000000E+00  -6.846750613800001E-27  -9.718070096200000E+01   8.500000000000000E+02   2.799534368900000E-03
   2.170009684600000E-05   8.184144519400000E-02   1.000000000000000E+00   1.000000000000000E+00   4.547419869500000E-28  -9.718069085700000E+01   8.500000000000000E+02   2.806379103100000E-03
   2.180607913500000E-05   8.204224889800001E-02   1.000000000000000E+00   1.000000000000000E+00   2.878470946100000E-26  -9.718068072000000E+01   8.500000000000000E+02   2.813241451100000E-03
   2.191231959700000E-05   8.224185706600000E-02   1.000000000000000E+00   1.000000000000000E+00   6.748178179900000E-27  -9.718067056600000E+01   8.500000000000000E+02   2.820086226700000E-03
   2.201881822400000E-05   8.244146517500001E-02   1.000000000000000E+00   1.000000000000000E+00   1.674140923600000E-26  -9.718066038800001E+01   8.500000000000000E+02   2.826931001800000E-03
   2.212557502400000E-05   8.263965530000000E-02   1.000000000000000E+00   1.000000000000000E+00   6.830914892900000E-27  -9.718065019200000E+01   8.500000000000000E+02   2.833754934900000E-03
   2.223258999100000E-05   8.283925986700000E-02   1.000000000000000E+00   1.000000000000000E+00  -3.079579447300000E-27  -9.718063996399999E+01   8.500000000000000E+02   2.840599658200000E-03
   2.233986312800000E-05   8.303886437499999E-02   1.000000000000000E+00   1.000000000000000E+00   1.110742199400000E-26  -9.718062971200000E+01   8.500000000000000E+02   2.847444380800000E-03
   2.244739443400000E-05   8.323993838300001E-02   1.000000000000000E+00   1.000000000000000E+00   6.262545098900000E-28  -9.718061943200000E+01   8.500000000000000E+02   2.854310702800000E-03
   2.255518390900000E-05   8.343954629700000E-02   1.000000000000000E+00   1.000000000000000E+00   1.481325607400000E-26  -9.718060913100000E+01   8.500000000000000E+02   2.861155475800000E-03
   2.266323155300000E-05   8.363915415200000E-02   1.000000000000000E+00   1.000000000000000E+00   1.578518857400000E-26  -9.718059880400000E+01   8.500000000000000E+02   2.868000248100000E-03
   2.277153736400000E-05   8.383663342300000E-02   1.000000000000000E+00   1.000000000000000E+00   1.943150631300000E-26  -9.718058844799999E+01   8.500000000000000E+02   2.874813733800000E-03
   2.288010134300000E-05   8.403623609100000E-02   1.000000000000000E+00   1.000000000000000E+00  -1.002183404100000E-28  -9.718057807200000E+01   8.500000000000000E+02   2.881658430300000E-03
   2.298892349600000E-05   8.423583870000000E-02   1.000000000000000E+00   1.000000000000000E+00   1.498247880800000E-26  -9.718056767200000E+01   8.500000000000000E+02   2.888503126000000E-03
   2.309800381800000E-05   8.443496796900000E-02   1.000000000000000E+00   1.000000000000000E+00   4.931571809300000E-27  -9.718055725100000E+01   8.500000000000000E+02   2.895340864600000E-03
   2.320734230400000E-05   8.463456933900000E-02   1.000000000000000E+00   1.000000000000000E+00   7.031277529999999E-27  -9.718054680100001E+01   8.500000000000000E+02   2.902185542400000E-03
   2.331693895900000E-05   8.483417064900001E-02   1.000000000000000E+00   1.000000000000000E+00   7.382546569200000E-27  -9.718053632600000E+01   8.500000000000000E+02   2.909030219600000E-03
   2.342679378700000E-05   8.503402181600000E-02   1.000000000000000E+00   1.000000000000000E+00   6.249872691500000E-27  -9.718052582599999E+01   8.500000000000000E+02   2.915878569500000E-03
   2.353690678000000E-05   8.523362359200000E-02   1.000000000000000E+00   1.000000000000000E+00   5.116451137300000E-27  -9.718051530300001E+01   8.500000000000000E+02   2.922723253800000E-03
   2.364727794200000E-05   8.543322530700000E-02   1.000000000000000E+00   1.000000000000000E+00   9.082080927000000E-27  -9.718050475400000E+01   8.500000000000000E+02   2.929567937500000E-03
   2.375790727600000E-05   8.563333365799999E-02   1.000000000000000E+00   1.000000000000000E+00   2.092568802100000E-26  -9.718049417800000E+01   8.500000000000000E+02   2.936420068100000E-03
   2.386879477000000E-05   8.583293643300000E-02   1.000000000000000E+00   1.000000000000000E+00   1.587005058500000E-26  -9.718048358000000E+01   8.500000000000000E+02   2.943264767700000E-03
   2.397994043600000E-05   8.603253914700000E-02   1.000000000000000E+00   1.000000000000000E+00   1.926322776900000E-26  -9.718047295800000E+01   8.500000000000000E+02   2.950109466600000E-03
   2.409134427400000E-05   8.623151951300000E-02   1.000000000000000E+00   1.000000000000000E+00   8.607250363500001E-27  -9.718046231300001E+01   8.500000000000000E+02   2.956945018100000E-03
   2.420300627600000E-05   8.643112066399999E-02   1.000000000000000E+00   1.000000000000000E+00  -1.299916241900000E-27  -9.718045164100000E+01   8.500000000000000E+02   2.963789694400000E-03
   2.431492644300000E-05   8.663072175400000E-02   1.000000000000000E+00   1.000000000000000E+00   2.164864370800000E-27  -9.718044094400000E+01   8.500000000000000E+02   2.970634369900000E-03
   2.442710478400000E-05   8.683061931699999E-02   1.000000000000000E+00   1.000000000000000E+00   6.497553305800000E-27  -9.718043022099999E+01   8.500000000000000E+02   2.977483403400000E-03
   2.453954129000000E-05   8.703022096500000E-02   1.000000000000000E+00   1.000000000000000E+00   5.378905713800000E-27  -9.718041947499999E+01   8.500000000000000E+02   2.984328087500000E-03
   2.465223596600000E-05   8.722982255200000E-02   1.000000000000000E+00   1.000000000000000E+00   1.194298680500000E-26  -9.718040870400000E+01   8.500000000000000E+02   2.991172770900000E-03
   2.476518880600000E-05   8.743156637500001E-02   1.000000000000000E+00   1.000000000000000E+00   8.217393405200001E-28  -9.718039790900001E+01   8.500000000000000E+02   2.998048942000000E-03
   2.487839981600000E-05   8.763117272900001E-02   1.000000000000000E+00   1.000000000000000E+00   2.003784332400000E-26  -9.718038708900001E+01   8.500000000000000E+02   3.004893695900000E-03
   2.499186899000000E-05   8.783077902000000E-02   1.000000000000000E+00   1.000000000000000E+00   9.734666723900001E-27  -9.718037624400000E+01   8.500000000000000E+02   3.011738449000000E-03
   2.510559633800000E-05   8.803023648699999E-02   1.000000000000000E+00   1.000000000000000E+00   1.260578062700000E-27  -9.718036537899999E+01   8.500000000000000E+02   3.018581014800000E-03
   2.521958184900000E-05   8.822984231700000E-02   1.000000000000000E+00   1.000000000000000E+00  -7.735015182600000E-27  -9.718035448500000E+01   8.500000000000000E+02   3.025425761500000E-03
   2.533382552800000E-05   8.842944808300000E-02   1.000000000000000E+00   1.000000000000000E+00   2.603279971300000E-27  -9.718034356600000E+01   8.500000000000000E+02   3.032270507400000E-03
   2.544832737300000E-05   8.862689828799999E-02   1.000000000000000E+00   1.000000000000000E+00   6.074381070100000E-27  -9.718033261900000E+01   8.500000000000000E+02   3.039083570200000E-03
   2.556308738300000E-05   8.882649907400000E-02   1.000000000000000E+00   1.000000000000000E+00   1.345683446100000E-26  -9.718032165100000E+01   8.500000000000000E+02   3.045928243300000E-03
   2.567810556900000E-05   8.902609979700001E-02   1.000000000000000E+00   1.000000000000000E+00   6.097267187900000E-27  -9.718031065800000E+01   8.500000000000000E+02   3.052772915700000E-03
   2.579338191200000E-05   8.922724133600000E-02   1.000000000000000E+00   1.000000000000000E+00   1.183290897200000E-26  -9.718029964100000E+01   8.500000000000000E+02   3.059640235800000E-03
   2.590891642600000E-05   8.942684537999999E-02   1.000000000000000E+00   1.000000000000000E+00   1.451161236800000E-26  -9.718028859899999E+01   8.500000000000000E+02   3.066484957400000E-03
   2.602470910800000E-05   8.962644936000000E-02   1.000000000000000E+00   1.000000000000000E+00  -1.639647568700000E-28  -9.718027753299999E+01   8.500000000000000E+02   3.073329678200000E-03
   2.614075996000000E-05   8.982608879700001E-02   1.000000000000000E+00   1.000000000000000E+00   3.169687229500000E-27  -9.718026644100000E+01   8.500000000000000E+02   3.080174920400000E-03
   2.625706897500000E-05   9.002569272900000E-02   1.000000000000000E+00   1.000000000000000E+00   1.208715842400000E-26  -9.718025532500000E+01   8.500000000000000E+02   3.087019640900000E-03
   2.637363615900000E-05   9.022529659700000E-02   1.000000000000000E+00   1.000000000000000E+00   1.940925015600000E-26  -9.718024418500001E+01   8.500000000000000E+02   3.093864360600000E-03
   2.649046150700000E-05   9.042565865600000E-02   1.000000000000000E+00   1.000000000000000E+00   1.684012559000000E-26  -9.718023302400000E+01   8.500000000000000E+02   3.100720224800000E-03
   2.660754502100000E-05   9.062526406900000E-02   1.000000000000000E+00   1.000000000000000E+00   9.636076834700000E-27  -9.718022183399999E+01   8.500000000000000E+02   3.107564967600000E-03
   2.672488670100000E-05   9.082486941800000E-02   1.000000000000000E+00   1.000000000000000E+00  -1.514856151100000E-27  -9.718021062000000E+01   8.500000000000000E+02   3.114409709700000E-03
   2.684248655100000E-05   9.102406022100000E-02   1.000000000000000E+00   1.000000000000000E+00   1.546228636800000E-26  -9.718019937500000E+01   8.500000000000000E+02   3.121248358700000E-03
   2.696034456300000E-05   9.122366453200000E-02   1.000000000000000E+00   1.000000000000000E+00  -3.787517217500000E-27  -9.718018811100001E+01   8.500000000000000E+02   3.128093085900000E-03
   2.707846074400000E-05   9.142326877900001E-02   1.000000000000000E+00   1.000000000000000E+00   1.122811414600000E-28  -9.718017682200001E+01   8.500000000000000E+02   3.134937812400000E-03
   2.719683509000000E-05   9.162068059900000E-02   1.000000000000000E+00   1.000000000000000E+00   1.264869822300000E-26  -9.718016550900001E+01   8.500000000000000E+02   3.141750313700000E-03
   2.731546760300000E-05   9.182027994000000E-02   1.000000000000000E+00   1.000000000000000E+00   4.995800305400000E-27  -9.718015417100000E+01   8.500000000000000E+02   3.148594968400000E-03
   2.743435828300000E-05   9.201987921500000E-02   1.000000000000000E+00   1.000000000000000E+00   5.698902274300000E-27  -9.718014280800000E+01   8.500000000000000E+02   3.155439622400000E-03
   2.755350712600000E-05   9.222052005000000E-02   1.000000000000000E+00   1.000000000000000E+00   1.785168008900000E-26  -9.718013142700001E+01   8.500000000000000E+02   3.162299585900000E-03
   2.767291413300000E-05   9.242012144900000E-02   1.000000000000000E+00   1.000000000000000E+00   2.705808628000000E-27  -9.718012001500000E+01   8.500000000000000E+02   3.169144271400000E-03
   2.779257931500000E-05   9.261972278199999E-02   1.000000000000000E+00   1.000000000000000E+00   1.667154668300000E-27  -9.718010857800000E+01   8.500000000000000E+02   3.175988956200000E-03
   2.791250265800000E-05   9.282076196400001E-02   1.000000000000000E+00   1.000000000000000E+00   5.827531906000000E-27  -9.718009711900000E+01   8.500000000000000E+02   3.182854775400000E-03
   2.803268416400000E-05   9.302036625800000E-02   1.000000000000000E+00   1.000000000000000E+00   1.165622647600000E-26  -9.718008563200000E+01   8.500000000000000E+02   3.189699504000000E-03
   2.815312383700000E-05   9.321997048600000E-02   1.000000000000000E+00   1.000000000000000E+00  -6.001502168900000E-27  -9.718007412199999E+01   8.500000000000000E+02   3.196544232000000E-03
   2.827382167800000E-05   9.341980700200000E-02   1.000000000000000E+00   1.000000000000000E+00   1.102308481600000E-26  -9.718006258800000E+01   8.500000000000000E+02   3.203392374400000E-03
   2.839477767800000E-05   9.361941159400000E-02   1.000000000000000E+00   1.000000000000000E+00   3.342031186300000E-27  -9.718005102799999E+01   8.500000000000000E+02   3.210237108000000E-03
   2.851599185100000E-05   9.381901611900000E-02   1.000000000000000E+00   1.000000000000000E+00   3.413027643000000E-28  -9.718003944400000E+01   8.500000000000000E+02   3.217081840900000E-03
   2.863746418400000E-05   9.401852442600001E-02   1.000000000000000E+00   1.000000000000000E+00   1.428879955400000E-26  -9.718002782500000E+01   8.500000000000000E+02   3.223925159700000E-03
   2.875919468600000E-05   9.421812861400000E-02   1.000000000000000E+00   1.000000000000000E+00   1.533012599200000E-26  -9.718001619000000E+01   8.500000000000000E+02   3.230769888000000E-03
   2.888118335000000E-05   9.441773273500000E-02   1.000000000000000E+00   1.000000000000000E+00   1.637145242900000E-26  -9.718000453200000E+01   8.500000000000000E+02   3.237614615500000E-03
   2.900343018000000E-05   9.461661235500000E-02   1.000000000000000E+00   1.000000000000000E+00  -6.328815740300000E-27  -9.717999284800000E+01   8.500000000000000E+02   3.244448694200000E-03
   2.912593517300000E-05   9.481621481300000E-02   1.000000000000000E+00   1.000000000000000E+00   7.658536114600000E-27  -9.717998114000000E+01   8.500000000000000E+02   3.251293397700000E-03
   2.924869833300000E-05   9.501581720400000E-02   1.000000000000000E+00   1.000000000000000E+00   7.558416277200000E-27  -9.717996940700000E+01   8.500000000000000E+02   3.258138100400000E-03
   2.937171966000000E-05   9.521500077599999E-02   1.000000000000000E+00   1.000000000000000E+00  -1.593771803100000E-27  -9.717995765500000E+01   8.500000000000000E+02   3.264976647200000E-03
   2.949499915400000E-05   9.541460215399999E-02   1.000000000000000E+00   1.000000000000000E+00   7.759143242300000E-27  -9.717994587299999E+01   8.500000000000000E+02   3.271821335400000E-03
   2.961853680600000E-05   9.561420346400000E-02   1.000000000000000E+00   1.000000000000000E+00   8.971201847399999E-27  -9.717993406600000E+01   8.500000000000000E+02   3.278666022900000E-03
   2.974233262100000E-05   9.581434704100000E-02   1.000000000000000E+00   1.000000000000000E+00   1.368713305700000E-26  -9.717992223100001E+01   8.500000000000000E+02   3.285518681000000E-03
   2.986638660100000E-05   9.601394934599999E-02   1.000000000000000E+00   1.000000000000000E+00   2.151606583000000E-26  -9.717991037500001E+01   8.500000000000000E+02   3.292363383400000E-03
   2.999069875500000E-05   9.621355158200000E-02   1.000000000000000E+00   1.000000000000000E+00   1.873915647500000E-26  -9.717989849400000E+01   8.500000000000000E+02   3.299208085000000E-03
   3.011526906900000E-05   9.641138813900001E-02   1.000000000000000E+00   1.000000000000000E+00   9.465899547300000E-27  -9.717988658700000E+01   8.500000000000000E+02   3.306026834000000E-03
   3.024009754100000E-05   9.661098658300001E-02   1.000000000000000E+00   1.000000000000000E+00   4.292029497600000E-27  -9.717987465700000E+01   8.500000000000000E+02   3.312871480300000E-03
   3.036518418100000E-05   9.681058495800000E-02   1.000000000000000E+00   1.000000000000000E+00   1.699506837100000E-26  -9.717986270199999E+01   8.500000000000000E+02   3.319716125700000E-03
   3.049052898800000E-05   9.701048098999999E-02   1.000000000000000E+00   1.000000000000000E+00  -5.410602148400000E-28  -9.717985073100000E+01   8.500000000000000E+02   3.326565146500000E-03
   3.061613195400000E-05   9.721007984000000E-02   1.000000000000000E+00   1.000000000000000E+00   6.239986992700000E-28  -9.717983872700000E+01   8.500000000000000E+02   3.333409799400000E-03
   3.074199308700000E-05   9.740967862200001E-02   1.000000000000000E+00   1.000000000000000E+00   4.895125455800000E-27  -9.717982669800000E+01   8.500000000000000E+02   3.340254451500000E-03
   3.086811238300000E-05   9.761076456700001E-02   1.000000000000000E+00   1.000000000000000E+00   8.239885250399999E-27  -9.717981463500000E+01   8.500000000000000E+02   3.347120962800000E-03
   3.099448984500000E-05   9.781036625099999E-02   1.000000000000000E+00   1.000000000000000E+00   1.110023768500000E-26  -9.717980255700000E+01   8.500000000000000E+02   3.353965658000000E-03
   3.112112546900000E-05   9.800996786600000E-02   1.000000000000000E+00   1.000000000000000E+00   5.717208043100000E-28  -9.717979045400000E+01   8.500000000000000E+02   3.360810352300000E-03
   3.124801926000000E-05   9.820834242900001E-02   1.000000000000000E+00   1.000000000000000E+00   1.037603658400000E-26  -9.717977832699999E+01   8.500000000000000E+02   3.367637011000000E-03
   3.137517120700000E-05   9.840794141000000E-02   1.000000000000000E+00   1.000000000000000E+00   9.949695203100000E-27  -9.717976617500000E+01   8.500000000000000E+02   3.374481667000000E-03
   3.150258132300000E-05   9.860754032200000E-02   1.000000000000000E+00   1.000000000000000E+00   2.964336896000000E-27  -9.717975399800000E+01   8.500000000000000E+02   3.381326322200000E-03
   3.163024960400000E-05   9.880895709199999E-02   1.000000000000000E+00   1.000000000000000E+00   3.960163454800000E-26  -9.717974179600000E+01   8.500000000000000E+02   3.388197697500000E-03
   3.175817604100000E-05   9.900855953600000E-02   1.000000000000000E+00   1.000000000000000E+00  -7.579485620500000E-27  -9.717972957000001E+01   8.500000000000000E+02   3.395042405000000E-03
   3.188636064700000E-05   9.920816191000000E-02   1.000000000000000E+00   1.000000000000000E+00   2.159513460400000E-26  -9.717971731900001E+01   8.500000000000000E+02   3.401887111800000E-03
   3.201480341600000E-05   9.940756644900001E-02   1.000000000000000E+00   1.000000000000000E+00  -7.711397179000000E-27  -9.717970504400000E+01   8.500000000000000E+02   3.408728910800000E-03
   3.214350434900000E-05   9.960716828500001E-02   1.000000000000000E+00   1.000000000000000E+00   1.139913671600000E-26  -9.717969274399999E+01   8.500000000000000E+02   3.415573610000000E-03

