   1.214891877400000E+00   0.000000000000000E+00   2.886751410500000E+01   2.886751410500000E+01   0.000000000000000E+00   1.000000047500000E-03   2.886751410500000E+01   0.000000000000000E+00
   1.214893168600000E+00   8.724343085400000E-04   2.886751410500000E+01   2.886751410500000E+01   1.477391626800000E-02   1.000000047500000E-03   2.886751410500000E+01   1.477391626800000E-02
   1.214897042400000E+00   1.744853197500000E-03   2.886751410500000E+01   2.886751410500000E+01   2.954782029100000E-02   1.000000047500000E-03   2.886751410500000E+01   2.954782029100000E-02
   1.214903498600000E+00   2.617232634900000E-03   2.886751410500000E+01   2.886751410500000E+01   4.432182966300000E-02   1.000000047500000E-03   2.886751410500000E+01   4.432182966300000E-02
   1.214912537100000E+00   3.489571129200000E-03   2.886751410500000E+01   2.886751410500000E+01   5.909570573400000E-02   1.000000047500000E-03   2.886751410500000E+01   5.909570573400000E-02
   1.214924158000000E+00   4.361847551300000E-03   2.886751410500000E+01   2.886751410500000E+01   7.386952366500001E-02   1.000000047500000E-03   2.886751410500000E+01   7.386952366500001E-02
   1.214938361100000E+00   5.233870928400000E-03   2.886751410500000E+01   2.886751410500000E+01   8.864334636000000E-02   1.000000047500000E-03   2.886751410500000E+01   8.864334636000000E-02
   1.214955146300000E+00   6.105948027000000E-03   2.886751410500000E+01   2.886751410500000E+01   1.034170187700000E-01   1.000000047500000E-03   2.886751410500000E+01   1.034170187700000E-01
   1.214974513500000E+00   6.977916808000000E-03   2.886751410500000E+01   2.886751410500000E+01   1.181905900800000E-01   1.000000047500000E-03   2.886751410500000E+01   1.181905900800000E-01
   1.214996462400000E+00   7.850027678999999E-03   2.886751410500000E+01   2.886751410500000E+01   1.329633727200000E-01   1.000000047500000E-03   2.886751410500000E+01   1.329633727200000E-01
   1.215020992800000E+00   8.721760825100001E-03   2.886751410500000E+01   2.886751410500000E+01   1.477366301000000E-01   1.000000047500000E-03   2.886751410500000E+01   1.477366301000000E-01
   1.215048104700000E+00   9.593338619899999E-03   2.886751410500000E+01   2.886751410500000E+01   1.625097450100000E-01   1.000000047500000E-03   2.886751410500000E+01   1.625097450100000E-01
   1.215077797600000E+00   1.046477166700000E-02   2.886751410500000E+01   2.886751410500000E+01   1.772828700600000E-01   1.000000047500000E-03   2.886751410500000E+01   1.772828700600000E-01
   1.215110071400000E+00   1.133599514000000E-02   2.886751410500000E+01   2.886751410500000E+01   1.920556496500000E-01   1.000000047500000E-03   2.886751410500000E+01   1.920556496500000E-01
   1.215144925700000E+00   1.220701695900000E-02   2.886751410500000E+01   2.886751410500000E+01   2.068282387400000E-01   1.000000047500000E-03   2.886751410500000E+01   2.068282387400000E-01
   1.215182360400000E+00   1.307777715400000E-02   2.886751410500000E+01   2.886751410500000E+01   2.216004541100000E-01   1.000000047500000E-03   2.886751410500000E+01   2.216004541100000E-01
   1.215222374900000E+00   1.394834791100000E-02   2.886751410500000E+01   2.886751410500000E+01   2.363726397600000E-01   1.000000047500000E-03   2.886751410500000E+01   2.363726397600000E-01
   1.215264969000000E+00   1.481867098900000E-02   2.886751410500000E+01   2.886751410500000E+01   2.511445971000000E-01   1.000000047500000E-03   2.886751410500000E+01   2.511445971000000E-01
   1.215310142300000E+00   1.568877624400000E-02   2.886751410500000E+01   2.886751410500000E+01   2.659174863700000E-01   1.000000047500000E-03   2.886751410500000E+01   2.659174863700000E-01
   1.215357894400000E+00   1.655855787300000E-02   2.886751410500000E+01   2.886751410500000E+01   2.806889910800000E-01   1.000000047500000E-03   2.886751410500000E+01   2.806889910800000E-01
   1.215408224800000E+00   1.742804528800000E-02   2.886751410500000E+01   2.886751410500000E+01   2.954602213900000E-01   1.000000047500000E-03   2.886751410500000E+01   2.954602213900000E-01
   1.215461133200000E+00   1.829722921700000E-02   2.886751410500000E+01   2.886751410500000E+01   3.102310737500000E-01   1.000000047500000E-03   2.886751410500000E+01   3.102310737500000E-01
   1.215516619000000E+00   1.916608298200000E-02   2.886751410500000E+01   2.886751410500000E+01   3.250016902200000E-01   1.000000047500000E-03   2.886751410500000E+01   3.250016902200000E-01
   1.215574681800000E+00   2.003459656000000E-02   2.886751410500000E+01   2.886751410500000E+01   3.397719861200000E-01   1.000000047500000E-03   2.886751410500000E+01   3.397719861200000E-01
   1.215635321000000E+00   2.090275675600000E-02   2.886751410500000E+01   2.886751410500000E+01   3.545415790400000E-01   1.000000047500000E-03   2.886751410500000E+01   3.545415790400000E-01
   1.215698536000000E+00   2.177054462200000E-02   2.886751410500000E+01   2.886751410500000E+01   3.693112134900000E-01   1.000000047500000E-03   2.886751410500000E+01   3.693112134900000E-01
   1.215764326500000E+00   2.263794649500000E-02   2.886751410500000E+01   2.886751410500000E+01   3.840804878700000E-01   1.000000047500000E-03   2.886751410500000E+01   3.840804878700000E-01
   1.215832691600000E+00   2.350493097700000E-02   2.886751410500000E+01   2.886751410500000E+01   3.988485260100000E-01   1.000000047500000E-03   2.886751410500000E+01   3.988485260100000E-01
   1.215903630900000E+00   2.437151700100000E-02   2.886751410500000E+01   2.886751410500000E+01   4.136169300400000E-01   1.000000047500000E-03   2.886751410500000E+01   4.136169300400000E-01
   1.215977143700000E+00   2.523767163900000E-02   2.886751410500000E+01   2.886751410500000E+01   4.283849219400000E-01   1.000000047500000E-03   2.886751410500000E+01   4.283849219400000E-01
   1.216053229300000E+00   2.610339265900000E-02   2.886751410500000E+01   2.886751410500000E+01   4.431541390000000E-01   1.000000047500000E-03   2.886751410500000E+01   4.431541390000000E-01
   1.216131887000000E+00   2.696863757000000E-02   2.886751410500000E+01   2.886751410500000E+01   4.579213890800000E-01   1.000000047500000E-03   2.886751410500000E+01   4.579213890800000E-01
   1.216213116200000E+00   2.783340550000000E-02   2.886751410500000E+01   2.886751410500000E+01   4.726881890700000E-01   1.000000047500000E-03   2.886751410500000E+01   4.726881890700000E-01
   1.216296916200000E+00   2.869764926300000E-02   2.886751410500000E+01   2.886751410500000E+01   4.874541751800000E-01   1.000000047500000E-03   2.886751410500000E+01   4.874541751800000E-01
   1.216383286000000E+00   2.956142114700000E-02   2.886751410500000E+01   2.886751410500000E+01   5.022200396299999E-01   1.000000047500000E-03   2.886751410500000E+01   5.022200396299999E-01
   1.216472225100000E+00   3.042467123700000E-02   2.886751410500000E+01   2.886751410500000E+01   5.169854111200000E-01   1.000000047500000E-03   2.886751410500000E+01   5.169854111200000E-01
   1.216563732500000E+00   3.128740350300000E-02   2.886751410500000E+01   2.886751410500000E+01   5.317472127900000E-01   1.000000047500000E-03   2.886751410500000E+01   5.317472127900000E-01
   1.216657807500000E+00   3.214956041300000E-02   2.886751410500000E+01   2.886751410500000E+01   5.465113274900000E-01   1.000000047500000E-03   2.886751410500000E+01   5.465113274900000E-01
   1.216754449200000E+00   3.301115423000000E-02   2.886751410500000E+01   2.886751410500000E+01   5.612748928300000E-01   1.000000047500000E-03   2.886751410500000E+01   5.612748928300000E-01
   1.216853656700000E+00   3.387215899900000E-02   2.886751410500000E+01   2.886751410500000E+01   5.760337339300000E-01   1.000000047500000E-03   2.886751410500000E+01   5.760337339300000E-01
   1.216955429200000E+00   3.473257549600000E-02   2.886751410500000E+01   2.886751410500000E+01   5.907963650600000E-01   1.000000047500000E-03   2.886751410500000E+01   5.907963650600000E-01
   1.217059765600000E+00   3.559238069400000E-02   2.886751410500000E+01   2.886751410500000E+01   6.055584248400000E-01   1.000000047500000E-03   2.886751410500000E+01   6.055584248400000E-01
   1.217166665100000E+00   3.645151565000000E-02   2.886751410500000E+01   2.886751410500000E+01   6.203237233300000E-01   1.000000047500000E-03   2.886751410500000E+01   6.203237233300000E-01
   1.217276126700000E+00   3.731004442000000E-02   2.886751410500000E+01   2.886751410500000E+01   6.350846312000000E-01   1.000000047500000E-03   2.886751410500000E+01   6.350846312000000E-01
   1.217388149400000E+00   3.816791702000000E-02   2.886751410500000E+01   2.886751410500000E+01   6.498449191600000E-01   1.000000047500000E-03   2.886751410500000E+01   6.498449191600000E-01
   1.217502732100000E+00   3.902513552900000E-02   2.886751410500000E+01   2.886751410500000E+01   6.646085478200000E-01   1.000000047500000E-03   2.886751410500000E+01   6.646085478200000E-01
   1.217619873900000E+00   3.988165313500000E-02   2.886751410500000E+01   2.886751410500000E+01   6.793675167700000E-01   1.000000047500000E-03   2.886751410500000E+01   6.793675167700000E-01
   1.217739573600000E+00   4.073747065600000E-02   2.886751410500000E+01   2.886751410500000E+01   6.941258125100001E-01   1.000000047500000E-03   2.886751410500000E+01   6.941258125100001E-01
   1.217861830200000E+00   4.159265632600000E-02   2.886751410500000E+01   2.886751410500000E+01   7.088771575000000E-01   1.000000047500000E-03   2.886751410500000E+01   7.088771575000000E-01
   1.217986642500000E+00   4.244704495200000E-02   2.886751410500000E+01   2.886751410500000E+01   7.236341159100000E-01   1.000000047500000E-03   2.886751410500000E+01   7.236341159100000E-01

