   7.803893757300000E-16   0.000000000000000E+00   1.000000000000000E+00   1.000000000000000E+00   0.000000000000000E+00  -9.775257858900000E+01   8.600000000000000E+02   0.000000000000000E+00
   1.269779895600000E-10   1.988346117200000E-04   1.000000000000000E+00   1.000000000000000E+00   2.871946733100000E-30  -9.775257857600000E+01   8.600000000000000E+02   6.779435959500000E-06
   5.079286219700000E-10   3.976692233400000E-04   1.000000000000000E+00   1.000000000000000E+00   7.354420961400001E-30  -9.775257853900000E+01   8.600000000000000E+02   1.355887191900000E-05
   1.142847886300000E-09   5.965027858900001E-04   1.000000000000000E+00   1.000000000000000E+00   6.615469002400000E-29  -9.775257847800000E+01   8.600000000000000E+02   2.033829254800000E-05
   2.031722451700000E-09   7.953370472400000E-04   1.000000000000000E+00   1.000000000000000E+00   1.123222762900000E-28  -9.775257839200000E+01   8.600000000000000E+02   2.711772339000000E-05
   3.174559485900000E-09   9.941713080500001E-04   1.000000000000000E+00   1.000000000000000E+00   1.865622574300000E-28  -9.775257828200000E+01   8.600000000000000E+02   3.389715422700000E-05
   4.571363311000000E-09   1.192978138900000E-03   1.000000000000000E+00   1.000000000000000E+00   1.173420284200000E-28  -9.775257814800000E+01   8.600000000000000E+02   4.067618421900000E-05
   6.222127740200000E-09   1.391807826700000E-03   1.000000000000000E+00   1.000000000000000E+00   5.560817754100000E-29  -9.775257798900000E+01   8.600000000000000E+02   4.745554823200000E-05
   8.126855775400000E-09   1.590637513500000E-03   1.000000000000000E+00   1.000000000000000E+00   9.109075679000000E-29  -9.775257780500000E+01   8.600000000000000E+02   5.423491223300000E-05
   1.028555104500000E-08   1.789465992100000E-03   1.000000000000000E+00   1.000000000000000E+00   1.706135679300000E-28  -9.775257759800000E+01   8.600000000000000E+02   6.101425858100000E-05
   1.269820924900000E-08   1.988295542500000E-03   1.000000000000000E+00   1.000000000000000E+00  -1.381047610500000E-29  -9.775257736499999E+01   8.600000000000000E+02   6.779362059600000E-05
   1.536483198000000E-08   2.187125091500000E-03   1.000000000000000E+00   1.000000000000000E+00   4.072906178700000E-28  -9.775257710900000E+01   8.600000000000000E+02   7.457298259500000E-05
   1.828542002100000E-08   2.385976909700000E-03   1.000000000000000E+00   1.000000000000000E+00   3.172659136100000E-28  -9.775257682700000E+01   8.600000000000000E+02   8.135267002800000E-05
   2.145996837500000E-08   2.584808311600000E-03   1.000000000000000E+00   1.000000000000000E+00   8.348707867100000E-29  -9.775257652200000E+01   8.600000000000000E+02   8.813205911300001E-05
   2.488848358000000E-08   2.783639711600000E-03   1.000000000000000E+00   1.000000000000000E+00   5.045881724900000E-28  -9.775257619200001E+01   8.600000000000000E+02   9.491144817600000E-05
   2.857096414500000E-08   2.982450239200000E-03   1.000000000000000E+00   1.000000000000000E+00   4.156909234100000E-29  -9.775257583699999E+01   8.600000000000000E+02   1.016905322300000E-04
   3.250740246300000E-08   3.181280243900000E-03   1.000000000000000E+00   1.000000000000000E+00   3.709471229600000E-28  -9.775257545800000E+01   8.600000000000000E+02   1.084699009100000E-04
   3.669781246400000E-08   3.380110246600000E-03   1.000000000000000E+00   1.000000000000000E+00   4.975352591400000E-28  -9.775257505499999E+01   8.600000000000000E+02   1.152492695700000E-04
   4.114217819000000E-08   3.578988944200000E-03   1.000000000000000E+00   1.000000000000000E+00   6.170287541000000E-28  -9.775257462700000E+01   8.600000000000000E+02   1.220293498400000E-04
   4.584051568800000E-08   3.777821647400000E-03   1.000000000000000E+00   1.000000000000000E+00   5.661957384600000E-29  -9.775257417500001E+01   8.600000000000000E+02   1.288087579800000E-04
   5.079280739700000E-08   3.976654348200000E-03   1.000000000000000E+00   1.000000000000000E+00   1.555384038600000E-28  -9.775257369800001E+01   8.600000000000000E+02   1.355881660900000E-04
   5.599907294800000E-08   4.175438317600000E-03   1.000000000000000E+00   1.000000000000000E+00   5.813231569700000E-28  -9.775257319700000E+01   8.600000000000000E+02   1.423668620800000E-04
   6.145929846300000E-08   4.374268692400000E-03   1.000000000000000E+00   1.000000000000000E+00   7.396949665700000E-28  -9.775257267100000E+01   8.600000000000000E+02   1.491462362100000E-04
   6.717348631900000E-08   4.573099064200000E-03   1.000000000000000E+00   1.000000000000000E+00  -4.687104899600000E-28  -9.775257212100000E+01   8.600000000000000E+02   1.559256103200000E-04
   7.314164060900000E-08   4.771925876400000E-03   1.000000000000000E+00   1.000000000000000E+00   1.703131953400000E-27  -9.775257154600000E+01   8.600000000000000E+02   1.627049324100000E-04
   7.936375797800000E-08   4.970756093700000E-03   1.000000000000000E+00   1.000000000000000E+00   1.846120108700000E-28  -9.775257094700000E+01   8.600000000000000E+02   1.694843042700000E-04
   8.583983834500000E-08   5.169586307600000E-03   1.000000000000000E+00   1.000000000000000E+00   2.166644993400000E-28  -9.775257032400000E+01   8.600000000000000E+02   1.762636761000000E-04
   9.256988599400000E-08   5.368531175000000E-03   1.000000000000000E+00   1.000000000000000E+00   1.601347526600000E-28  -9.775256967599999E+01   8.600000000000000E+02   1.830447234200000E-04
   9.955389520800000E-08   5.567365628300000E-03   1.000000000000000E+00   1.000000000000000E+00   1.050068898400000E-28  -9.775256900300000E+01   8.600000000000000E+02   1.898241572100000E-04
   1.067918699400000E-07   5.766200077800000E-03   1.000000000000000E+00   1.000000000000000E+00  -3.801088356500000E-28  -9.775256830600000E+01   8.600000000000000E+02   1.966035909700000E-04
   1.142838109000000E-07   5.964965181200000E-03   1.000000000000000E+00   1.000000000000000E+00   1.159354776700000E-27  -9.775256758499999E+01   8.600000000000000E+02   2.033820113500000E-04
   1.220297098300000E-07   6.163797311300000E-03   1.000000000000000E+00   1.000000000000000E+00   1.176472948300000E-27  -9.775256683900000E+01   8.600000000000000E+02   2.101614112300000E-04
   1.300295722500000E-07   6.362629437300000E-03   1.000000000000000E+00   1.000000000000000E+00  -2.578021097500000E-28  -9.775256606900000E+01   8.600000000000000E+02   2.169408110700000E-04
   1.382834042300000E-07   6.561493564600000E-03   1.000000000000000E+00   1.000000000000000E+00   1.991233301100000E-27  -9.775256527499999E+01   8.600000000000000E+02   2.237206785600000E-04
   1.467912001500000E-07   6.760326651600000E-03   1.000000000000000E+00   1.000000000000000E+00   9.676211228700001E-28  -9.775256445500000E+01   8.600000000000000E+02   2.305000924700000E-04
   1.555529551000000E-07   6.959159734000000E-03   1.000000000000000E+00   1.000000000000000E+00   1.909738843000000E-27  -9.775256361200000E+01   8.600000000000000E+02   2.372795063200000E-04
   1.645686724400000E-07   7.158021280600000E-03   1.000000000000000E+00   1.000000000000000E+00   4.517562630700000E-28  -9.775256274400000E+01   8.600000000000000E+02   2.440593361500000E-04
   1.738383590100000E-07   7.356855144200000E-03   1.000000000000000E+00   1.000000000000000E+00   1.961865349000000E-28  -9.775256185100000E+01   8.600000000000000E+02   2.508387614400000E-04
   1.833620062300000E-07   7.555689002900000E-03   1.000000000000000E+00   1.000000000000000E+00   1.143029668400000E-27  -9.775256093500001E+01   8.600000000000000E+02   2.576181866800000E-04
   1.931396198200000E-07   7.754468085600000E-03   1.000000000000000E+00   1.000000000000000E+00  -5.386425606100000E-28  -9.775255999300001E+01   8.600000000000000E+02   2.643968114700000E-04
   2.031711991500000E-07   7.953300529499999E-03   1.000000000000000E+00   1.000000000000000E+00   3.036715882100000E-27  -9.775255902700000E+01   8.600000000000000E+02   2.711762160700000E-04
   2.134567394100000E-07   8.152132967899999E-03   1.000000000000000E+00   1.000000000000000E+00   8.928232424600000E-28  -9.775255803700000E+01   8.600000000000000E+02   2.779556206000000E-04
   2.239962444900000E-07   8.350929561800001E-03   1.000000000000000E+00   1.000000000000000E+00   1.583780005900000E-28  -9.775255702299999E+01   8.600000000000000E+02   2.847345013300000E-04
   2.347897145800000E-07   8.549761135799999E-03   1.000000000000000E+00   1.000000000000000E+00   2.105543112000000E-27  -9.775255598299999E+01   8.600000000000000E+02   2.915138932700000E-04
   2.458371467000000E-07   8.748592703900000E-03   1.000000000000000E+00   1.000000000000000E+00   8.537279920500000E-29  -9.775255491999999E+01   8.600000000000000E+02   2.982932851300000E-04
   2.571385416200000E-07   8.947372101600000E-03   1.000000000000000E+00   1.000000000000000E+00   2.691780458000000E-27  -9.775255383200000E+01   8.600000000000000E+02   3.050719146200000E-04
   2.686939016500000E-07   9.146202498500001E-03   1.000000000000000E+00   1.000000000000000E+00   1.617095561300000E-27  -9.775255271899999E+01   8.600000000000000E+02   3.118512894100000E-04
   2.805032247600000E-07   9.345032889200000E-03   1.000000000000000E+00   1.000000000000000E+00   8.770555306600001E-28  -9.775255158200000E+01   8.600000000000000E+02   3.186306641200000E-04
   2.925665084200000E-07   9.543939524100001E-03   1.000000000000000E+00   1.000000000000000E+00   1.283701356300000E-27  -9.775255042100000E+01   8.600000000000000E+02   3.254111530500000E-04
   3.048837557100000E-07   9.742771490500001E-03   1.000000000000000E+00   1.000000000000000E+00   3.798487006800000E-28  -9.775254923500000E+01   8.600000000000000E+02   3.321905508200000E-04
   3.174549775000000E-07   9.941603450300001E-03   1.000000000000000E+00   1.000000000000000E+00  -3.329637745700000E-29  -9.775254802500000E+01   8.600000000000000E+02   3.389699485200000E-04
   3.302801577200000E-07   1.014056202200000E-02   1.000000000000000E+00   1.000000000000000E+00   1.072882135500000E-28  -9.775254679000000E+01   8.600000000000000E+02   3.457511964800000E-04
   3.433592989700000E-07   1.033939645100000E-02   1.000000000000000E+00   1.000000000000000E+00   2.478728045200000E-28  -9.775254553100000E+01   8.600000000000000E+02   3.525306303100000E-04
   3.566924041400000E-07   1.053823087300000E-02   1.000000000000000E+00   1.000000000000000E+00   1.300377751300000E-27  -9.775254424700000E+01   8.600000000000000E+02   3.593100640500000E-04
   3.702794777300000E-07   1.073689286900000E-02   1.000000000000000E+00   1.000000000000000E+00   2.647025926100000E-28  -9.775254293899999E+01   8.600000000000000E+02   3.660869780800000E-04
   3.841205155000000E-07   1.093572408300000E-02   1.000000000000000E+00   1.000000000000000E+00   1.781247561700000E-27  -9.775254160599999E+01   8.600000000000000E+02   3.728663649900000E-04
   3.982155091900000E-07   1.113455529000000E-02   1.000000000000000E+00   1.000000000000000E+00   2.084497349300000E-27  -9.775254024900001E+01   8.600000000000000E+02   3.796457518200000E-04
   4.125644684000000E-07   1.133337427600000E-02   1.000000000000000E+00   1.000000000000000E+00   2.428826666500000E-27  -9.775253886800000E+01   8.600000000000000E+02   3.864249600600000E-04
   4.271673962400000E-07   1.153220525300000E-02   1.000000000000000E+00   1.000000000000000E+00   3.005994992800000E-28  -9.775253746200001E+01   8.600000000000000E+02   3.932043435800000E-04
   4.420242835400000E-07   1.173103622300000E-02   1.000000000000000E+00   1.000000000000000E+00   1.487039600900000E-27  -9.775253603199999E+01   8.600000000000000E+02   3.999837270100000E-04
   4.571351380300000E-07   1.193006545800000E-02   1.000000000000000E+00   1.000000000000000E+00   2.877416540800000E-27  -9.775253457700001E+01   8.600000000000000E+02   4.067660078100000E-04
   4.724999555600000E-07   1.212889971600000E-02   1.000000000000000E+00   1.000000000000000E+00   2.898632772600000E-27  -9.775253309800000E+01   8.600000000000000E+02   4.135454393400000E-04
   4.881187371500000E-07   1.232773396600000E-02   1.000000000000000E+00   1.000000000000000E+00   1.398873337400000E-27  -9.775253159400000E+01   8.600000000000000E+02   4.203248707800000E-04
   5.039914817900000E-07   1.252654645700000E-02   1.000000000000000E+00   1.000000000000000E+00   1.186050434300000E-28  -9.775253006600001E+01   8.600000000000000E+02   4.271039842700000E-04
   5.201181883300000E-07   1.272538034500000E-02   1.000000000000000E+00   1.000000000000000E+00  -2.726345446900000E-30  -9.775252851300000E+01   8.600000000000000E+02   4.338834104600000E-04
   5.364988640700000E-07   1.292421422400000E-02   1.000000000000000E+00   1.000000000000000E+00   1.119643872800000E-28  -9.775252693600000E+01   8.600000000000000E+02   4.406628365500000E-04
   5.531334965400000E-07   1.312288873800000E-02   1.000000000000000E+00   1.000000000000000E+00   1.584156874200000E-27  -9.775252533500000E+01   8.600000000000000E+02   4.474399338000000E-04
   5.700220978100000E-07   1.332172018500000E-02   1.000000000000000E+00   1.000000000000000E+00   1.549566375600000E-27  -9.775252370900000E+01   8.600000000000000E+02   4.542193244000000E-04
   5.871646534000000E-07   1.352055162300000E-02   1.000000000000000E+00   1.000000000000000E+00  -8.056416608700000E-29  -9.775252205800000E+01   8.600000000000000E+02   4.609987149000000E-04
   6.045611857200000E-07   1.371930738000000E-02   1.000000000000000E+00   1.000000000000000E+00   3.400309906400000E-27  -9.775252038300000E+01   8.600000000000000E+02   4.677769994700000E-04
   6.222116810000000E-07   1.391813770200000E-02   1.000000000000000E+00   1.000000000000000E+00   1.218108818900000E-27  -9.775251868399999E+01   8.600000000000000E+02   4.745563737200000E-04
   6.401161321700000E-07   1.411696801600000E-02   1.000000000000000E+00   1.000000000000000E+00   3.336887660100000E-27  -9.775251695999999E+01   8.600000000000000E+02   4.813357478700000E-04
   6.582745501400000E-07   1.431601393000000E-02   1.000000000000000E+00   1.000000000000000E+00   3.508224113600000E-27  -9.775251521200001E+01   8.600000000000000E+02   4.881182727200000E-04
   6.766869312999999E-07   1.451484721800000E-02   1.000000000000000E+00   1.000000000000000E+00   5.467081417000000E-28  -9.775251343900000E+01   8.600000000000000E+02   4.948976904100000E-04
   6.953532762200000E-07   1.471368049700000E-02   1.000000000000000E+00   1.000000000000000E+00   2.056179953000000E-27  -9.775251164200000E+01   8.600000000000000E+02   5.016771079700000E-04
   7.142735792600000E-07   1.491256485700000E-02   1.000000000000000E+00   1.000000000000000E+00   2.655422488600000E-27  -9.775250982100000E+01   8.600000000000000E+02   5.084572720600000E-04
   7.334478528100000E-07   1.511139879700000E-02   1.000000000000000E+00   1.000000000000000E+00   4.787161179600000E-27  -9.775250797500000E+01   8.600000000000000E+02   5.152366993500000E-04
   7.528760908600000E-07   1.531023272600000E-02   1.000000000000000E+00   1.000000000000000E+00   1.946357002800000E-27  -9.775250610400001E+01   8.600000000000000E+02   5.220161265200000E-04
   7.725582896100000E-07   1.550865297200000E-02   1.000000000000000E+00   1.000000000000000E+00   3.263424599100000E-27  -9.775250420899999E+01   8.600000000000000E+02   5.287895083700000E-04
   7.924944503900000E-07   1.570748157700000E-02   1.000000000000000E+00   1.000000000000000E+00   3.327675994900000E-27  -9.775250229000000E+01   8.600000000000000E+02   5.355688577900000E-04
   8.126845816100000E-07   1.590631017100000E-02   1.000000000000000E+00   1.000000000000000E+00   1.092891708700000E-27  -9.775250034600001E+01   8.600000000000000E+02   5.423482070900000E-04
   8.331286660200000E-07   1.610509495500000E-02   1.000000000000000E+00   1.000000000000000E+00   2.505405479900000E-27  -9.775249837800000E+01   8.600000000000000E+02   5.491269162000000E-04
   8.538267188300000E-07   1.630392298700000E-02   1.000000000000000E+00   1.000000000000000E+00   1.526978685700000E-27  -9.775249638500000E+01   8.600000000000000E+02   5.559062573400000E-04
   8.747787380700000E-07   1.650275100700000E-02   1.000000000000000E+00   1.000000000000000E+00   8.901149890599999E-28  -9.775249436800000E+01   8.600000000000000E+02   5.626855983599999E-04
   8.959847186700000E-07   1.670208391000000E-02   1.000000000000000E+00   1.000000000000000E+00   1.922838000100000E-29  -9.775249232700000E+01   8.600000000000000E+02   5.694723174800000E-04
   9.174446648699999E-07   1.690091791900000E-02   1.000000000000000E+00   1.000000000000000E+00   3.274011853800000E-27  -9.775249026100001E+01   8.600000000000000E+02   5.762517460700000E-04
   9.391585708700000E-07   1.709975191600000E-02   1.000000000000000E+00   1.000000000000000E+00   1.847208563500000E-27  -9.775248817000001E+01   8.600000000000000E+02   5.830311745300000E-04
   9.611264401300001E-07   1.729822361100000E-02   1.000000000000000E+00   1.000000000000000E+00  -3.126213147300000E-28  -9.775248605500001E+01   8.600000000000000E+02   5.898053085300000E-04
   9.833482747399999E-07   1.749705342100000E-02   1.000000000000000E+00   1.000000000000000E+00   2.502069842000000E-27  -9.775248391500000E+01   8.600000000000000E+02   5.965846758600000E-04
   1.005824075200000E-06   1.769588321900000E-02   1.000000000000000E+00   1.000000000000000E+00   2.528871832900000E-27  -9.775248175199999E+01   8.600000000000000E+02   6.033640430500000E-04
   1.028553834900000E-06   1.789471619500000E-02   1.000000000000000E+00   1.000000000000000E+00   4.276623334800000E-27  -9.775247956299999E+01   8.600000000000000E+02   6.101434567300000E-04
   1.051537561400000E-06   1.809354600400000E-02   1.000000000000000E+00   1.000000000000000E+00   4.632898034200000E-27  -9.775247735000001E+01   8.600000000000000E+02   6.169228241600000E-04
   1.074775250000000E-06   1.829237580000000E-02   1.000000000000000E+00   1.000000000000000E+00   9.682002530300000E-28  -9.775247511300000E+01   8.600000000000000E+02   6.237021914400000E-04
   1.098266902300000E-06   1.849113733000000E-02   1.000000000000000E+00   1.000000000000000E+00   2.998505299400000E-27  -9.775247285200000E+01   8.600000000000000E+02   6.304805611500001E-04
   1.122012514700000E-06   1.868996636800000E-02   1.000000000000000E+00   1.000000000000000E+00   5.628746132800000E-27  -9.775247056600000E+01   8.600000000000000E+02   6.372599174200000E-04
   1.146012097200000E-06   1.888879539300000E-02   1.000000000000000E+00   1.000000000000000E+00   6.708162935100000E-28  -9.775246825500000E+01   8.600000000000000E+02   6.440392735400000E-04
   1.170265631400000E-06   1.908807100700000E-02   1.000000000000000E+00   1.000000000000000E+00   9.766571345399999E-28  -9.775246592000001E+01   8.600000000000000E+02   6.508251559100000E-04
   1.194773135900000E-06   1.928690465800000E-02   1.000000000000000E+00   1.000000000000000E+00   7.761036954600000E-29  -9.775246356000000E+01   8.600000000000000E+02   6.576045797200000E-04
   1.219534604700000E-06   1.948573829600000E-02   1.000000000000000E+00   1.000000000000000E+00   3.632993531200000E-27  -9.775246117600000E+01   8.600000000000000E+02   6.643840033700000E-04
   1.244550040400000E-06   1.968444059000000E-02   1.000000000000000E+00   1.000000000000000E+00   1.045931058500000E-27  -9.775245876800000E+01   8.600000000000000E+02   6.711615076600000E-04
   1.269819433800000E-06   1.988327287500000E-02   1.000000000000000E+00   1.000000000000000E+00   3.814504226200000E-27  -9.775245633599999E+01   8.600000000000000E+02   6.779409116200000E-04
   1.295342789500000E-06   2.008210514600000E-02   1.000000000000000E+00   1.000000000000000E+00   6.828004693900000E-28  -9.775245387800000E+01   8.600000000000000E+02   6.847203154200000E-04
   1.321120114400000E-06   2.028092574700000E-02   1.000000000000000E+00   1.000000000000000E+00   2.134693797500000E-27  -9.775245139600000E+01   8.600000000000000E+02   6.914995487100000E-04
   1.347151404500000E-06   2.047975787700000E-02   1.000000000000000E+00   1.000000000000000E+00   3.211131282400000E-27  -9.775244889000000E+01   8.600000000000000E+02   6.982789505200000E-04
   1.373436651100000E-06   2.067858999300000E-02   1.000000000000000E+00   1.000000000000000E+00   4.316225163100000E-27  -9.775244635900000E+01   8.600000000000000E+02   7.050583521700000E-04
   1.399975859600000E-06   2.087719930400000E-02   1.000000000000000E+00   1.000000000000000E+00   1.002692160800000E-27  -9.775244380399999E+01   8.600000000000000E+02   7.118344979000000E-04
   1.426769034800000E-06   2.107602926900000E-02   1.000000000000000E+00   1.000000000000000E+00   1.089653339000000E-27  -9.775244122500000E+01   8.600000000000000E+02   7.186138682200000E-04
   1.453816169300000E-06   2.127485922100000E-02   1.000000000000000E+00   1.000000000000000E+00   1.857292598400000E-27  -9.775243862100000E+01   8.600000000000000E+02   7.253932383700000E-04
   1.481117273400000E-06   2.147368635000000E-02   1.000000000000000E+00   1.000000000000000E+00   3.095112814300000E-27  -9.775243599200000E+01   8.600000000000000E+02   7.321725673000000E-04
   1.508672337400000E-06   2.167251624600000E-02   1.000000000000000E+00   1.000000000000000E+00   2.455814710900000E-27  -9.775243334000000E+01   8.600000000000000E+02   7.389519367300001E-04
   1.536481365900000E-06   2.187134612800000E-02   1.000000000000000E+00   1.000000000000000E+00   3.598354463900000E-27  -9.775243066199999E+01   8.600000000000000E+02   7.457313059900000E-04
   1.564544358200000E-06   2.207047430500000E-02   1.000000000000000E+00   1.000000000000000E+00   6.046241962500000E-28  -9.775242796100000E+01   8.600000000000000E+02   7.525150344400000E-04
   1.592861310200000E-06   2.226930684500000E-02   1.000000000000000E+00   1.000000000000000E+00  -4.637809730100000E-28  -9.775242523400000E+01   8.600000000000000E+02   7.592944426300000E-04
   1.621432226800000E-06   2.246813936900000E-02   1.000000000000000E+00   1.000000000000000E+00   2.832599731900000E-27  -9.775242248399999E+01   8.600000000000000E+02   7.660738506400000E-04
   1.650257109400000E-06   2.266682218700000E-02   1.000000000000000E+00   1.000000000000000E+00   4.761757086200000E-27  -9.775241970800001E+01   8.600000000000000E+02   7.728510709600000E-04
   1.679335949600000E-06   2.286565336700000E-02   1.000000000000000E+00   1.000000000000000E+00   1.214912727500000E-27  -9.775241690900000E+01   8.600000000000000E+02   7.796304594200000E-04
   1.708668756300000E-06   2.306448453200000E-02   1.000000000000000E+00   1.000000000000000E+00   2.268546550800000E-27  -9.775241408500000E+01   8.600000000000000E+02   7.864098477000000E-04
   1.738255522900000E-06   2.326355420500000E-02   1.000000000000000E+00   1.000000000000000E+00   5.194777832000000E-27  -9.775241123600000E+01   8.600000000000000E+02   7.931927214600000E-04
   1.768096255200000E-06   2.346238737700000E-02   1.000000000000000E+00   1.000000000000000E+00   1.670845779600000E-27  -9.775240836300000E+01   8.600000000000000E+02   7.999721391700000E-04
   1.798190950500000E-06   2.366122053300000E-02   1.000000000000000E+00   1.000000000000000E+00   1.835498969000000E-27  -9.775240546600000E+01   8.600000000000000E+02   8.067515566900000E-04
   1.828539611100000E-06   2.386006767400000E-02   1.000000000000000E+00   1.000000000000000E+00   2.001002473300000E-27  -9.775240254400001E+01   8.600000000000000E+02   8.135311786400000E-04
   1.859142233200000E-06   2.405890091500000E-02   1.000000000000000E+00   1.000000000000000E+00   1.570145425700000E-27  -9.775239959800000E+01   8.600000000000000E+02   8.203105974900000E-04
   1.889998816800000E-06   2.425773413900000E-02   1.000000000000000E+00   1.000000000000000E+00   1.377662539200000E-27  -9.775239662700000E+01   8.600000000000000E+02   8.270900161500000E-04
   1.921109357500000E-06   2.445661227900000E-02   1.000000000000000E+00   1.000000000000000E+00   4.859050722500000E-27  -9.775239363199999E+01   8.600000000000000E+02   8.338700912400000E-04
   1.952473868100000E-06   2.465544583600000E-02   1.000000000000000E+00   1.000000000000000E+00   3.232510581300000E-27  -9.775239061200000E+01   8.600000000000000E+02   8.406495148600000E-04
   1.984092341600000E-06   2.485427937500000E-02   1.000000000000000E+00   1.000000000000000E+00  -5.436782229700000E-28  -9.775238756800000E+01   8.600000000000000E+02   8.474289382800000E-04
   2.015964776000000E-06   2.505240977300000E-02   1.000000000000000E+00   1.000000000000000E+00   1.944731758900000E-27  -9.775238450000001E+01   8.600000000000000E+02   8.541980864000000E-04
   2.048091176700000E-06   2.525123769900000E-02   1.000000000000000E+00   1.000000000000000E+00   4.404901246100000E-27  -9.775238140700000E+01   8.600000000000000E+02   8.609774278800000E-04
   2.080471538600000E-06   2.545006560700000E-02   1.000000000000000E+00   1.000000000000000E+00   1.200810827100000E-27  -9.775237829000000E+01   8.600000000000000E+02   8.677567691600000E-04
   2.113105860100000E-06   2.564942913100000E-02   1.000000000000000E+00   1.000000000000000E+00   7.287201345100001E-27  -9.775237514800000E+01   8.600000000000000E+02   8.745439377100000E-04
   2.145994144100000E-06   2.584826115700000E-02   1.000000000000000E+00   1.000000000000000E+00   1.321278575700000E-27  -9.775237198200000E+01   8.600000000000000E+02   8.813233392700001E-04
   2.179136399300000E-06   2.604709316500000E-02   1.000000000000000E+00   1.000000000000000E+00  -4.496878745200000E-28  -9.775236879099999E+01   8.600000000000000E+02   8.881027406200000E-04
   2.212532611200000E-06   2.624592385800000E-02   1.000000000000000E+00   1.000000000000000E+00   1.777217640100000E-27  -9.775236557500000E+01   8.600000000000000E+02   8.948821228000000E-04
   2.246182788800000E-06   2.644475582000000E-02   1.000000000000000E+00   1.000000000000000E+00   2.914282475800000E-27  -9.775236233500000E+01   8.600000000000000E+02   9.016615235900000E-04
   2.280086925100000E-06   2.664358776500000E-02   1.000000000000000E+00   1.000000000000000E+00   6.324084786300000E-27  -9.775235907100000E+01   8.600000000000000E+02   9.084409241700000E-04
   2.314245024800000E-06   2.684261649400000E-02   1.000000000000000E+00   1.000000000000000E+00   6.867691202799999E-27  -9.775235578300000E+01   8.600000000000000E+02   9.152232005100000E-04
   2.348657089900000E-06   2.704144986000000E-02   1.000000000000000E+00   1.000000000000000E+00   2.912267674400000E-27  -9.775235247000001E+01   8.600000000000000E+02   9.220026219700000E-04
   2.383323114600000E-06   2.724028320800000E-02   1.000000000000000E+00   1.000000000000000E+00   3.759782540300000E-27  -9.775234913200001E+01   8.600000000000000E+02   9.287820432300001E-04
   2.418243105300000E-06   2.743911666100000E-02   1.000000000000000E+00   1.000000000000000E+00   1.799110783200000E-27  -9.775234577000001E+01   8.600000000000000E+02   9.355614660800000E-04
   2.453417059500000E-06   2.763794997300000E-02   1.000000000000000E+00   1.000000000000000E+00   5.417387044100000E-27  -9.775234238400000E+01   8.600000000000000E+02   9.423408869100000E-04
   2.488844970900000E-06   2.783678326600000E-02   1.000000000000000E+00   1.000000000000000E+00   1.770106499600000E-27  -9.775233897299999E+01   8.600000000000000E+02   9.491203075200000E-04
   2.524526848300000E-06   2.803560015500000E-02   1.000000000000000E+00   1.000000000000000E+00   2.815252273200000E-27  -9.775233553800000E+01   8.600000000000000E+02   9.558994884900000E-04
   2.560462686500000E-06   2.823443329400000E-02   1.000000000000000E+00   1.000000000000000E+00  -1.018307535900000E-27  -9.775233207799999E+01   8.600000000000000E+02   9.626789069600000E-04
   2.596652489300000E-06   2.843326641300000E-02   1.000000000000000E+00   1.000000000000000E+00  -6.947651438400000E-28  -9.775232859400001E+01   8.600000000000000E+02   9.694583252100000E-04
   2.633096252200000E-06   2.863194802100000E-02   1.000000000000000E+00   1.000000000000000E+00   7.109264196200001E-27  -9.775232508500000E+01   8.600000000000000E+02   9.762355294000000E-04
   2.669793979100000E-06   2.883078004900000E-02   1.000000000000000E+00   1.000000000000000E+00   1.448417000300000E-27  -9.775232155200000E+01   8.600000000000000E+02   9.830149318300000E-04
   2.706745673100000E-06   2.902961205800000E-02   1.000000000000000E+00   1.000000000000000E+00  -2.228371388300000E-28  -9.775231799399999E+01   8.600000000000000E+02   9.897943340300001E-04
   2.743951319700000E-06   2.922850258000000E-02   1.000000000000000E+00   1.000000000000000E+00   5.382133945500000E-27  -9.775231441200000E+01   8.600000000000000E+02   9.965745913699999E-04
   2.781410937500000E-06   2.942733494800000E-02   1.000000000000000E+00   1.000000000000000E+00   2.749970293500000E-27  -9.775231080600000E+01   8.600000000000000E+02   1.003353998900000E-03
   2.819124512600000E-06   2.962616729600000E-02   1.000000000000000E+00   1.000000000000000E+00   3.917361212600000E-27  -9.775230717500000E+01   8.600000000000000E+02   1.010133406200000E-03
   2.857092055900000E-06   2.982499957000000E-02   1.000000000000000E+00   1.000000000000000E+00   6.411846595800000E-27  -9.775230352000000E+01   8.600000000000000E+02   1.016912812600000E-03
   2.895313555600000E-06   3.002383187600000E-02   1.000000000000000E+00   1.000000000000000E+00   5.899157489900000E-27  -9.775229984000001E+01   8.600000000000000E+02   1.023692219400000E-03
   2.933789018600000E-06   3.022266416300000E-02   1.000000000000000E+00   1.000000000000000E+00   1.208253488200000E-26  -9.775229613600000E+01   8.600000000000000E+02   1.030471626000000E-03
   2.972518448300000E-06   3.042159443100000E-02   1.000000000000000E+00   1.000000000000000E+00   3.952694312900000E-27  -9.775229240700000E+01   8.600000000000000E+02   1.037252464600000E-03
   3.011501837100000E-06   3.062042731700000E-02   1.000000000000000E+00   1.000000000000000E+00   2.096426276300000E-28  -9.775228865400000E+01   8.600000000000000E+02   1.044031880000000E-03
   3.050739189900000E-06   3.081926018200000E-02   1.000000000000000E+00   1.000000000000000E+00   2.793536684500000E-27  -9.775228487699999E+01   8.600000000000000E+02   1.050811295300000E-03
   3.090230501100000E-06   3.101762694700000E-02   1.000000000000000E+00   1.000000000000000E+00   6.229774119500000E-27  -9.775228107500000E+01   8.600000000000000E+02   1.057583899300000E-03
   3.129975774500000E-06   3.121645678200000E-02   1.000000000000000E+00   1.000000000000000E+00   1.001375637600000E-26  -9.775227724800000E+01   8.600000000000000E+02   1.064363270400000E-03
   3.169975014900000E-06   3.141528659600000E-02   1.000000000000000E+00   1.000000000000000E+00   8.120517930000000E-27  -9.775227339700000E+01   8.600000000000000E+02   1.071142641200000E-03
   3.210228210400000E-06   3.161427307300000E-02   1.000000000000000E+00   1.000000000000000E+00   2.865784634800000E-27  -9.775226952200001E+01   8.600000000000000E+02   1.077924301500000E-03
   3.250735375500000E-06   3.181310383000000E-02   1.000000000000000E+00   1.000000000000000E+00  -1.364629669400000E-27  -9.775226562200000E+01   8.600000000000000E+02   1.084703686300000E-03
   3.291496504900000E-06   3.201193456500000E-02   1.000000000000000E+00   1.000000000000000E+00  -8.550237315200000E-28  -9.775226169800000E+01   8.600000000000000E+02   1.091483070800000E-03
   3.332511588500000E-06   3.221102433100000E-02   1.000000000000000E+00   1.000000000000000E+00   7.246555328300000E-27  -9.775225774899999E+01   8.600000000000000E+02   1.098266240700000E-03
   3.373780634300000E-06   3.240985662200000E-02   1.000000000000000E+00   1.000000000000000E+00   9.248299739499999E-27  -9.775225377500000E+01   8.600000000000000E+02   1.105045648100000E-03
   3.415303648400000E-06   3.260868889000000E-02   1.000000000000000E+00   1.000000000000000E+00  -6.639235436500000E-28  -9.775224977800001E+01   8.600000000000000E+02   1.111825055200000E-03
   3.457080621300000E-06   3.280650337400000E-02   1.000000000000000E+00   1.000000000000000E+00  -8.430864023000001E-28  -9.775224575599999E+01   8.600000000000000E+02   1.118589589000000E-03
   3.499111558300000E-06   3.300532943000000E-02   1.000000000000000E+00   1.000000000000000E+00   8.425234841500000E-28  -9.775224170900000E+01   8.600000000000000E+02   1.125368905400000E-03
   3.541396453600000E-06   3.320415546400000E-02   1.000000000000000E+00   1.000000000000000E+00   6.342217571100000E-28  -9.775223763800000E+01   8.600000000000000E+02   1.132148221600000E-03
   3.583935313000000E-06   3.340409560100000E-02   1.000000000000000E+00   1.000000000000000E+00   5.538213135300000E-27  -9.775223354300000E+01   8.600000000000000E+02   1.138943818900000E-03
   3.626728136400000E-06   3.360292822100000E-02   1.000000000000000E+00   1.000000000000000E+00   3.762392176400000E-27  -9.775222942300000E+01   8.600000000000000E+02   1.145723231500000E-03
   3.669774918600000E-06   3.380176081800000E-02   1.000000000000000E+00   1.000000000000000E+00   9.573082091900001E-27  -9.775222527900000E+01   8.600000000000000E+02   1.152502643800000E-03
   3.713075666300000E-06   3.399989767700000E-02   1.000000000000000E+00   1.000000000000000E+00   1.043816829000000E-27  -9.775222110999999E+01   8.600000000000000E+02   1.159271889000000E-03
   3.756630371800000E-06   3.419872616000000E-02   1.000000000000000E+00   1.000000000000000E+00   1.416257446700000E-27  -9.775221691599999E+01   8.600000000000000E+02   1.166051241300000E-03
   3.800439040200000E-06   3.439755461900000E-02   1.000000000000000E+00   1.000000000000000E+00   8.147547126800000E-27  -9.775221269900000E+01   8.600000000000000E+02   1.172830593400000E-03
   3.844501668900000E-06   3.459709140100000E-02   1.000000000000000E+00   1.000000000000000E+00   6.320219554600000E-27  -9.775220845699999E+01   8.600000000000000E+02   1.179620296600000E-03
   3.888818265900000E-06   3.479592388400000E-02   1.000000000000000E+00   1.000000000000000E+00   9.868243654000000E-27  -9.775220419100000E+01   8.600000000000000E+02   1.186399707600000E-03
   3.933388821100000E-06   3.499475634400000E-02   1.000000000000000E+00   1.000000000000000E+00   5.167407225700000E-27  -9.775219989999999E+01   8.600000000000000E+02   1.193179118300000E-03
   3.978213334800000E-06   3.519345220900000E-02   1.000000000000000E+00   1.000000000000000E+00   8.176722617500001E-27  -9.775219558300000E+01   8.600000000000000E+02   1.199956533000000E-03
   4.023291813500000E-06   3.539228385000000E-02   1.000000000000000E+00   1.000000000000000E+00   9.881556910300001E-27  -9.775219124300000E+01   8.600000000000000E+02   1.206735931900000E-03
   4.068624257800000E-06   3.559111546600000E-02   1.000000000000000E+00   1.000000000000000E+00   3.951956751200000E-27  -9.775218687900001E+01   8.600000000000000E+02   1.213515330500000E-03
   4.114210656900000E-06   3.578968500800000E-02   1.000000000000000E+00   1.000000000000000E+00   2.676637758500000E-27  -9.775218249000000E+01   8.600000000000000E+02   1.220290899400000E-03
   4.160051019800000E-06   3.598851512000000E-02   1.000000000000000E+00   1.000000000000000E+00   9.348085273500001E-27  -9.775217807700000E+01   8.600000000000000E+02   1.227070276200000E-03
   4.206145343500000E-06   3.618734520800000E-02   1.000000000000000E+00   1.000000000000000E+00   9.096065723299999E-27  -9.775217363900001E+01   8.600000000000000E+02   1.233849652600000E-03
   4.252493631800000E-06   3.638658499400000E-02   1.000000000000000E+00   1.000000000000000E+00  -1.307854987300000E-27  -9.775216917700000E+01   8.600000000000000E+02   1.240635016400000E-03
   4.299095880000000E-06   3.658541727100000E-02   1.000000000000000E+00   1.000000000000000E+00  -2.233329675400000E-27  -9.775216469000000E+01   8.600000000000000E+02   1.247414425000000E-03
   4.345952093000000E-06   3.678424952300000E-02   1.000000000000000E+00   1.000000000000000E+00   5.592764249100000E-27  -9.775216017900000E+01   8.600000000000000E+02   1.254193833300000E-03
   4.393062265100000E-06   3.698308489300000E-02   1.000000000000000E+00   1.000000000000000E+00   1.987210974200000E-28  -9.775215564500000E+01   8.600000000000000E+02   1.260973287300000E-03
   4.440426395000000E-06   3.718191711200000E-02   1.000000000000000E+00   1.000000000000000E+00   8.447171177100000E-27  -9.775215108499999E+01   8.600000000000000E+02   1.267752695300000E-03
   4.488044487700000E-06   3.738074930600000E-02   1.000000000000000E+00   1.000000000000000E+00   3.132753520700000E-27  -9.775214650100000E+01   8.600000000000000E+02   1.274532103100000E-03
   4.535916547000000E-06   3.757912226800000E-02   1.000000000000000E+00   1.000000000000000E+00   7.885954218200000E-28  -9.775214189099999E+01   8.600000000000000E+02   1.281304799900000E-03
   4.584042565700000E-06   3.777795198200000E-02   1.000000000000000E+00   1.000000000000000E+00   1.238789160700000E-26  -9.775213725700000E+01   8.600000000000000E+02   1.288084171500000E-03
   4.632422542900000E-06   3.797678166900000E-02   1.000000000000000E+00   1.000000000000000E+00   5.611992661800000E-27  -9.775213260000000E+01   8.600000000000000E+02   1.294863542800000E-03
   4.681056483100000E-06   3.817558346300000E-02   1.000000000000000E+00   1.000000000000000E+00   6.564006068400000E-27  -9.775212791700000E+01   8.600000000000000E+02   1.301642506600000E-03
   4.729944387400000E-06   3.837441295400000E-02   1.000000000000000E+00   1.000000000000000E+00   1.098504262100000E-27  -9.775212320999999E+01   8.600000000000000E+02   1.308421875200000E-03
   4.779086253800000E-06   3.857324241800000E-02   1.000000000000000E+00   1.000000000000000E+00   7.167181524400001E-27  -9.775211847900000E+01   8.600000000000000E+02   1.315201243500000E-03
   4.828482068800000E-06   3.877123129700000E-02   1.000000000000000E+00   1.000000000000000E+00   9.283809679900000E-27  -9.775211372400000E+01   8.600000000000000E+02   1.321968327900000E-03
   4.878131855500000E-06   3.897005639800000E-02   1.000000000000000E+00   1.000000000000000E+00   6.789708774200000E-27  -9.775210894400000E+01   8.600000000000000E+02   1.328747632600000E-03
   4.928035603900000E-06   3.916888147300000E-02   1.000000000000000E+00   1.000000000000000E+00   8.442908181700000E-27  -9.775210413900000E+01   8.600000000000000E+02   1.335526937000000E-03
   4.978193314800000E-06   3.936906815400000E-02   1.000000000000000E+00   1.000000000000000E+00   5.078250438500000E-27  -9.775209931000001E+01   8.600000000000000E+02   1.342326139400000E-03
   5.028604983100000E-06   3.956790005300000E-02   1.000000000000000E+00   1.000000000000000E+00   3.589511723700000E-27  -9.775209445700000E+01   8.600000000000000E+02   1.349105543600000E-03
   5.079270616100000E-06   3.976673192400000E-02   1.000000000000000E+00   1.000000000000000E+00  -3.879988067500000E-27  -9.775208957900000E+01   8.600000000000000E+02   1.355884947600000E-03
   5.130190205500000E-06   3.996488721100000E-02   1.000000000000000E+00   1.000000000000000E+00   6.100649728700000E-27  -9.775208467700000E+01   8.600000000000000E+02   1.362654464300000E-03
   5.181363761800000E-06   4.016371566200000E-02   1.000000000000000E+00   1.000000000000000E+00   5.007584090500000E-27  -9.775207974999999E+01   8.600000000000000E+02   1.369433818500000E-03
   5.232791275000000E-06   4.036254408600000E-02   1.000000000000000E+00   1.000000000000000E+00   3.494711698800000E-27  -9.775207479900000E+01   8.600000000000000E+02   1.376213172300000E-03
   5.284472750800000E-06   4.056201407000000E-02   1.000000000000000E+00   1.000000000000000E+00   1.379242801700000E-26  -9.775206982500001E+01   8.600000000000000E+02   1.383001901600000E-03
   5.336408183500000E-06   4.076084558500000E-02   1.000000000000000E+00   1.000000000000000E+00   7.030385648200000E-27  -9.775206482500001E+01   8.600000000000000E+02   1.389781300800000E-03
   5.388597586800000E-06   4.095967707100000E-02   1.000000000000000E+00   1.000000000000000E+00   4.861360493200000E-27  -9.775205980000000E+01   8.600000000000000E+02   1.396560699600000E-03
   5.441040942200000E-06   4.115845273600000E-02   1.000000000000000E+00   1.000000000000000E+00   1.063620430200000E-26  -9.775205475000000E+01   8.600000000000000E+02   1.403339282700000E-03
   5.493738259900000E-06   4.135728389700000E-02   1.000000000000000E+00   1.000000000000000E+00   3.833240805100000E-27  -9.775204967700000E+01   8.600000000000000E+02   1.410118677000000E-03
   5.546689537800000E-06   4.155611503000000E-02   1.000000000000000E+00   1.000000000000000E+00   1.907793801200000E-27  -9.775204457900000E+01   8.600000000000000E+02   1.416898070900000E-03
   5.599894783900000E-06   4.175397043800000E-02   1.000000000000000E+00   1.000000000000000E+00   9.139439013300000E-28  -9.775203945600001E+01   8.600000000000000E+02   1.423663206000000E-03
   5.653353984100000E-06   4.195279686900000E-02   1.000000000000000E+00   1.000000000000000E+00   3.878680254800000E-27  -9.775203430900000E+01   8.600000000000000E+02   1.430442531400000E-03
   5.707067148900000E-06   4.215162327000000E-02   1.000000000000000E+00   1.000000000000000E+00   5.084044966900000E-27  -9.775202913800000E+01   8.600000000000000E+02   1.437221856400000E-03
   5.761034275400000E-06   4.235144330100000E-02   1.000000000000000E+00   1.000000000000000E+00   2.926127709900000E-27  -9.775202394300000E+01   8.600000000000000E+02   1.444015701900000E-03
   5.815255356000000E-06   4.255027431100000E-02   1.000000000000000E+00   1.000000000000000E+00   8.428250708200001E-27  -9.775201872300001E+01   8.600000000000000E+02   1.450795094500000E-03
   5.869730399300000E-06   4.274910529100000E-02   1.000000000000000E+00   1.000000000000000E+00   7.881763728300000E-27  -9.775201347799999E+01   8.600000000000000E+02   1.457574486600000E-03
   5.924459409000000E-06   4.294717943300000E-02   1.000000000000000E+00   1.000000000000000E+00  -1.689247708500000E-27  -9.775200820800001E+01   8.600000000000000E+02   1.464342818800000E-03
   5.979442374700000E-06   4.314600685100000E-02   1.000000000000000E+00   1.000000000000000E+00   5.110976771200000E-27  -9.775200291500001E+01   8.600000000000000E+02   1.471122159100000E-03
   6.034679300300000E-06   4.334483424000000E-02   1.000000000000000E+00   1.000000000000000E+00   8.892390557600000E-27  -9.775199759700000E+01   8.600000000000000E+02   1.477901499100000E-03
   6.090170191200000E-06   4.354377575100000E-02   1.000000000000000E+00   1.000000000000000E+00   1.093861203800000E-26  -9.775199225500000E+01   8.600000000000000E+02   1.484682506800000E-03
   6.145915039400000E-06   4.374260360300000E-02   1.000000000000000E+00   1.000000000000000E+00   3.052151599100000E-27  -9.775198688800000E+01   8.600000000000000E+02   1.491461853700000E-03
   6.201913844300000E-06   4.394143142400000E-02   1.000000000000000E+00   1.000000000000000E+00   1.145876412500000E-26  -9.775198149700000E+01   8.600000000000000E+02   1.498241200300000E-03
   6.258166616100000E-06   4.414098122000000E-02   1.000000000000000E+00   1.000000000000000E+00   1.176141104200000E-26  -9.775197608100000E+01   8.600000000000000E+02   1.505031097500000E-03
   6.314673347900000E-06   4.433981223400000E-02   1.000000000000000E+00   1.000000000000000E+00   3.584816386300000E-27  -9.775197064100000E+01   8.600000000000000E+02   1.511810490900000E-03
   6.371434036900000E-06   4.453864321800000E-02   1.000000000000000E+00   1.000000000000000E+00   9.696384450400000E-27  -9.775196517600000E+01   8.600000000000000E+02   1.518589883900000E-03
   6.428448687700000E-06   4.473729478800000E-02   1.000000000000000E+00   1.000000000000000E+00   1.269512062500000E-26  -9.775195968800000E+01   8.600000000000000E+02   1.525366655200000E-03
   6.485717300100000E-06   4.493612491400000E-02   1.000000000000000E+00   1.000000000000000E+00  -5.026445516500000E-28  -9.775195417400001E+01   8.600000000000000E+02   1.532146035800000E-03
   6.543239872200000E-06   4.513495500900000E-02   1.000000000000000E+00   1.000000000000000E+00   2.150419497700000E-27  -9.775194863599999E+01   8.600000000000000E+02   1.538925416200000E-03
   6.601016401400000E-06   4.533384637300000E-02   1.000000000000000E+00   1.000000000000000E+00   6.356706623000000E-27  -9.775194307300001E+01   8.600000000000000E+02   1.545705691900000E-03
   6.659046895400000E-06   4.553267667600000E-02   1.000000000000000E+00   1.000000000000000E+00   9.351401739700000E-27  -9.775193748600000E+01   8.600000000000000E+02   1.552485075400000E-03
   6.717331348500000E-06   4.573150694800000E-02   1.000000000000000E+00   1.000000000000000E+00   4.630033549600000E-27  -9.775193187500000E+01   8.600000000000000E+02   1.559264458600000E-03
   6.775869764100000E-06   4.593044782100000E-02   1.000000000000000E+00   1.000000000000000E+00   8.683344661500000E-27  -9.775192623900000E+01   8.600000000000000E+02   1.566045458200000E-03
   6.834662133100000E-06   4.612927850900000E-02   1.000000000000000E+00   1.000000000000000E+00   3.112522516000000E-28  -9.775192057900000E+01   8.600000000000000E+02   1.572824847600000E-03
   6.893708468200000E-06   4.632810916600000E-02   1.000000000000000E+00   1.000000000000000E+00  -2.091557231300000E-27  -9.775191489500000E+01   8.600000000000000E+02   1.579604236700000E-03
   6.953008763100000E-06   4.652682068400000E-02   1.000000000000000E+00   1.000000000000000E+00   1.090662448500000E-26  -9.775190918500000E+01   8.600000000000000E+02   1.586381884800000E-03
   7.012563013600000E-06   4.672565076900000E-02   1.000000000000000E+00   1.000000000000000E+00   4.756707778300000E-27  -9.775190345100000E+01   8.600000000000000E+02   1.593161265700000E-03
   7.072371228000000E-06   4.692448082300000E-02   1.000000000000000E+00   1.000000000000000E+00   3.326740586900000E-28  -9.775189769300000E+01   8.600000000000000E+02   1.599940646300000E-03
   7.132433406300000E-06   4.712298134800000E-02   1.000000000000000E+00   1.000000000000000E+00  -2.946937792900000E-28  -9.775189191100000E+01   8.600000000000000E+02   1.606715211300000E-03
   7.192749538100000E-06   4.732180994700000E-02   1.000000000000000E+00   1.000000000000000E+00   2.507306618800000E-27  -9.775188610399999E+01   8.600000000000000E+02   1.613494570800000E-03
   7.253319633100000E-06   4.752063851400000E-02   1.000000000000000E+00   1.000000000000000E+00   3.925742201800000E-27  -9.775188027300000E+01   8.600000000000000E+02   1.620273929900000E-03
   7.314143685500000E-06   4.771961340800000E-02   1.000000000000000E+00   1.000000000000000E+00   8.004514139100000E-27  -9.775187441700000E+01   8.600000000000000E+02   1.627055427500000E-03
   7.375221701500000E-06   4.791844252000000E-02   1.000000000000000E+00   1.000000000000000E+00   1.239611415300000E-27  -9.775186853699999E+01   8.600000000000000E+02   1.633834794700000E-03
   7.436553676300000E-06   4.811727159900000E-02   1.000000000000000E+00   1.000000000000000E+00   1.292519747100000E-26  -9.775186263200000E+01   8.600000000000000E+02   1.640614161600000E-03
   7.498139606100000E-06   4.831643432300000E-02   1.000000000000000E+00   1.000000000000000E+00   8.270377064400000E-27  -9.775185670300000E+01   8.600000000000000E+02   1.647398404300000E-03
   7.559979499800000E-06   4.851526471000000E-02   1.000000000000000E+00   1.000000000000000E+00   7.990506861499999E-27  -9.775185074900000E+01   8.600000000000000E+02   1.654177790500000E-03
   7.622073353000000E-06   4.871409506400000E-02   1.000000000000000E+00   1.000000000000000E+00   7.710636658600000E-27  -9.775184477099999E+01   8.600000000000000E+02   1.660957176300000E-03
   7.684421162900000E-06   4.891279634600000E-02   1.000000000000000E+00   1.000000000000000E+00  -3.177192405700000E-28  -9.775183877000001E+01   8.600000000000000E+02   1.667734676000000E-03
   7.747022938700000E-06   4.911162610900000E-02   1.000000000000000E+00   1.000000000000000E+00   2.126921453200000E-28  -9.775183274299999E+01   8.600000000000000E+02   1.674514053400000E-03
   7.809878669600000E-06   4.931045583900000E-02   1.000000000000000E+00   1.000000000000000E+00   1.392685313700000E-27  -9.775182669199999E+01   8.600000000000000E+02   1.681293430400000E-03
   7.872988355800001E-06   4.950844256200000E-02   1.000000000000000E+00   1.000000000000000E+00   3.216647855200000E-27  -9.775182061400000E+01   8.600000000000000E+02   1.688060488100000E-03
   7.936352010499999E-06   4.970726883900000E-02   1.000000000000000E+00   1.000000000000000E+00   5.045480370500000E-27  -9.775181451400000E+01   8.600000000000000E+02   1.694839814800000E-03
   7.999969622500000E-06   4.990609508300000E-02   1.000000000000000E+00   1.000000000000000E+00  -2.192172304500000E-27  -9.775180838900000E+01   8.600000000000000E+02   1.701619141200000E-03
   8.063841194100000E-06   5.010590405500000E-02   1.000000000000000E+00   1.000000000000000E+00   9.380908967399999E-27  -9.775180224000000E+01   8.600000000000000E+02   1.708412828800000E-03
   8.127966724700000E-06   5.030473413000000E-02   1.000000000000000E+00   1.000000000000000E+00   4.833865569400000E-27  -9.775179606600000E+01   8.600000000000000E+02   1.715192211300000E-03
   8.192346216700000E-06   5.050356417200000E-02   1.000000000000000E+00   1.000000000000000E+00   6.497476433200000E-27  -9.775178986800000E+01   8.600000000000000E+02   1.721971593500000E-03
   8.256979660599999E-06   5.070242807700000E-02   1.000000000000000E+00   1.000000000000000E+00  -5.730558288600000E-28  -9.775178364500000E+01   8.600000000000000E+02   1.728751470600000E-03
   8.321867069400000E-06   5.090125818300000E-02   1.000000000000000E+00   1.000000000000000E+00   7.844055509200000E-27  -9.775177739800000E+01   8.600000000000000E+02   1.735530853900000E-03
   8.387008435999999E-06   5.110008825400000E-02   1.000000000000000E+00   1.000000000000000E+00   4.950496628600000E-27  -9.775177112700000E+01   8.600000000000000E+02   1.742310236800000E-03
   8.452403768899999E-06   5.129870855900000E-02   1.000000000000000E+00   1.000000000000000E+00   1.226090742600000E-26  -9.775176483100000E+01   8.600000000000000E+02   1.749086554300000E-03
   8.518053054100000E-06   5.149753774800000E-02   1.000000000000000E+00   1.000000000000000E+00   5.729025087200000E-27  -9.775175851100001E+01   8.600000000000000E+02   1.755865924500000E-03
   8.583956295900000E-06   5.169636690100000E-02   1.000000000000000E+00   1.000000000000000E+00  -1.660795714800000E-27  -9.775175216600000E+01   8.600000000000000E+02   1.762645294300000E-03
   8.650113501499999E-06   5.189511462700000E-02   1.000000000000000E+00   1.000000000000000E+00  -3.492397166900000E-27  -9.775174579700000E+01   8.600000000000000E+02   1.769423474300000E-03
   8.716524667100001E-06   5.209394339800000E-02   1.000000000000000E+00   1.000000000000000E+00   9.257383772000000E-27  -9.775173940300000E+01   8.600000000000000E+02   1.776202838700000E-03
   8.783189791200001E-06   5.229277213400000E-02   1.000000000000000E+00   1.000000000000000E+00   7.921536689300000E-27  -9.775173298500000E+01   8.600000000000000E+02   1.782982202700000E-03
   8.850108873300000E-06   5.249177404400000E-02   1.000000000000000E+00   1.000000000000000E+00   2.235487723100000E-27  -9.775172654300000E+01   8.600000000000000E+02   1.789764097500000E-03
   8.917281914600000E-06   5.269060336400000E-02   1.000000000000000E+00   1.000000000000000E+00   9.175825704900001E-27  -9.775172007600000E+01   8.600000000000000E+02   1.796543470200000E-03
   8.984708915100001E-06   5.288943264900000E-02   1.000000000000000E+00   1.000000000000000E+00   6.267602813300000E-27  -9.775171358500000E+01   8.600000000000000E+02   1.803322842600000E-03
   9.052389870399999E-06   5.308831217800000E-02   1.000000000000000E+00   1.000000000000000E+00  -1.695857357500000E-27  -9.775170706700000E+01   8.600000000000000E+02   1.810102949300000E-03
   9.120324789100000E-06   5.328714157900000E-02   1.000000000000000E+00   1.000000000000000E+00   1.148076560200000E-26  -9.775170052700000E+01   8.600000000000000E+02   1.816882323500000E-03
   9.188513667500000E-06   5.348597094400000E-02   1.000000000000000E+00   1.000000000000000E+00  -1.258428353400000E-27  -9.775169396200000E+01   8.600000000000000E+02   1.823661697400000E-03
   9.256956501499999E-06   5.368479631400000E-02   1.000000000000000E+00   1.000000000000000E+00   2.997042451500000E-27  -9.775168737300000E+01   8.600000000000000E+02   1.830441012900000E-03
   9.325653298700000E-06   5.388362559100000E-02   1.000000000000000E+00   1.000000000000000E+00   1.801041006700000E-28  -9.775168075900000E+01   8.600000000000000E+02   1.837220385700000E-03
   9.394604048499999E-06   5.408245483200000E-02   1.000000000000000E+00   1.000000000000000E+00   9.759425396800001E-28  -9.775167412099999E+01   8.600000000000000E+02   1.843999758100000E-03
   9.463808764400000E-06   5.428139056400000E-02   1.000000000000000E+00   1.000000000000000E+00   1.641785177700000E-26  -9.775166745800000E+01   8.600000000000000E+02   1.850780686800000E-03
   9.533267436600001E-06   5.448022012200000E-02   1.000000000000000E+00   1.000000000000000E+00   4.732743378500000E-27  -9.775166077100000E+01   8.600000000000000E+02   1.857560063900000E-03
   9.602980064000000E-06   5.467904964200000E-02   1.000000000000000E+00   1.000000000000000E+00  -5.315086467400000E-28  -9.775165406000001E+01   8.600000000000000E+02   1.864339440700000E-03
   9.672946652700000E-06   5.487787924800000E-02   1.000000000000000E+00   1.000000000000000E+00   4.088129144200000E-27  -9.775164732400000E+01   8.600000000000000E+02   1.871118818800000E-03
   9.743167197900000E-06   5.507670869400000E-02   1.000000000000000E+00   1.000000000000000E+00   8.421361734100000E-27  -9.775164056300000E+01   8.600000000000000E+02   1.877898194800000E-03
   9.813641705799999E-06   5.527553810300000E-02   1.000000000000000E+00   1.000000000000000E+00   5.240553008100000E-27  -9.775163377800000E+01   8.600000000000000E+02   1.884677570200000E-03
   9.884370171500000E-06   5.547397095400000E-02   1.000000000000000E+00   1.000000000000000E+00   3.483963010400000E-27  -9.775162696900000E+01   8.600000000000000E+02   1.891451150700000E-03
   9.955352595800000E-06   5.567279886700000E-02   1.000000000000000E+00   1.000000000000000E+00   1.438214526300000E-26  -9.775162013500000E+01   8.600000000000000E+02   1.898230504500000E-03
   1.002658897200000E-05   5.587162674100000E-02   1.000000000000000E+00   1.000000000000000E+00   1.484266141500000E-27  -9.775161327700000E+01   8.600000000000000E+02   1.905009857900000E-03
   1.009807931300000E-05   5.607049433100000E-02   1.000000000000000E+00   1.000000000000000E+00   3.908278348200000E-27  -9.775160639400001E+01   8.600000000000000E+02   1.911789791800000E-03
   1.016982361100000E-05   5.626932227100000E-02   1.000000000000000E+00   1.000000000000000E+00   2.501811594700000E-27  -9.775159948699999E+01   8.600000000000000E+02   1.918569146300000E-03
   1.024182186800000E-05   5.646815017200000E-02   1.000000000000000E+00   1.000000000000000E+00   8.146023334000000E-27  -9.775159255500000E+01   8.600000000000000E+02   1.925348500500000E-03
   1.031407408100000E-05   5.666579018200000E-02   1.000000000000000E+00   1.000000000000000E+00   6.480256346400000E-27  -9.775158559899999E+01   8.600000000000000E+02   1.932110495300000E-03
   1.038658025300000E-05   5.686461383800000E-02   1.000000000000000E+00   1.000000000000000E+00   1.103286847900000E-26  -9.775157861900000E+01   8.600000000000000E+02   1.938889787600000E-03
   1.045934038100000E-05   5.706343745600000E-02   1.000000000000000E+00   1.000000000000000E+00   1.026046341800000E-26  -9.775157161400000E+01   8.600000000000000E+02   1.945669079500000E-03
   1.053235446800000E-05   5.726333183400000E-02   1.000000000000000E+00   1.000000000000000E+00  -2.649371149800000E-28  -9.775156458500000E+01   8.600000000000000E+02   1.952464019100000E-03
   1.060562251700000E-05   5.746215909300000E-02   1.000000000000000E+00   1.000000000000000E+00   4.762718902300000E-27  -9.775155753100000E+01   8.600000000000000E+02   1.959243364400000E-03
   1.067914452500000E-05   5.766098631200000E-02   1.000000000000000E+00   1.000000000000000E+00   1.517903944000000E-27  -9.775155045299999E+01   8.600000000000000E+02   1.966022709300000E-03
   1.075292048100000E-05   5.786012955300000E-02   1.000000000000000E+00   1.000000000000000E+00   3.790913168400000E-27  -9.775154334900000E+01   8.600000000000000E+02   1.972806672500000E-03
   1.082695040500000E-05   5.805895778000000E-02   1.000000000000000E+00   1.000000000000000E+00   9.042935443700000E-27  -9.775153622200000E+01   8.600000000000000E+02   1.979586032300000E-03
   1.090123428500000E-05   5.825778596700000E-02   1.000000000000000E+00   1.000000000000000E+00   5.942348181500000E-27  -9.775152907099999E+01   8.600000000000000E+02   1.986365391600000E-03
   1.097577212900000E-05   5.845628281300000E-02   1.000000000000000E+00   1.000000000000000E+00  -2.934404804100000E-27  -9.775152189500000E+01   8.600000000000000E+02   1.993139909000000E-03
   1.105056392200000E-05   5.865510979500000E-02   1.000000000000000E+00   1.000000000000000E+00   2.698268584200000E-27  -9.775151469399999E+01   8.600000000000000E+02   1.999919251000000E-03
   1.112560967200000E-05   5.885393673600000E-02   1.000000000000000E+00   1.000000000000000E+00   1.866105386700000E-26  -9.775150746900000E+01   8.600000000000000E+02   2.006698592500000E-03
   1.120090937900000E-05   5.905317427600000E-02   1.000000000000000E+00   1.000000000000000E+00   2.595441275400000E-27  -9.775150022000000E+01   8.600000000000000E+02   2.013483934400000E-03
   1.127646304700000E-05   5.925200252000000E-02   1.000000000000000E+00   1.000000000000000E+00  -2.847138992800000E-27  -9.775149294600000E+01   8.600000000000000E+02   2.020263295200000E-03
   1.135227067400000E-05   5.945083072400000E-02   1.000000000000000E+00   1.000000000000000E+00   3.992859316700000E-27  -9.775148564800000E+01   8.600000000000000E+02   2.027042655500000E-03
   1.142833225700000E-05   5.964855839500000E-02   1.000000000000000E+00   1.000000000000000E+00   9.544367302799999E-27  -9.775147832400000E+01   8.600000000000000E+02   2.033805933100000E-03
   1.150464780000000E-05   5.984738285000000E-02   1.000000000000000E+00   1.000000000000000E+00   9.224576280399999E-28  -9.775147097700000E+01   8.600000000000000E+02   2.040585238900000E-03
   1.158121730200000E-05   6.004620726300000E-02   1.000000000000000E+00   1.000000000000000E+00  -4.581175910600000E-27  -9.775146360600000E+01   8.600000000000000E+02   2.047364544100000E-03
   1.165804075100000E-05   6.024474307700000E-02   1.000000000000000E+00   1.000000000000000E+00  -9.753738751400001E-28  -9.775145621000000E+01   8.600000000000000E+02   2.054139632000000E-03
   1.173511816700000E-05   6.044356645700000E-02   1.000000000000000E+00   1.000000000000000E+00   3.723067010800000E-27  -9.775144878899999E+01   8.600000000000000E+02   2.060918922400000E-03
   1.181244953800000E-05   6.064238979500000E-02   1.000000000000000E+00   1.000000000000000E+00   3.890366214000000E-27  -9.775144134400000E+01   8.600000000000000E+02   2.067698212400000E-03
   1.189003486800000E-05   6.084274231900000E-02   1.000000000000000E+00   1.000000000000000E+00   6.756723524600000E-27  -9.775143387400000E+01   8.600000000000000E+02   2.074499849400000E-03
   1.196787415100000E-05   6.104157057300000E-02   1.000000000000000E+00   1.000000000000000E+00  -3.932362407600000E-28  -9.775142638000000E+01   8.600000000000000E+02   2.081279211400000E-03
   1.204596739500000E-05   6.124039878500000E-02   1.000000000000000E+00   1.000000000000000E+00   5.043032248000000E-27  -9.775141886199999E+01   8.600000000000000E+02   2.088058573000000E-03
   1.212431459600000E-05   6.143905462100000E-02   1.000000000000000E+00   1.000000000000000E+00   1.486505799700000E-27  -9.775141131900000E+01   8.600000000000000E+02   2.094835415600000E-03
   1.220291575500000E-05   6.163788219200000E-02   1.000000000000000E+00   1.000000000000000E+00   5.782988332700000E-27  -9.775140375200000E+01   8.600000000000000E+02   2.101614768000000E-03
   1.228177086800000E-05   6.183670972100000E-02   1.000000000000000E+00   1.000000000000000E+00   1.662365652300000E-26  -9.775139616000000E+01   8.600000000000000E+02   2.108394119900000E-03
   1.236087994200000E-05   6.203563661400000E-02   1.000000000000000E+00   1.000000000000000E+00   7.037259887500001E-27  -9.775138854399999E+01   8.600000000000000E+02   2.115174924000000E-03
   1.244024297100000E-05   6.223446437800000E-02   1.000000000000000E+00   1.000000000000000E+00   7.269117226700000E-27  -9.775138090400000E+01   8.600000000000000E+02   2.121954279600000E-03
   1.251985995600000E-05   6.243329209900000E-02   1.000000000000000E+00   1.000000000000000E+00  -1.921929645400000E-27  -9.775137323900000E+01   8.600000000000000E+02   2.128733634700000E-03
   1.259973090300000E-05   6.263173527200000E-02   1.000000000000000E+00   1.000000000000000E+00   8.918827650200000E-27  -9.775136554900000E+01   8.600000000000000E+02   2.135507370300000E-03
   1.267985580100000E-05   6.283056168800000E-02   1.000000000000000E+00   1.000000000000000E+00  -9.326436752400000E-28  -9.775135783499999E+01   8.600000000000000E+02   2.142286706600000E-03
   1.276023466000000E-05   6.302938806100000E-02   1.000000000000000E+00   1.000000000000000E+00   8.614884103600000E-27  -9.775135009600000E+01   8.600000000000000E+02   2.149066042300000E-03
   1.284086747100000E-05   6.322852071500000E-02   1.000000000000000E+00   1.000000000000000E+00   5.300772666900000E-27  -9.775134233400000E+01   8.600000000000000E+02   2.155849854200000E-03
   1.292175423900000E-05   6.342734796600000E-02   1.000000000000000E+00   1.000000000000000E+00   1.177459217100000E-26  -9.775133454700000E+01   8.600000000000000E+02   2.162629203000000E-03
   1.300289497100000E-05   6.362617517300000E-02   1.000000000000000E+00   1.000000000000000E+00  -2.513998679700000E-27  -9.775132673500001E+01   8.600000000000000E+02   2.169408551400000E-03
   1.308428965600000E-05   6.382450359500000E-02   1.000000000000000E+00   1.000000000000000E+00   1.361419620200000E-26  -9.775131889900000E+01   8.600000000000000E+02   2.176180610800000E-03
   1.316593829700000E-05   6.402332916200000E-02   1.000000000000000E+00   1.000000000000000E+00   9.426004474300000E-27  -9.775131103900000E+01   8.600000000000000E+02   2.182959935400000E-03
   1.324784089000000E-05   6.422215468600000E-02   1.000000000000000E+00   1.000000000000000E+00   5.237812747100000E-27  -9.775130315299999E+01   8.600000000000000E+02   2.189739259600000E-03
   1.332999744800000E-05   6.442011039800000E-02   1.000000000000000E+00   1.000000000000000E+00  -1.964663407400000E-27  -9.775129524499999E+01   8.600000000000000E+02   2.196505872700000E-03
   1.341240796000000E-05   6.461893315000000E-02   1.000000000000000E+00   1.000000000000000E+00   1.442087306400000E-26  -9.775128731100000E+01   8.600000000000000E+02   2.203285156600000E-03
   1.349507242500000E-05   6.481775585800000E-02   1.000000000000000E+00   1.000000000000000E+00  -2.828335108300000E-27  -9.775127935200000E+01   8.600000000000000E+02   2.210064440000000E-03
   1.357799084800000E-05   6.501741092500000E-02   1.000000000000000E+00   1.000000000000000E+00   5.666263043600000E-27  -9.775127137000000E+01   8.600000000000000E+02   2.216855887300000E-03
   1.366116322600000E-05   6.521623609000000E-02   1.000000000000000E+00   1.000000000000000E+00   5.659795933000000E-27  -9.775126336300001E+01   8.600000000000000E+02   2.223635206900000E-03
   1.374458956600000E-05   6.541506121100001E-02   1.000000000000000E+00   1.000000000000000E+00  -1.123252743000000E-27  -9.775125533100000E+01   8.600000000000000E+02   2.230414525900000E-03
   1.382826985500000E-05   6.561454208799999E-02   1.000000000000000E+00   1.000000000000000E+00   7.536246666500000E-27  -9.775124727200000E+01   8.600000000000000E+02   2.237203428100000E-03
   1.391220410900000E-05   6.581336910799999E-02   1.000000000000000E+00   1.000000000000000E+00   4.521571564300000E-27  -9.775123919200000E+01   8.600000000000000E+02   2.243982775200000E-03
   1.399639231000000E-05   6.601219608200000E-02   1.000000000000000E+00   1.000000000000000E+00   1.080820073700000E-26  -9.775123108699999E+01   8.600000000000000E+02   2.250762121700000E-03
   1.408083447700000E-05   6.621069354100000E-02   1.000000000000000E+00   1.000000000000000E+00   9.010259980999999E-28  -9.775122295700000E+01   8.600000000000000E+02   2.257536653000000E-03
   1.416553059500000E-05   6.640951943600000E-02   1.000000000000000E+00   1.000000000000000E+00   1.120529959100000E-26  -9.775121480300000E+01   8.600000000000000E+02   2.264315984000000E-03
   1.425048066600000E-05   6.660834528600000E-02   1.000000000000000E+00   1.000000000000000E+00   3.998382718100000E-28  -9.775120662400001E+01   8.600000000000000E+02   2.271095314500000E-03
   1.433568469600000E-05   6.680695882200000E-02   1.000000000000000E+00   1.000000000000000E+00  -3.639828245700000E-27  -9.775119842100000E+01   8.600000000000000E+02   2.277871542400000E-03
   1.442114268300000E-05   6.700578394999999E-02   1.000000000000000E+00   1.000000000000000E+00   5.852109982600000E-27  -9.775119019400000E+01   8.600000000000000E+02   2.284650862700000E-03
   1.450685462400000E-05   6.720460903200000E-02   1.000000000000000E+00   1.000000000000000E+00   9.931412395600000E-27  -9.775118194200000E+01   8.600000000000000E+02   2.291430182400000E-03
   1.459282052200000E-05   6.740404873399999E-02   1.000000000000000E+00   1.000000000000000E+00   4.058725486000000E-27  -9.775117366600000E+01   8.600000000000000E+02   2.298218484100000E-03
   1.467904037600000E-05   6.760287553800000E-02   1.000000000000000E+00   1.000000000000000E+00   1.537583838600000E-26  -9.775116536500001E+01   8.600000000000000E+02   2.304997829200000E-03
   1.476551418300000E-05   6.780170229599999E-02   1.000000000000000E+00   1.000000000000000E+00   1.355343678700000E-26  -9.775115704000000E+01   8.600000000000000E+02   2.311777173800000E-03
   1.485224195000000E-05   6.800035109999999E-02   1.000000000000000E+00   1.000000000000000E+00   1.266611128700000E-26  -9.775114869300000E+01   8.600000000000000E+02   2.318553917900000E-03
   1.493922366900000E-05   6.819917724500001E-02   1.000000000000000E+00   1.000000000000000E+00   5.432624151800000E-27  -9.775114031900000E+01   8.600000000000000E+02   2.325333253800000E-03
   1.502645934700000E-05   6.839800334399999E-02   1.000000000000000E+00   1.000000000000000E+00   4.676640423200000E-27  -9.775113192100000E+01   8.600000000000000E+02   2.332112589200000E-03
   1.511394897800000E-05   6.859701301700000E-02   1.000000000000000E+00   1.000000000000000E+00   1.552566529400000E-26  -9.775112349500000E+01   8.600000000000000E+02   2.338894607400000E-03
   1.520169256600000E-05   6.879583955500000E-02   1.000000000000000E+00   1.000000000000000E+00   3.871421625100000E-27  -9.775111504800000E+01   8.600000000000000E+02   2.345673949500000E-03
   1.528969010900000E-05   6.899466604600001E-02   1.000000000000000E+00   1.000000000000000E+00   8.683648236100000E-27  -9.775110657600000E+01   8.600000000000000E+02   2.352453291000000E-03
   1.537794161100000E-05   6.919287177000000E-02   1.000000000000000E+00   1.000000000000000E+00   2.242520023400000E-27  -9.775109808000001E+01   8.600000000000000E+02   2.359223561000000E-03
   1.546644706500000E-05   6.939169638400000E-02   1.000000000000000E+00   1.000000000000000E+00   4.125762686900000E-27  -9.775108955899999E+01   8.600000000000000E+02   2.366002875300000E-03
   1.555520647200000E-05   6.959052095000000E-02   1.000000000000000E+00   1.000000000000000E+00   2.363245636600000E-26  -9.775108101399999E+01   8.600000000000000E+02   2.372782189200000E-03
   1.564421983900000E-05   6.978919773900000E-02   1.000000000000000E+00   1.000000000000000E+00   8.500419150300001E-27  -9.775107244500001E+01   8.600000000000000E+02   2.379559343500000E-03
   1.573348715600000E-05   6.998802178999999E-02   1.000000000000000E+00   1.000000000000000E+00   4.890867813500000E-27  -9.775106385100000E+01   8.600000000000000E+02   2.386338650100000E-03
   1.582300843200000E-05   7.018684579400000E-02   1.000000000000000E+00   1.000000000000000E+00   6.295431768600000E-27  -9.775105523300000E+01   8.600000000000000E+02   2.393117956100000E-03
   1.591278366400000E-05   7.038550180500000E-02   1.000000000000000E+00   1.000000000000000E+00   9.173657425700000E-27  -9.775104659000000E+01   8.600000000000000E+02   2.399894807300000E-03
   1.600281284800000E-05   7.058432523900000E-02   1.000000000000000E+00   1.000000000000000E+00   1.418362139100000E-28  -9.775103792300000E+01   8.600000000000000E+02   2.406674105300000E-03
   1.609309598900000E-05   7.078314862399999E-02   1.000000000000000E+00   1.000000000000000E+00   1.219871356900000E-26  -9.775102923100000E+01   8.600000000000000E+02   2.413453402700000E-03
   1.618363308600000E-05   7.098166159300000E-02   1.000000000000000E+00   1.000000000000000E+00   1.661266022300000E-26  -9.775102051499999E+01   8.600000000000000E+02   2.420228163900000E-03
   1.627442413600000E-05   7.118048401300001E-02   1.000000000000000E+00   1.000000000000000E+00   8.288363672800000E-27  -9.775101177400001E+01   8.600000000000000E+02   2.427007447500000E-03
   1.636546914000000E-05   7.137930638499999E-02   1.000000000000000E+00   1.000000000000000E+00  -3.593287506200000E-29  -9.775100300900000E+01   8.600000000000000E+02   2.433786730500000E-03
   1.645676810300000E-05   7.157865132200000E-02   1.000000000000000E+00   1.000000000000000E+00   1.776423401100000E-26  -9.775099421700000E+01   8.600000000000000E+02   2.440573650300000E-03
   1.654832101400000E-05   7.177747504800000E-02   1.000000000000000E+00   1.000000000000000E+00   1.975737580900000E-27  -9.775098540200000E+01   8.600000000000000E+02   2.447352953400000E-03
   1.664012788500000E-05   7.197629872600000E-02   1.000000000000000E+00   1.000000000000000E+00   2.359593104300000E-27  -9.775097656400000E+01   8.600000000000000E+02   2.454132256000000E-03
   1.673218870900000E-05   7.217583193400000E-02   1.000000000000000E+00   1.000000000000000E+00   1.291333462400000E-26  -9.775096770400000E+01   8.600000000000000E+02   2.460921927600000E-03
   1.682450348900000E-05   7.237465746799999E-02   1.000000000000000E+00   1.000000000000000E+00   2.473831450900000E-26  -9.775095881599999E+01   8.600000000000000E+02   2.467701257600000E-03
   1.691707222300000E-05   7.257348295299999E-02   1.000000000000000E+00   1.000000000000000E+00   2.894375341700000E-26  -9.775094990400000E+01   8.600000000000000E+02   2.474480587000000E-03
   1.700989490400000E-05   7.277191403500000E-02   1.000000000000000E+00   1.000000000000000E+00   1.310764077800000E-27  -9.775094096500000E+01   8.600000000000000E+02   2.481254152800000E-03
   1.710297155200000E-05   7.297073834400000E-02   1.000000000000000E+00   1.000000000000000E+00   1.314171779700000E-26  -9.775093200400001E+01   8.600000000000000E+02   2.488033465300000E-03
   1.719630215100000E-05   7.316956260300000E-02   1.000000000000000E+00   1.000000000000000E+00  -1.461964805400000E-27  -9.775092301900000E+01   8.600000000000000E+02   2.494812777300000E-03
   1.728988670300000E-05   7.336842785500000E-02   1.000000000000000E+00   1.000000000000000E+00   9.941969745200000E-27  -9.775091401000000E+01   8.600000000000000E+02   2.501592688400000E-03
   1.738372520700000E-05   7.356725212600000E-02   1.000000000000000E+00   1.000000000000000E+00   1.249999045900000E-26  -9.775090497600000E+01   8.600000000000000E+02   2.508372000800000E-03
   1.747781766800000E-05   7.376607634700000E-02   1.000000000000000E+00   1.000000000000000E+00   2.198783563000000E-26  -9.775089591699999E+01   8.600000000000000E+02   2.515151312600000E-03
   1.757216408100000E-05   7.396387562700001E-02   1.000000000000000E+00   1.000000000000000E+00   6.073066119200000E-27  -9.775088683300000E+01   8.600000000000000E+02   2.521915646400000E-03
   1.766676445200000E-05   7.416269699200000E-02   1.000000000000000E+00   1.000000000000000E+00   5.550398975000000E-27  -9.775087772500000E+01   8.600000000000000E+02   2.528694916700000E-03
   1.776161877300000E-05   7.436151830700000E-02   1.000000000000000E+00   1.000000000000000E+00   1.503829454200000E-26  -9.775086859300001E+01   8.600000000000000E+02   2.535474186600000E-03
   1.785672705100000E-05   7.456128480900000E-02   1.000000000000000E+00   1.000000000000000E+00   1.554573445700000E-26  -9.775085944100000E+01   8.600000000000000E+02   2.542267269200000E-03
   1.795208928300000E-05   7.476010854400000E-02   1.000000000000000E+00   1.000000000000000E+00   1.066490828000000E-26  -9.775085026000001E+01   8.600000000000000E+02   2.549046574700000E-03
   1.804770546700000E-05   7.495893222699999E-02   1.000000000000000E+00   1.000000000000000E+00   7.828691400900000E-27  -9.775084105500000E+01   8.600000000000000E+02   2.555825879600000E-03
   1.814357560700000E-05   7.515824049300000E-02   1.000000000000000E+00   1.000000000000000E+00   4.348900112600000E-27  -9.775083182199999E+01   8.600000000000000E+02   2.562612266200000E-03
   1.823969970000000E-05   7.535706535700000E-02   1.000000000000000E+00   1.000000000000000E+00   2.134592238900000E-27  -9.775082256800000E+01   8.600000000000000E+02   2.569391588600000E-03
   1.833607774800000E-05   7.555589016900000E-02   1.000000000000000E+00   1.000000000000000E+00   1.684063287900000E-26  -9.775081329000000E+01   8.600000000000000E+02   2.576170910400000E-03
   1.843270974500000E-05   7.575460179200000E-02   1.000000000000000E+00   1.000000000000000E+00   1.483699409800000E-26  -9.775080398500000E+01   8.600000000000000E+02   2.582948578300000E-03
   1.852959570000000E-05   7.595342620499999E-02   1.000000000000000E+00   1.000000000000000E+00  -3.627689247500000E-28  -9.775079465800000E+01   8.600000000000000E+02   2.589727894600000E-03
   1.862673560800000E-05   7.615225056699999E-02   1.000000000000000E+00   1.000000000000000E+00  -1.461426736300000E-27  -9.775078530499999E+01   8.600000000000000E+02   2.596507210300000E-03
   1.872412946600000E-05   7.635121480000000E-02   1.000000000000000E+00   1.000000000000000E+00   1.651364105800000E-26  -9.775077593000000E+01   8.600000000000000E+02   2.603288570200000E-03
   1.882177728200000E-05   7.655003942200000E-02   1.000000000000000E+00   1.000000000000000E+00   5.241977797300000E-27  -9.775076652900000E+01   8.600000000000000E+02   2.610067890000000E-03
   1.891967905300000E-05   7.674886399200000E-02   1.000000000000000E+00   1.000000000000000E+00  -8.546957615500000E-28  -9.775075710300000E+01   8.600000000000000E+02   2.616847209200000E-03
   1.901783477600000E-05   7.694746050600000E-02   1.000000000000000E+00   1.000000000000000E+00   2.090366210700000E-26  -9.775074765500000E+01   8.600000000000000E+02   2.623623195800000E-03
   1.911624445200000E-05   7.714628438300000E-02   1.000000000000000E+00   1.000000000000000E+00   2.532399543800000E-27  -9.775073818000000E+01   8.600000000000000E+02   2.630402505200000E-03
   1.921490807900000E-05   7.734510820700000E-02   1.000000000000000E+00   1.000000000000000E+00  -4.594059399300000E-27  -9.775072868200000E+01   8.600000000000000E+02   2.637181814000000E-03
   1.931382565900000E-05   7.754336070600000E-02   1.000000000000000E+00   1.000000000000000E+00   4.492653505900000E-27  -9.775071915700001E+01   8.600000000000000E+02   2.643952773700000E-03
   1.941299719200000E-05   7.774218296000000E-02   1.000000000000000E+00   1.000000000000000E+00   1.320397832100000E-26  -9.775070961000000E+01   8.600000000000000E+02   2.650732059900000E-03
   1.951242268100000E-05   7.794100516100000E-02   1.000000000000000E+00   1.000000000000000E+00   1.070509325700000E-26  -9.775070003800001E+01   8.600000000000000E+02   2.657511345400000E-03
   1.961210212300000E-05   7.814063229200000E-02   1.000000000000000E+00   1.000000000000000E+00   6.274399770000000E-27  -9.775069044500000E+01   8.600000000000000E+02   2.664302394200000E-03
   1.971203551700000E-05   7.833945643600000E-02   1.000000000000000E+00   1.000000000000000E+00   2.691196276300000E-26  -9.775068082400000E+01   8.600000000000000E+02   2.671081708400000E-03
   1.981222286100000E-05   7.853828052600000E-02   1.000000000000000E+00   1.000000000000000E+00   8.494694862600000E-27  -9.775067117800000E+01   8.600000000000000E+02   2.677861022000000E-03
   1.991266416300000E-05   7.873532756500000E-02   1.000000000000000E+00   1.000000000000000E+00   1.225752420200000E-26  -9.775066150500000E+01   8.600000000000000E+02   2.684614366300000E-03
   2.001335941600000E-05   7.893414706200000E-02   1.000000000000000E+00   1.000000000000000E+00   1.376962880100000E-27  -9.775065181100000E+01   8.600000000000000E+02   2.691393613100000E-03
   2.011430862100000E-05   7.913296650399999E-02   1.000000000000000E+00   1.000000000000000E+00   1.848253374400000E-26  -9.775064209200001E+01   8.600000000000000E+02   2.698172859300000E-03
   2.021551178400000E-05   7.933290692800000E-02   1.000000000000000E+00   1.000000000000000E+00   1.926049786000000E-26  -9.775063234900000E+01   8.600000000000000E+02   2.704968487400000E-03
   2.031696889300000E-05   7.953172907200000E-02   1.000000000000000E+00   1.000000000000000E+00   1.707076492000000E-26  -9.775062258200001E+01   8.600000000000000E+02   2.711747773400000E-03
   2.041867995500000E-05   7.973055116199999E-02   1.000000000000000E+00   1.000000000000000E+00   5.975866543700000E-27  -9.775061279000001E+01   8.600000000000000E+02   2.718527058800000E-03
   2.052064497500000E-05   7.993002225000000E-02   1.000000000000000E+00   1.000000000000000E+00   3.996530799900000E-27  -9.775060297200000E+01   8.600000000000000E+02   2.725315828600000E-03
   2.062286394800000E-05   8.012884584700000E-02   1.000000000000000E+00   1.000000000000000E+00   1.386740745900000E-26  -9.775059313100000E+01   8.600000000000000E+02   2.732095136300000E-03
   2.072533686600000E-05   8.032766938900000E-02   1.000000000000000E+00   1.000000000000000E+00   2.772523772200000E-27  -9.775058326600001E+01   8.600000000000000E+02   2.738874443400000E-03
   2.082806373800000E-05   8.052591146800001E-02   1.000000000000000E+00   1.000000000000000E+00   9.370952393400000E-27  -9.775057337900000E+01   8.600000000000000E+02   2.745645253200000E-03
   2.093104456500000E-05   8.072473346500000E-02   1.000000000000000E+00   1.000000000000000E+00   1.638768938600000E-26  -9.775056346400000E+01   8.600000000000000E+02   2.752424538000000E-03
   2.103427934400000E-05   8.092355540700000E-02   1.000000000000000E+00   1.000000000000000E+00   6.643828445500001E-27  -9.775055352500000E+01   8.600000000000000E+02   2.759203822200000E-03
   2.113776807500000E-05   8.112151153800000E-02   1.000000000000000E+00   1.000000000000000E+00   1.441717713900000E-27  -9.775054356200000E+01   8.600000000000000E+02   2.765970453700000E-03
   2.124151076000000E-05   8.132033124800001E-02   1.000000000000000E+00   1.000000000000000E+00   7.545352513400000E-27  -9.775053357500001E+01   8.600000000000000E+02   2.772749705600000E-03
   2.134550739100000E-05   8.151915090300001E-02   1.000000000000000E+00   1.000000000000000E+00   6.111836354000000E-27  -9.775052356300000E+01   8.600000000000000E+02   2.779528956800000E-03
   2.144975798000000E-05   8.171920776400000E-02   1.000000000000000E+00   1.000000000000000E+00  -2.348435065600000E-27  -9.775051352600001E+01   8.600000000000000E+02   2.786326288500000E-03
   2.155426251800000E-05   8.191803031900000E-02   1.000000000000000E+00   1.000000000000000E+00   2.783851011900000E-26  -9.775050346499999E+01   8.600000000000000E+02   2.793105582400000E-03
   2.165902101400000E-05   8.211685281700000E-02   1.000000000000000E+00   1.000000000000000E+00   7.949768832000001E-27  -9.775049337900001E+01   8.600000000000000E+02   2.799884875700000E-03
   2.176403345800000E-05   8.231592906700000E-02   1.000000000000000E+00   1.000000000000000E+00   1.290844488200000E-26  -9.775048326800000E+01   8.600000000000000E+02   2.806667877500000E-03
   2.186929984800000E-05   8.251475206700000E-02   1.000000000000000E+00   1.000000000000000E+00   9.064107710400000E-28  -9.775047313400000E+01   8.600000000000000E+02   2.813447178400000E-03
   2.197482019900000E-05   8.271357501100000E-02   1.000000000000000E+00   1.000000000000000E+00   7.169799819800001E-27  -9.775046297500000E+01   8.600000000000000E+02   2.820226478700000E-03
   2.208059449700000E-05   8.291091580300000E-02   1.000000000000000E+00   1.000000000000000E+00   3.777340642300000E-28  -9.775045279100000E+01   8.600000000000000E+02   2.826984119300000E-03
   2.218662274500000E-05   8.310973508100000E-02   1.000000000000000E+00   1.000000000000000E+00   2.051918964100000E-26  -9.775044258299999E+01   8.600000000000000E+02   2.833763366300000E-03
   2.229290494600000E-05   8.330855430200000E-02   1.000000000000000E+00   1.000000000000000E+00   2.857128052100000E-26  -9.775043235100000E+01   8.600000000000000E+02   2.840542612700000E-03
   2.239944110300000E-05   8.350840403900001E-02   1.000000000000000E+00   1.000000000000000E+00   7.229095000199999E-27  -9.775042209900001E+01   8.600000000000000E+02   2.847336919100000E-03
   2.250623120600000E-05   8.370722560000000E-02   1.000000000000000E+00   1.000000000000000E+00   1.166230299200000E-26  -9.775041181800000E+01   8.600000000000000E+02   2.854116200000000E-03
   2.261327526100000E-05   8.390604710500001E-02   1.000000000000000E+00   1.000000000000000E+00   3.378878995800000E-26  -9.775040151300000E+01   8.600000000000000E+02   2.860895480300000E-03
   2.272057327000000E-05   8.410332185300000E-02   1.000000000000000E+00   1.000000000000000E+00   6.547283673699999E-27  -9.775039117900000E+01   8.600000000000000E+02   2.867652156700000E-03
   2.282812523200000E-05   8.430213958700000E-02   1.000000000000000E+00   1.000000000000000E+00   1.609357550200000E-26  -9.775038082400000E+01   8.600000000000000E+02   2.874431382200000E-03
   2.293593114300000E-05   8.450095726400000E-02   1.000000000000000E+00   1.000000000000000E+00   1.432264267100000E-27  -9.775037044600001E+01   8.600000000000000E+02   2.881210607100000E-03
   2.304399099900000E-05   8.469968404400000E-02   1.000000000000000E+00   1.000000000000000E+00  -1.451061020800000E-29  -9.775036004300000E+01   8.600000000000000E+02   2.887988503700000E-03
   2.315230481400000E-05   8.489850139299999E-02   1.000000000000000E+00   1.000000000000000E+00   1.723149697000000E-26  -9.775034961500000E+01   8.600000000000000E+02   2.894767724100000E-03
   2.326087257700000E-05   8.509731868300000E-02   1.000000000000000E+00   1.000000000000000E+00   1.137904848800000E-26  -9.775033916300001E+01   8.600000000000000E+02   2.901546943800000E-03
   2.336969429300000E-05   8.529821001500000E-02   1.000000000000000E+00   1.000000000000000E+00   1.679522503800000E-26  -9.775032868700001E+01   8.600000000000000E+02   2.908356473500000E-03
   2.347876995600000E-05   8.549703202400000E-02   1.000000000000000E+00   1.000000000000000E+00   1.865758866700000E-27  -9.775031818600000E+01   8.600000000000000E+02   2.915135762500000E-03
   2.358809957400000E-05   8.569585397600001E-02   1.000000000000000E+00   1.000000000000000E+00   5.194796176200000E-27  -9.775030766000000E+01   8.600000000000000E+02   2.921915050900000E-03
   2.369768314100000E-05   8.589229913599999E-02   1.000000000000000E+00   1.000000000000000E+00  -5.365970480400000E-28  -9.775029710900000E+01   8.600000000000000E+02   2.928659605300000E-03
   2.380752066000000E-05   8.609111546900000E-02   1.000000000000000E+00   1.000000000000000E+00   3.778860461300000E-26  -9.775028653500000E+01   8.600000000000000E+02   2.935438811900000E-03
   2.391761212600000E-05   8.628993174400000E-02   1.000000000000000E+00   1.000000000000000E+00  -4.235148292700000E-27  -9.775027593599999E+01   8.600000000000000E+02   2.942218017800000E-03
   2.402795754700000E-05   8.649031535600001E-02   1.000000000000000E+00   1.000000000000000E+00   1.503294571100000E-26  -9.775026531300000E+01   8.600000000000000E+02   2.949020128800000E-03
   2.413855692000000E-05   8.668913511699999E-02   1.000000000000000E+00   1.000000000000000E+00   7.629332232700001E-27  -9.775025466500000E+01   8.600000000000000E+02   2.955799386000000E-03
   2.424941024000000E-05   8.688795481900000E-02   1.000000000000000E+00   1.000000000000000E+00   1.143095809900000E-26  -9.775024399300000E+01   8.600000000000000E+02   2.962578642500000E-03
   2.436051750800000E-05   8.708762572400000E-02   1.000000000000000E+00   1.000000000000000E+00   7.130849525000000E-27  -9.775023329699999E+01   8.600000000000000E+02   2.969370338600000E-03
   2.447187872900000E-05   8.728644725100000E-02   1.000000000000000E+00   1.000000000000000E+00  -5.286289901400000E-27  -9.775022257600000E+01   8.600000000000000E+02   2.976149622200000E-03
   2.458349390200000E-05   8.748526871900000E-02   1.000000000000000E+00   1.000000000000000E+00   1.111746509100000E-26  -9.775021183100000E+01   8.600000000000000E+02   2.982928905000000E-03
   2.469536302400000E-05   8.768253798500000E-02   1.000000000000000E+00   1.000000000000000E+00   4.162786569800000E-27  -9.775020105999999E+01   8.600000000000000E+02   2.989685504400000E-03
   2.480748609500000E-05   8.788135581500001E-02   1.000000000000000E+00   1.000000000000000E+00   1.861526436000000E-27  -9.775019026500000E+01   8.600000000000000E+02   2.996464734400000E-03
   2.491986312100000E-05   8.808017358400000E-02   1.000000000000000E+00   1.000000000000000E+00   7.005735785200000E-27  -9.775017944600000E+01   8.600000000000000E+02   3.003243963800000E-03
   2.503249409400000E-05   8.827946931199999E-02   1.000000000000000E+00   1.000000000000000E+00   2.268056852000000E-26  -9.775016860300001E+01   8.600000000000000E+02   3.010030178200000E-03
   2.514537901700000E-05   8.847828803799999E-02   1.000000000000000E+00   1.000000000000000E+00   7.998185497100000E-27  -9.775015773500000E+01   8.600000000000000E+02   3.016809421900000E-03
   2.525851788700000E-05   8.867710670400000E-02   1.000000000000000E+00   1.000000000000000E+00   2.916820707600000E-27  -9.775014684300000E+01   8.600000000000000E+02   3.023588664900000E-03
   2.537191070700000E-05   8.887692962099999E-02   1.000000000000000E+00   1.000000000000000E+00   2.226480815800000E-26  -9.775013593200001E+01   8.600000000000000E+02   3.030382584000000E-03
   2.548555748000000E-05   8.907575041300000E-02   1.000000000000000E+00   1.000000000000000E+00   1.427305756100000E-26  -9.775012499000000E+01   8.600000000000000E+02   3.037161858500000E-03
   2.559945820600000E-05   8.927457114500000E-02   1.000000000000000E+00   1.000000000000000E+00   2.209625295700000E-26  -9.775011402500000E+01   8.600000000000000E+02   3.043941132200000E-03
   2.571361287700000E-05   8.947152842500000E-02   1.000000000000000E+00   1.000000000000000E+00   2.031264951800000E-26  -9.775010303099999E+01   8.600000000000000E+02   3.050693173800000E-03
   2.582802149900000E-05   8.967034489500000E-02   1.000000000000000E+00   1.000000000000000E+00   5.449083120600000E-27  -9.775009201700000E+01   8.600000000000000E+02   3.057472385600000E-03
   2.594268407200000E-05   8.986916130399999E-02   1.000000000000000E+00   1.000000000000000E+00  -7.659705674000000E-27  -9.775008097800000E+01   8.600000000000000E+02   3.064251596700000E-03
   2.605760058700000E-05   9.006967145300000E-02   1.000000000000000E+00   1.000000000000000E+00   1.000825527000000E-26  -9.775006991900000E+01   8.600000000000000E+02   3.071055560100000E-03
   2.617277105800000E-05   9.026849147900000E-02   1.000000000000000E+00   1.000000000000000E+00   1.201216610200000E-26  -9.775005883199999E+01   8.600000000000000E+02   3.077834824500000E-03
   2.628819547500000E-05   9.046731144300001E-02   1.000000000000000E+00   1.000000000000000E+00   1.723726378500000E-26  -9.775004771899999E+01   8.600000000000000E+02   3.084614088100000E-03
   2.640387384500000E-05   9.066476464600000E-02   1.000000000000000E+00   1.000000000000000E+00   1.015215185800000E-26  -9.775003658100000E+01   8.600000000000000E+02   3.091373378100000E-03
   2.651980616100000E-05   9.086358149000000E-02   1.000000000000000E+00   1.000000000000000E+00   1.204235937400000E-26  -9.775002541900000E+01   8.600000000000000E+02   3.098152596500000E-03
   2.663599242800000E-05   9.106239827199999E-02   1.000000000000000E+00   1.000000000000000E+00   4.639144172000000E-27  -9.775001423400001E+01   8.600000000000000E+02   3.104931814200000E-03
   2.675243264400000E-05   9.126179426100001E-02   1.000000000000000E+00   1.000000000000000E+00   1.750663350300000E-26  -9.775000302100000E+01   8.600000000000000E+02   3.111719496500000E-03
   2.686912681100000E-05   9.146061218100000E-02   1.000000000000000E+00   1.000000000000000E+00   3.674273822700000E-26  -9.774999178700000E+01   8.600000000000000E+02   3.118498731100000E-03
   2.698607492500000E-05   9.165943004000000E-02   1.000000000000000E+00   1.000000000000000E+00   1.823198563700000E-26  -9.774998052799999E+01   8.600000000000000E+02   3.125277965100000E-03
   2.710327698700000E-05   9.185901995900000E-02   1.000000000000000E+00   1.000000000000000E+00   6.300075850600000E-27  -9.774996924300000E+01   8.600000000000000E+02   3.132068482000000E-03
   2.722073299900000E-05   9.205783936400000E-02   1.000000000000000E+00   1.000000000000000E+00   1.299035617100000E-26  -9.774995793500000E+01   8.600000000000000E+02   3.138847738900000E-03
   2.733844296200000E-05   9.225665870600000E-02   1.000000000000000E+00   1.000000000000000E+00  -6.029196341700000E-27  -9.774994660300000E+01   8.600000000000000E+02   3.145626995100000E-03
   2.745640687300000E-05   9.245399684000000E-02   1.000000000000000E+00   1.000000000000000E+00   5.093685282400000E-27  -9.774993524600001E+01   8.600000000000000E+02   3.152384605200000E-03
   2.757462472800000E-05   9.265281287200000E-02   1.000000000000000E+00   1.000000000000000E+00   7.923698428599999E-27  -9.774992386500000E+01   8.600000000000000E+02   3.159163813400000E-03
   2.769309653500000E-05   9.285162884100000E-02   1.000000000000000E+00   1.000000000000000E+00   8.646161200600000E-27  -9.774991246000000E+01   8.600000000000000E+02   3.165943020800000E-03
   2.781182229000000E-05   9.305043916300000E-02   1.000000000000000E+00   1.000000000000000E+00  -2.598044707800000E-27  -9.774990103899999E+01   8.600000000000000E+02   3.172722145900000E-03
   2.793080199500000E-05   9.324925499300001E-02   1.000000000000000E+00   1.000000000000000E+00   3.529196165500000E-27  -9.774988958400000E+01   8.600000000000000E+02   3.179501351700000E-03
   2.805003564800000E-05   9.344807076099999E-02   1.000000000000000E+00   1.000000000000000E+00  -4.540542837500000E-27  -9.774987810499999E+01   8.600000000000000E+02   3.186280556800000E-03
   2.816952324800000E-05   9.364872662000000E-02   1.000000000000000E+00   1.000000000000000E+00   2.734136057000000E-26  -9.774986659400000E+01   8.600000000000000E+02   3.193086653000000E-03
   2.828926479700000E-05   9.384754616700000E-02   1.000000000000000E+00   1.000000000000000E+00   3.398563431300000E-27  -9.774985506599999E+01   8.600000000000000E+02   3.199865913700000E-03
   2.840926029000000E-05   9.404636565000001E-02   1.000000000000000E+00   1.000000000000000E+00   9.532282027300000E-27  -9.774984351400001E+01   8.600000000000000E+02   3.206645173700000E-03
   2.852950974100000E-05   9.424260749500001E-02   1.000000000000000E+00   1.000000000000000E+00   1.382320894200000E-26  -9.774983194000001E+01   8.600000000000000E+02   3.213386764300000E-03
   2.865001313100000E-05   9.444142141300001E-02   1.000000000000000E+00   1.000000000000000E+00   1.243951817800000E-26  -9.774982033900000E+01   8.600000000000000E+02   3.220165943300000E-03
   2.877077047500000E-05   9.464023526600000E-02   1.000000000000000E+00   1.000000000000000E+00   8.222186875600000E-27  -9.774980871299999E+01   8.600000000000000E+02   3.226945121600000E-03
   2.889178176600000E-05   9.483907358099999E-02   1.000000000000000E+00   1.000000000000000E+00   3.648222249400000E-27  -9.774979705900000E+01   8.600000000000000E+02   3.233724657500000E-03
   2.901304700200000E-05   9.503788735700000E-02   1.000000000000000E+00   1.000000000000000E+00   1.259362954100000E-26  -9.774978538400001E+01   8.600000000000000E+02   3.240503835000000E-03
   2.913456618600000E-05   9.523670106899999E-02   1.000000000000000E+00   1.000000000000000E+00   1.483026404700000E-26  -9.774977368600000E+01   8.600000000000000E+02   3.247283011700000E-03
   2.925633931600000E-05   9.543732257699999E-02   1.000000000000000E+00   1.000000000000000E+00   1.679501170100000E-26  -9.774976196400000E+01   8.600000000000000E+02   3.254088607700000E-03
   2.937836639400000E-05   9.563613992500000E-02   1.000000000000000E+00   1.000000000000000E+00   2.320639449200000E-26  -9.774975021600000E+01   8.600000000000000E+02   3.260867838000000E-03
   2.950064742200000E-05   9.583495720900000E-02   1.000000000000000E+00   1.000000000000000E+00   1.687510391700000E-26  -9.774973844400000E+01   8.600000000000000E+02   3.267647067500000E-03
   2.962318240200000E-05   9.603436406300001E-02   1.000000000000000E+00   1.000000000000000E+00   8.659345651200000E-27  -9.774972664600000E+01   8.600000000000000E+02   3.274434913200000E-03
   2.974597132100000E-05   9.623318243600000E-02   1.000000000000000E+00   1.000000000000000E+00   1.572862697000000E-26  -9.774971482500000E+01   8.600000000000000E+02   3.281214159000000E-03
   2.986901419700000E-05   9.643200074500000E-02   1.000000000000000E+00   1.000000000000000E+00  -4.961717177400000E-27  -9.774970297900001E+01   8.600000000000000E+02   3.287993404100000E-03
   2.999231101200000E-05   9.663103446200000E-02   1.000000000000000E+00   1.000000000000000E+00   1.372308205100000E-26  -9.774969111199999E+01   8.600000000000000E+02   3.294775797400000E-03
   3.011586177100000E-05   9.682985308200000E-02   1.000000000000000E+00   1.000000000000000E+00  -3.975658047100000E-27  -9.774967921699999E+01   8.600000000000000E+02   3.301555047400000E-03
   3.023966649200000E-05   9.702867163700001E-02   1.000000000000000E+00   1.000000000000000E+00  -9.218403278700000E-27  -9.774966729900000E+01   8.600000000000000E+02   3.308334296700000E-03
   3.036372514800000E-05   9.722617002599999E-02   1.000000000000000E+00   1.000000000000000E+00   2.727776398000000E-27  -9.774965535500000E+01   8.600000000000000E+02   3.315094253400000E-03
   3.048803775200000E-05   9.742498574900001E-02   1.000000000000000E+00   1.000000000000000E+00   1.799282547000000E-26  -9.774964338700001E+01   8.600000000000000E+02   3.321873461600000E-03
   3.061260430200000E-05   9.762380140599999E-02   1.000000000000000E+00   1.000000000000000E+00   9.431126464600000E-27  -9.774963139499999E+01   8.600000000000000E+02   3.328652669200000E-03
   3.073742480600000E-05   9.782225433600000E-02   1.000000000000000E+00   1.000000000000000E+00   2.228194414300000E-26  -9.774961937700000E+01   8.600000000000000E+02   3.335426576000000E-03
   3.086249925500000E-05   9.802106912399999E-02   1.000000000000000E+00   1.000000000000000E+00   1.401762155200000E-26  -9.774960733600000E+01   8.600000000000000E+02   3.342205771200000E-03
   3.098782764800000E-05   9.821988384400000E-02   1.000000000000000E+00   1.000000000000000E+00   1.536208335200000E-26  -9.774959527000000E+01   8.600000000000000E+02   3.348984965700000E-03
   3.111340998700000E-05   9.841798672300001E-02   1.000000000000000E+00   1.000000000000000E+00   1.518840714800000E-26  -9.774958317799999E+01   8.600000000000000E+02   3.355753757400000E-03
   3.123924627300000E-05   9.861679987200000E-02   1.000000000000000E+00   1.000000000000000E+00   3.997692437000000E-26  -9.774957106300000E+01   8.600000000000000E+02   3.362532929300000E-03
   3.136533650600000E-05   9.881561295400000E-02   1.000000000000000E+00   1.000000000000000E+00  -1.121186254100000E-27  -9.774955892500000E+01   8.600000000000000E+02   3.369312100400000E-03
   3.149168068900000E-05   9.901639486699999E-02   1.000000000000000E+00   1.000000000000000E+00   1.003367511300000E-26  -9.774954676100000E+01   8.600000000000000E+02   3.376120044100000E-03
   3.161827881600000E-05   9.921521176799999E-02   1.000000000000000E+00   1.000000000000000E+00  -7.445188099900001E-27  -9.774953457300001E+01   8.600000000000000E+02   3.382899271500000E-03

