   1.762165900300000E-15   0.000000000000000E+00   1.000000000000000E+00   1.000000000000000E+00   0.000000000000000E+00  -2.213475858800000E+02   8.680555684900000E+03   0.000000000000000E+00
   5.526571886500000E-11   1.733767680300000E-04   1.000000000000000E+00   1.000000000000000E+00   1.980795091400000E-06  -2.213475858500000E+02   8.680555684900000E+03   1.980795091400000E-06
   2.210771629500000E-10   3.467535359400000E-04   1.000000000000000E+00   1.000000000000000E+00   3.961590181700000E-06  -2.213475857900000E+02   8.680555684900000E+03   3.961590181700000E-06
   4.974396421300000E-10   5.201322139700000E-04   1.000000000000000E+00   1.000000000000000E+00   5.942191841200000E-06  -2.213475856900000E+02   8.680555684900000E+03   5.942191841200000E-06
   8.843251944600000E-10   6.935096179800000E-04   1.000000000000000E+00   1.000000000000000E+00   7.922922449600000E-06  -2.213475855500000E+02   8.680555684900000E+03   7.922922449600000E-06
   1.381751039500000E-09   8.668870214300000E-04   1.000000000000000E+00   1.000000000000000E+00   9.903653053100000E-06  -2.213475853800000E+02   8.680555684900000E+03   9.903653053100000E-06
   1.989720174000000E-09   1.040254854700000E-03   1.000000000000000E+00   1.000000000000000E+00   1.188472290000000E-05  -2.213475851600000E+02   8.680555684900000E+03   1.188472290000000E-05
   2.708219700500000E-09   1.213630661600000E-03   1.000000000000000E+00   1.000000000000000E+00   1.386551003200000E-05  -2.213475849000000E+02   8.680555684900000E+03   1.386551003200000E-05
   3.537265411500000E-09   1.387006467600000E-03   1.000000000000000E+00   1.000000000000000E+00   1.584629715500000E-05  -2.213475846000000E+02   8.680555684900000E+03   1.584629715500000E-05
   4.476854591600000E-09   1.560406151000000E-03   1.000000000000000E+00   1.000000000000000E+00   1.782692935100000E-05  -2.213475842700000E+02   8.680555684900000E+03   1.782692935100000E-05
   5.526973417700000E-09   1.733784607700000E-03   1.000000000000000E+00   1.000000000000000E+00   1.980769924100000E-05  -2.213475838900000E+02   8.680555684900000E+03   1.980769924100000E-05
   6.687635193800000E-09   1.907163063000000E-03   1.000000000000000E+00   1.000000000000000E+00   2.178846911800000E-05  -2.213475834800000E+02   8.680555684900000E+03   2.178846911800000E-05
   7.958836384400000E-09   2.080541428500000E-03   1.000000000000000E+00   1.000000000000000E+00   2.376857020000000E-05  -2.213475830200000E+02   8.680555684900000E+03   2.376857020000000E-05
   9.340577518600000E-09   2.253919873100000E-03   1.000000000000000E+00   1.000000000000000E+00   2.574928431800000E-05  -2.213475825300000E+02   8.680555684900000E+03   2.574928431800000E-05
   1.083285970500000E-08   2.427298315900000E-03   1.000000000000000E+00   1.000000000000000E+00   2.772999842000000E-05  -2.213475820000000E+02   8.680555684900000E+03   2.772999842000000E-05
   1.243567190800000E-08   2.600675934600000E-03   1.000000000000000E+00   1.000000000000000E+00   2.971117153300000E-05  -2.213475814200000E+02   8.680555684900000E+03   2.971117153300000E-05
   1.414903221500000E-08   2.774054318400000E-03   1.000000000000000E+00   1.000000000000000E+00   3.169191620200000E-05  -2.213475808100000E+02   8.680555684900000E+03   3.169191620200000E-05
   1.597293282500000E-08   2.947432700000000E-03   1.000000000000000E+00   1.000000000000000E+00   3.367266085100000E-05  -2.213475801600000E+02   8.680555684900000E+03   3.367266085100000E-05
   1.790736833900000E-08   3.120761735800000E-03   1.000000000000000E+00   1.000000000000000E+00   3.565381825300000E-05  -2.213475794700000E+02   8.680555684900000E+03   3.565381825300000E-05
   1.995234426600000E-08   3.294137371100000E-03   1.000000000000000E+00   1.000000000000000E+00   3.763458579200000E-05  -2.213475787400000E+02   8.680555684900000E+03   3.763458579200000E-05
   2.210786162600000E-08   3.467513003700000E-03   1.000000000000000E+00   1.000000000000000E+00   3.961535330700000E-05  -2.213475779700000E+02   8.680555684900000E+03   3.961535330700000E-05
   2.437391702200000E-08   3.640867983700000E-03   1.000000000000000E+00   1.000000000000000E+00   4.159669161900000E-05  -2.213475771600000E+02   8.680555684900000E+03   4.159669161900000E-05
   2.675051323500000E-08   3.814242627000000E-03   1.000000000000000E+00   1.000000000000000E+00   4.357748626600000E-05  -2.213475763100000E+02   8.680555684900000E+03   4.357748626600000E-05
   2.923764437800000E-08   3.987617267300000E-03   1.000000000000000E+00   1.000000000000000E+00   4.555828088700000E-05  -2.213475754200000E+02   8.680555684900000E+03   4.555828088700000E-05
   3.183531465200000E-08   4.161080412500000E-03   1.000000000000000E+00   1.000000000000000E+00   4.753860237200000E-05  -2.213475744900000E+02   8.680555684900000E+03   4.753860237200000E-05
   3.454352521000000E-08   4.334458733900000E-03   1.000000000000000E+00   1.000000000000000E+00   4.951937722400000E-05  -2.213475735200000E+02   8.680555684900000E+03   4.951937722400000E-05
   3.736227556600000E-08   4.507837051700000E-03   1.000000000000000E+00   1.000000000000000E+00   5.150015204400000E-05  -2.213475725100000E+02   8.680555684900000E+03   5.150015204400000E-05
   4.029156735900000E-08   4.681147636200000E-03   1.000000000000000E+00   1.000000000000000E+00   5.347948779400000E-05  -2.213475714700000E+02   8.680555684900000E+03   5.347948779400000E-05
   4.333140028000000E-08   4.854523438000000E-03   1.000000000000000E+00   1.000000000000000E+00   5.546020925300000E-05  -2.213475703800000E+02   8.680555684900000E+03   5.546020925300000E-05
   4.648176001500000E-08   5.027899235700000E-03   1.000000000000000E+00   1.000000000000000E+00   5.744093067800000E-05  -2.213475692500000E+02   8.680555684900000E+03   5.744093067800000E-05
   4.974267038900000E-08   5.201347518700000E-03   1.000000000000000E+00   1.000000000000000E+00   5.942277719800000E-05  -2.213475680900000E+02   8.680555684900000E+03   5.942277719800000E-05
   5.311411613800000E-08   5.374725724300000E-03   1.000000000000000E+00   1.000000000000000E+00   6.140353605600000E-05  -2.213475668800000E+02   8.680555684900000E+03   6.140353605600000E-05
   5.659610338000000E-08   5.548103925600000E-03   1.000000000000000E+00   1.000000000000000E+00   6.338429487600000E-05  -2.213475656400000E+02   8.680555684900000E+03   6.338429487600000E-05
   6.018863258700000E-08   5.721306588600000E-03   1.000000000000000E+00   1.000000000000000E+00   6.536616212000000E-05  -2.213475643600000E+02   8.680555684900000E+03   6.536616212000000E-05
   6.389169183300000E-08   5.894679461300000E-03   1.000000000000000E+00   1.000000000000000E+00   6.734695445099999E-05  -2.213475630300000E+02   8.680555684900000E+03   6.734695445099999E-05
   6.770529231100000E-08   6.068052329100000E-03   1.000000000000000E+00   1.000000000000000E+00   6.932774674000000E-05  -2.213475616700000E+02   8.680555684900000E+03   6.932774674000000E-05
   7.162943892000000E-08   6.241471142000000E-03   1.000000000000000E+00   1.000000000000000E+00   7.130850943700001E-05  -2.213475602700000E+02   8.680555684900000E+03   7.130850943700001E-05
   7.566411517300000E-08   6.414845276100000E-03   1.000000000000000E+00   1.000000000000000E+00   7.328930082000000E-05  -2.213475588200000E+02   8.680555684900000E+03   7.328930082000000E-05
   7.980934040500000E-08   6.588219404900000E-03   1.000000000000000E+00   1.000000000000000E+00   7.527009215700000E-05  -2.213475573400000E+02   8.680555684900000E+03   7.527009215700000E-05
   8.406509889500000E-08   6.761760963300000E-03   1.000000000000000E+00   1.000000000000000E+00   7.724843188900000E-05  -2.213475558200000E+02   8.680555684900000E+03   7.724843188900000E-05
   8.843139844400000E-08   6.935139374400000E-03   1.000000000000000E+00   1.000000000000000E+00   7.922916027300000E-05  -2.213475542600000E+02   8.680555684900000E+03   7.922916027300000E-05
   9.290823157399999E-08   7.108517779800000E-03   1.000000000000000E+00   1.000000000000000E+00   8.120988860800000E-05  -2.213475526600000E+02   8.680555684900000E+03   8.120988860800000E-05
   9.749561413000000E-08   7.281794558100000E-03   1.000000000000000E+00   1.000000000000000E+00   8.319070859800000E-05  -2.213475510200000E+02   8.680555684900000E+03   8.319070859800000E-05
   1.021935290200000E-07   7.455170532100000E-03   1.000000000000000E+00   1.000000000000000E+00   8.517143901600000E-05  -2.213475493400000E+02   8.680555684900000E+03   8.517143901600000E-05
   1.070019868600000E-07   7.628546500000000E-03   1.000000000000000E+00   1.000000000000000E+00   8.715216938200000E-05  -2.213475476200000E+02   8.680555684900000E+03   8.715216938200000E-05
   1.119209780200000E-07   7.801750082200000E-03   1.000000000000000E+00   1.000000000000000E+00   8.913385936100001E-05  -2.213475458600000E+02   8.680555684900000E+03   8.913385936100001E-05
   1.169505075200000E-07   7.975122206600000E-03   1.000000000000000E+00   1.000000000000000E+00   9.111461094500000E-05  -2.213475440700000E+02   8.680555684900000E+03   9.111461094500000E-05
   1.220905824200000E-07   8.148494324400001E-03   1.000000000000000E+00   1.000000000000000E+00   9.309536247300000E-05  -2.213475422300000E+02   8.680555684900000E+03   9.309536247300000E-05
   1.273411951700000E-07   8.322024569000001E-03   1.000000000000000E+00   1.000000000000000E+00   9.507526343100000E-05  -2.213475403500000E+02   8.680555684900000E+03   9.507526343100000E-05
   1.327023465500000E-07   8.495399967900000E-03   1.000000000000000E+00   1.000000000000000E+00   9.705599712500000E-05  -2.213475384400000E+02   8.680555684900000E+03   9.705599712500000E-05
   1.381740336200000E-07   8.668775359800001E-03   1.000000000000000E+00   1.000000000000000E+00   9.903673075900000E-05  -2.213475364800000E+02   8.680555684900000E+03   9.903673075900000E-05
   1.437562625000000E-07   8.842164271200000E-03   1.000000000000000E+00   1.000000000000000E+00   1.010205207500000E-04  -2.213475344900000E+02   8.680555684900000E+03   1.010205207500000E-04
   1.494490262900000E-07   9.015539913900000E-03   1.000000000000000E+00   1.000000000000000E+00   1.030013141900000E-04  -2.213475324500000E+02   8.680555684900000E+03   1.030013141900000E-04
   1.552523326000000E-07   9.188915549200000E-03   1.000000000000000E+00   1.000000000000000E+00   1.049821075700000E-04  -2.213475303800000E+02   8.680555684900000E+03   1.049821075700000E-04
   1.611661788000000E-07   9.362362036700000E-03   1.000000000000000E+00   1.000000000000000E+00   1.069586861500000E-04  -2.213475282600000E+02   8.680555684900000E+03   1.069586861500000E-04
   1.671905651900000E-07   9.535738968800000E-03   1.000000000000000E+00   1.000000000000000E+00   1.089394013500000E-04  -2.213475261100000E+02   8.680555684900000E+03   1.089394013500000E-04
   1.733254872300000E-07   9.709115892999999E-03   1.000000000000000E+00   1.000000000000000E+00   1.109201164800000E-04  -2.213475239200000E+02   8.680555684900000E+03   1.109201164800000E-04
   1.795709499200000E-07   9.882500700199999E-03   1.000000000000000E+00   1.000000000000000E+00   1.129031439400000E-04  -2.213475216800000E+02   8.680555684900000E+03   1.129031439400000E-04
   1.859269494000000E-07   1.005587774700000E-02   1.000000000000000E+00   1.000000000000000E+00   1.148838995100000E-04  -2.213475194100000E+02   8.680555684900000E+03   1.148838995100000E-04
   1.923934908400000E-07   1.022925478500000E-02   1.000000000000000E+00   1.000000000000000E+00   1.168646550000000E-04  -2.213475171000000E+02   8.680555684900000E+03   1.168646550000000E-04
   1.989705686400000E-07   1.040268335100000E-02   1.000000000000000E+00   1.000000000000000E+00   1.188446615700000E-04  -2.213475147500000E+02   8.680555684900000E+03   1.188446615700000E-04
   2.056581916700000E-07   1.057606123100000E-02   1.000000000000000E+00   1.000000000000000E+00   1.208254044400000E-04  -2.213475123600000E+02   8.680555684900000E+03   1.208254044400000E-04
   2.124563445700000E-07   1.074943910300000E-02   1.000000000000000E+00   1.000000000000000E+00   1.228061472300000E-04  -2.213475099300000E+02   8.680555684900000E+03   1.228061472300000E-04
   2.193650413200000E-07   1.092257720600000E-02   1.000000000000000E+00   1.000000000000000E+00   1.247890411800000E-04  -2.213475074600000E+02   8.680555684900000E+03   1.247890411800000E-04
   2.263842748200000E-07   1.109595125400000E-02   1.000000000000000E+00   1.000000000000000E+00   1.267698179700000E-04  -2.213475049500000E+02   8.680555684900000E+03   1.267698179700000E-04
   2.335140434800000E-07   1.126932529300000E-02   1.000000000000000E+00   1.000000000000000E+00   1.287505946800000E-04  -2.213475024000000E+02   8.680555684900000E+03   1.287505946800000E-04
   2.407543574100000E-07   1.144296791700000E-02   1.000000000000000E+00   1.000000000000000E+00   1.307273078200000E-04  -2.213474998100000E+02   8.680555684900000E+03   1.307273078200000E-04
   2.481052101600000E-07   1.161634600700000E-02   1.000000000000000E+00   1.000000000000000E+00   1.327080228000000E-04  -2.213474971900000E+02   8.680555684900000E+03   1.327080228000000E-04
   2.555665966700000E-07   1.178972408700000E-02   1.000000000000000E+00   1.000000000000000E+00   1.346887377000000E-04  -2.213474945200000E+02   8.680555684900000E+03   1.346887377000000E-04
   2.631385278300000E-07   1.196298357300000E-02   1.000000000000000E+00   1.000000000000000E+00   1.366740150600000E-04  -2.213474918100000E+02   8.680555684900000E+03   1.366740150600000E-04
   2.708209973000000E-07   1.213635991500000E-02   1.000000000000000E+00   1.000000000000000E+00   1.386547959200000E-04  -2.213474890700000E+02   8.680555684900000E+03   1.386547959200000E-04
   2.786140001200000E-07   1.230973624700000E-02   1.000000000000000E+00   1.000000000000000E+00   1.406355766900000E-04  -2.213474862800000E+02   8.680555684900000E+03   1.406355766900000E-04
   2.865175419300000E-07   1.248305169200000E-02   1.000000000000000E+00   1.000000000000000E+00   1.426161200300000E-04  -2.213474834600000E+02   8.680555684900000E+03   1.426161200300000E-04
   2.945316275800000E-07   1.265642715900000E-02   1.000000000000000E+00   1.000000000000000E+00   1.445968973400000E-04  -2.213474805900000E+02   8.680555684900000E+03   1.445968973400000E-04
   3.026562502200000E-07   1.282980261500000E-02   1.000000000000000E+00   1.000000000000000E+00   1.465776745500000E-04  -2.213474776900000E+02   8.680555684900000E+03   1.465776745500000E-04
   3.108914130100000E-07   1.300338123000000E-02   1.000000000000000E+00   1.000000000000000E+00   1.485588775300000E-04  -2.213474747500000E+02   8.680555684900000E+03   1.485588775300000E-04
   3.192371068100000E-07   1.317675937300000E-02   1.000000000000000E+00   1.000000000000000E+00   1.505396602500000E-04  -2.213474717600000E+02   8.680555684900000E+03   1.505396602500000E-04
   3.276933455700000E-07   1.335013750600000E-02   1.000000000000000E+00   1.000000000000000E+00   1.525204428700000E-04  -2.213474687400000E+02   8.680555684900000E+03   1.525204428700000E-04
   3.362601239300000E-07   1.352343685400000E-02   1.000000000000000E+00   1.000000000000000E+00   1.545007573000000E-04  -2.213474656800000E+02   8.680555684900000E+03   1.545007573000000E-04
   3.449374429800000E-07   1.369681395500000E-02   1.000000000000000E+00   1.000000000000000E+00   1.564815337300000E-04  -2.213474625800000E+02   8.680555684900000E+03   1.564815337300000E-04
   3.537252942100000E-07   1.387019104400000E-02   1.000000000000000E+00   1.000000000000000E+00   1.584623100600000E-04  -2.213474594300000E+02   8.680555684900000E+03   1.584623100600000E-04
   3.626236876400000E-07   1.404358306900000E-02   1.000000000000000E+00   1.000000000000000E+00   1.604382578400000E-04  -2.213474562500000E+02   8.680555684900000E+03   1.604382578400000E-04
   3.716326176400000E-07   1.421696032000000E-02   1.000000000000000E+00   1.000000000000000E+00   1.624189743700000E-04  -2.213474530300000E+02   8.680555684900000E+03   1.624189743700000E-04
   3.807520859400000E-07   1.439033756000000E-02   1.000000000000000E+00   1.000000000000000E+00   1.643996908000000E-04  -2.213474497700000E+02   8.680555684900000E+03   1.643996908000000E-04
   3.899820964000000E-07   1.456340360700000E-02   1.000000000000000E+00   1.000000000000000E+00   1.663805190400000E-04  -2.213474464700000E+02   8.680555684900000E+03   1.663805190400000E-04
   3.993226429500000E-07   1.473677711800000E-02   1.000000000000000E+00   1.000000000000000E+00   1.683612366000000E-04  -2.213474431400000E+02   8.680555684900000E+03   1.683612366000000E-04
   4.087737286900000E-07   1.491015061700000E-02   1.000000000000000E+00   1.000000000000000E+00   1.703419540600000E-04  -2.213474397600000E+02   8.680555684900000E+03   1.703419540600000E-04
   4.183353541500000E-07   1.508362232300000E-02   1.000000000000000E+00   1.000000000000000E+00   1.723269040200000E-04  -2.213474363400000E+02   8.680555684900000E+03   1.723269040200000E-04
   4.280075144100000E-07   1.525699692600000E-02   1.000000000000000E+00   1.000000000000000E+00   1.743076699200000E-04  -2.213474328800000E+02   8.680555684900000E+03   1.743076699200000E-04
   4.377902198000000E-07   1.543037151700000E-02   1.000000000000000E+00   1.000000000000000E+00   1.762884357100000E-04  -2.213474293900000E+02   8.680555684900000E+03   1.762884357100000E-04
   4.476834573000000E-07   1.560401743100000E-02   1.000000000000000E+00   1.000000000000000E+00   1.782710144500000E-04  -2.213474258500000E+02   8.680555684900000E+03   1.782710144500000E-04
   4.576872341500000E-07   1.577739501000000E-02   1.000000000000000E+00   1.000000000000000E+00   1.802518001700000E-04  -2.213474222800000E+02   8.680555684900000E+03   1.802518001700000E-04
   4.678015497900000E-07   1.595077257700000E-02   1.000000000000000E+00   1.000000000000000E+00   1.822325857800000E-04  -2.213474186600000E+02   8.680555684900000E+03   1.822325857800000E-04
   4.780264069000000E-07   1.612417610700000E-02   1.000000000000000E+00   1.000000000000000E+00   1.842080064100000E-04  -2.213474150000000E+02   8.680555684900000E+03   1.842080064100000E-04
   4.883618000500000E-07   1.629755392700000E-02   1.000000000000000E+00   1.000000000000000E+00   1.861887341000000E-04  -2.213474113100000E+02   8.680555684900000E+03   1.861887341000000E-04
   4.988077337100000E-07   1.647093173300000E-02   1.000000000000000E+00   1.000000000000000E+00   1.881694616900000E-04  -2.213474075800000E+02   8.680555684900000E+03   1.881694616900000E-04
   5.093641999600000E-07   1.664419924000000E-02   1.000000000000000E+00   1.000000000000000E+00   1.901499714800000E-04  -2.213474038000000E+02   8.680555684900000E+03   1.901499714800000E-04
   5.200312114300000E-07   1.681757587000000E-02   1.000000000000000E+00   1.000000000000000E+00   1.921306965700000E-04  -2.213473999900000E+02   8.680555684900000E+03   1.921306965700000E-04
   5.308087567300000E-07   1.699095248600000E-02   1.000000000000000E+00   1.000000000000000E+00   1.941114215300000E-04  -2.213473961400000E+02   8.680555684900000E+03   1.941114215300000E-04
   5.416968348000000E-07   1.716444379800000E-02   1.000000000000000E+00   1.000000000000000E+00   1.960907702900000E-04  -2.213473922500000E+02   8.680555684900000E+03   1.960907702900000E-04
   5.526954575600000E-07   1.733782154500000E-02   1.000000000000000E+00   1.000000000000000E+00   1.980714811200000E-04  -2.213473883200000E+02   8.680555684900000E+03   1.980714811200000E-04
   5.638046228200000E-07   1.751119927700000E-02   1.000000000000000E+00   1.000000000000000E+00   2.000521918200000E-04  -2.213473843400000E+02   8.680555684900000E+03   2.000521918200000E-04
   5.750243214800000E-07   1.768458494100000E-02   1.000000000000000E+00   1.000000000000000E+00   2.020404415200000E-04  -2.213473803300000E+02   8.680555684900000E+03   2.020404415200000E-04
   5.863545554500000E-07   1.785796272300000E-02   1.000000000000000E+00   1.000000000000000E+00   2.040212258900000E-04  -2.213473762800000E+02   8.680555684900000E+03   2.040212258900000E-04
   5.977953339300000E-07   1.803134048900000E-02   1.000000000000000E+00   1.000000000000000E+00   2.060020101400000E-04  -2.213473722000000E+02   8.680555684900000E+03   2.060020101400000E-04
   6.093466430200000E-07   1.820411760700000E-02   1.000000000000000E+00   1.000000000000000E+00   2.079775763800000E-04  -2.213473680700000E+02   8.680555684900000E+03   2.079775763800000E-04
   6.210084977400000E-07   1.837748962300000E-02   1.000000000000000E+00   1.000000000000000E+00   2.099583106800000E-04  -2.213473639000000E+02   8.680555684900000E+03   2.099583106800000E-04
   6.327808890600000E-07   1.855086162400000E-02   1.000000000000000E+00   1.000000000000000E+00   2.119390448500000E-04  -2.213473596900000E+02   8.680555684900000E+03   2.119390448500000E-04
   6.446638185100000E-07   1.872444674200000E-02   1.000000000000000E+00   1.000000000000000E+00   2.139216512500000E-04  -2.213473554400000E+02   8.680555684900000E+03   2.139216512500000E-04
   6.566572831100000E-07   1.889782068700000E-02   1.000000000000000E+00   1.000000000000000E+00   2.159024025000000E-04  -2.213473511500000E+02   8.680555684900000E+03   2.159024025000000E-04
   6.687612862300000E-07   1.907119461600000E-02   1.000000000000000E+00   1.000000000000000E+00   2.178831536100000E-04  -2.213473468300000E+02   8.680555684900000E+03   2.178831536100000E-04
   6.809758275900000E-07   1.924470224500000E-02   1.000000000000000E+00   1.000000000000000E+00   2.198669884300000E-04  -2.213473424600000E+02   8.680555684900000E+03   2.198669884300000E-04
   6.933009091200000E-07   1.941807734700000E-02   1.000000000000000E+00   1.000000000000000E+00   2.218477670600000E-04  -2.213473380600000E+02   8.680555684900000E+03   2.218477670600000E-04
   7.057365290600000E-07   1.959145243200000E-02   1.000000000000000E+00   1.000000000000000E+00   2.238285455500000E-04  -2.213473336100000E+02   8.680555684900000E+03   2.238285455500000E-04
   7.182826886900000E-07   1.976464953200000E-02   1.000000000000000E+00   1.000000000000000E+00   2.258089319700000E-04  -2.213473291300000E+02   8.680555684900000E+03   2.258089319700000E-04
   7.309393772600000E-07   1.993802302300000E-02   1.000000000000000E+00   1.000000000000000E+00   2.277897067500000E-04  -2.213473246000000E+02   8.680555684900000E+03   2.277897067500000E-04
   7.437066144700000E-07   2.011139649900000E-02   1.000000000000000E+00   1.000000000000000E+00   2.297704813900000E-04  -2.213473200400000E+02   8.680555684900000E+03   2.297704813900000E-04
   7.565843786400000E-07   2.028506215700000E-02   1.000000000000000E+00   1.000000000000000E+00   2.317520852100000E-04  -2.213473154400000E+02   8.680555684900000E+03   2.317520852100000E-04
   7.695726892000000E-07   2.045843809700000E-02   1.000000000000000E+00   1.000000000000000E+00   2.337328666600000E-04  -2.213473107900000E+02   8.680555684900000E+03   2.337328666600000E-04
   7.826715357000000E-07   2.063181402100000E-02   1.000000000000000E+00   1.000000000000000E+00   2.357136479600000E-04  -2.213473061100000E+02   8.680555684900000E+03   2.357136479600000E-04
   7.958809156000000E-07   2.080534003500000E-02   1.000000000000000E+00   1.000000000000000E+00   2.376926310700000E-04  -2.213473013900000E+02   8.680555684900000E+03   2.376926310700000E-04
   8.092008401100000E-07   2.097871717500000E-02   1.000000000000000E+00   1.000000000000000E+00   2.396733971000000E-04  -2.213472966300000E+02   8.680555684900000E+03   2.396733971000000E-04
   8.226312968000000E-07   2.115209429800000E-02   1.000000000000000E+00   1.000000000000000E+00   2.416541629800000E-04  -2.213472918300000E+02   8.680555684900000E+03   2.416541629800000E-04
   8.361722929800000E-07   2.132482566700000E-02   1.000000000000000E+00   1.000000000000000E+00   2.436373635200000E-04  -2.213472869900000E+02   8.680555684900000E+03   2.436373635200000E-04
   8.498238273700000E-07   2.149819750400000E-02   1.000000000000000E+00   1.000000000000000E+00   2.456181489000000E-04  -2.213472821100000E+02   8.680555684900000E+03   2.456181489000000E-04
   8.635859042600000E-07   2.167156932400000E-02   1.000000000000000E+00   1.000000000000000E+00   2.475989341300000E-04  -2.213472771900000E+02   8.680555684900000E+03   2.475989341300000E-04
   8.774585049000000E-07   2.184564467600000E-02   1.000000000000000E+00   1.000000000000000E+00   2.495783228300000E-04  -2.213472722300000E+02   8.680555684900000E+03   2.495783228300000E-04
   8.914416575500000E-07   2.201902204400000E-02   1.000000000000000E+00   1.000000000000000E+00   2.515590966700000E-04  -2.213472672300000E+02   8.680555684900000E+03   2.515590966700000E-04
   9.055353414500001E-07   2.219239939400000E-02   1.000000000000000E+00   1.000000000000000E+00   2.535398703600000E-04  -2.213472622000000E+02   8.680555684900000E+03   2.535398703600000E-04
   9.197395619400000E-07   2.236573954600000E-02   1.000000000000000E+00   1.000000000000000E+00   2.555220161500000E-04  -2.213472571200000E+02   8.680555684900000E+03   2.555220161500000E-04
   9.340543244500000E-07   2.253911657100000E-02   1.000000000000000E+00   1.000000000000000E+00   2.575028001700000E-04  -2.213472520000000E+02   8.680555684900000E+03   2.575028001700000E-04
   9.484796231600000E-07   2.271249357700000E-02   1.000000000000000E+00   1.000000000000000E+00   2.594835840200000E-04  -2.213472468500000E+02   8.680555684900000E+03   2.594835840200000E-04
   9.630154505300000E-07   2.288588383000000E-02   1.000000000000000E+00   1.000000000000000E+00   2.614636421600000E-04  -2.213472416500000E+02   8.680555684900000E+03   2.614636421600000E-04
   9.776618269300000E-07   2.305926089900000E-02   1.000000000000000E+00   1.000000000000000E+00   2.634444202000000E-04  -2.213472364200000E+02   8.680555684900000E+03   2.634444202000000E-04
   9.924187361200000E-07   2.323263795000000E-02   1.000000000000000E+00   1.000000000000000E+00   2.654251980800000E-04  -2.213472311400000E+02   8.680555684900000E+03   2.654251980800000E-04
   1.007286185100000E-06   2.340602513600000E-02   1.000000000000000E+00   1.000000000000000E+00   2.673953056600000E-04  -2.213472258300000E+02   8.680555684900000E+03   2.673953056600000E-04
   1.022264165000000E-06   2.357940222300000E-02   1.000000000000000E+00   1.000000000000000E+00   2.693760041700000E-04  -2.213472204800000E+02   8.680555684900000E+03   2.693760041700000E-04
   1.037352688900000E-06   2.375277929000000E-02   1.000000000000000E+00   1.000000000000000E+00   2.713567025200000E-04  -2.213472150800000E+02   8.680555684900000E+03   2.713567025200000E-04
   1.052551753700000E-06   2.392613022900000E-02   1.000000000000000E+00   1.000000000000000E+00   2.733488671600000E-04  -2.213472096500000E+02   8.680555684900000E+03   2.733488671600000E-04
   1.067861349700000E-06   2.409950706900000E-02   1.000000000000000E+00   1.000000000000000E+00   2.753296482600000E-04  -2.213472041800000E+02   8.680555684900000E+03   2.753296482600000E-04
   1.083281484700000E-06   2.427288388900000E-02   1.000000000000000E+00   1.000000000000000E+00   2.773104292000000E-04  -2.213471986700000E+02   8.680555684900000E+03   2.773104292000000E-04
   1.098812153500000E-06   2.444630393400000E-02   1.000000000000000E+00   1.000000000000000E+00   2.792853148100000E-04  -2.213471931200000E+02   8.680555684900000E+03   2.792853148100000E-04
   1.114453362700000E-06   2.461968102000000E-02   1.000000000000000E+00   1.000000000000000E+00   2.812660536000000E-04  -2.213471875200000E+02   8.680555684900000E+03   2.812660536000000E-04
   1.130205109900000E-06   2.479305808600000E-02   1.000000000000000E+00   1.000000000000000E+00   2.832467922100000E-04  -2.213471818900000E+02   8.680555684900000E+03   2.832467922100000E-04
   1.146067388900000E-06   2.496612816500000E-02   1.000000000000000E+00   1.000000000000000E+00   2.852276455000000E-04  -2.213471762200000E+02   8.680555684900000E+03   2.852276455000000E-04
   1.162040212100000E-06   2.513950305700000E-02   1.000000000000000E+00   1.000000000000000E+00   2.872083845700000E-04  -2.213471705100000E+02   8.680555684900000E+03   2.872083845700000E-04
   1.178123565600000E-06   2.531287792900000E-02   1.000000000000000E+00   1.000000000000000E+00   2.891891234500000E-04  -2.213471647600000E+02   8.680555684900000E+03   2.891891234500000E-04
   1.194317457400000E-06   2.548620531400000E-02   1.000000000000000E+00   1.000000000000000E+00   2.911762348400000E-04  -2.213471589800000E+02   8.680555684900000E+03   2.911762348400000E-04
   1.210621892100000E-06   2.565957982100000E-02   1.000000000000000E+00   1.000000000000000E+00   2.931570167200000E-04  -2.213471531500000E+02   8.680555684900000E+03   2.931570167200000E-04
   1.227036856200000E-06   2.583295430700000E-02   1.000000000000000E+00   1.000000000000000E+00   2.951377984300000E-04  -2.213471472800000E+02   8.680555684900000E+03   2.951377984300000E-04
   1.243562365200000E-06   2.600658972100000E-02   1.000000000000000E+00   1.000000000000000E+00   2.971173171900000E-04  -2.213471413800000E+02   8.680555684900000E+03   2.971173171900000E-04
   1.260198405600000E-06   2.617996590500000E-02   1.000000000000000E+00   1.000000000000000E+00   2.990980901200000E-04  -2.213471354300000E+02   8.680555684900000E+03   2.990980901200000E-04
   1.276944985500000E-06   2.635334206700000E-02   1.000000000000000E+00   1.000000000000000E+00   3.010788628600000E-04  -2.213471294400000E+02   8.680555684900000E+03   3.010788628600000E-04
   1.293802102300000E-06   2.652683319500000E-02   1.000000000000000E+00   1.000000000000000E+00   3.030584984100000E-04  -2.213471234200000E+02   8.680555684900000E+03   3.030584984100000E-04
   1.310769753900000E-06   2.670021006500000E-02   1.000000000000000E+00   1.000000000000000E+00   3.050392633500000E-04  -2.213471173500000E+02   8.680555684900000E+03   3.050392633500000E-04
   1.327847941900000E-06   2.687358691300000E-02   1.000000000000000E+00   1.000000000000000E+00   3.070200281000000E-04  -2.213471112500000E+02   8.680555684900000E+03   3.070200281000000E-04
   1.345036672100000E-06   2.704661303500000E-02   1.000000000000000E+00   1.000000000000000E+00   3.090024415200000E-04  -2.213471051000000E+02   8.680555684900000E+03   3.090024415200000E-04
   1.362335932600000E-06   2.721998758900000E-02   1.000000000000000E+00   1.000000000000000E+00   3.109832164700000E-04  -2.213470989200000E+02   8.680555684900000E+03   3.109832164700000E-04
   1.379745733100000E-06   2.739336212200000E-02   1.000000000000000E+00   1.000000000000000E+00   3.129639912200000E-04  -2.213470927000000E+02   8.680555684900000E+03   3.129639912200000E-04
   1.397266071200000E-06   2.756678921600000E-02   1.000000000000000E+00   1.000000000000000E+00   3.149340414600000E-04  -2.213470864300000E+02   8.680555684900000E+03   3.149340414600000E-04
   1.414896943700000E-06   2.774016403500000E-02   1.000000000000000E+00   1.000000000000000E+00   3.169147483800000E-04  -2.213470801300000E+02   8.680555684900000E+03   3.169147483800000E-04
   1.432638349800000E-06   2.791353883200000E-02   1.000000000000000E+00   1.000000000000000E+00   3.188954551000000E-04  -2.213470737900000E+02   8.680555684900000E+03   3.188954551000000E-04
   1.450490294900000E-06   2.808692510900000E-02   1.000000000000000E+00   1.000000000000000E+00   3.208853984200000E-04  -2.213470674100000E+02   8.680555684900000E+03   3.208853984200000E-04
   1.468452783200000E-06   2.826029992900000E-02   1.000000000000000E+00   1.000000000000000E+00   3.228661617800000E-04  -2.213470609900000E+02   8.680555684900000E+03   3.228661617800000E-04
   1.486525798000000E-06   2.843367472500000E-02   1.000000000000000E+00   1.000000000000000E+00   3.248469249300000E-04  -2.213470545300000E+02   8.680555684900000E+03   3.248469249300000E-04
   1.504709353700000E-06   2.860673081600000E-02   1.000000000000000E+00   1.000000000000000E+00   3.268274350200000E-04  -2.213470480300000E+02   8.680555684900000E+03   3.268274350200000E-04
   1.523003448000000E-06   2.878010363400000E-02   1.000000000000000E+00   1.000000000000000E+00   3.288081962500000E-04  -2.213470414900000E+02   8.680555684900000E+03   3.288081962500000E-04
   1.541408079800000E-06   2.895347642800000E-02   1.000000000000000E+00   1.000000000000000E+00   3.307889572700000E-04  -2.213470349100000E+02   8.680555684900000E+03   3.307889572700000E-04
   1.559923240500000E-06   2.912669523600000E-02   1.000000000000000E+00   1.000000000000000E+00   3.327663344000000E-04  -2.213470282900000E+02   8.680555684900000E+03   3.327663344000000E-04
   1.578548945600000E-06   2.930006706900000E-02   1.000000000000000E+00   1.000000000000000E+00   3.347470748800000E-04  -2.213470216400000E+02   8.680555684900000E+03   3.347470748800000E-04
   1.597285183800000E-06   2.947343887700000E-02   1.000000000000000E+00   1.000000000000000E+00   3.367278151500000E-04  -2.213470149400000E+02   8.680555684900000E+03   3.367278151500000E-04
   1.616131959100000E-06   2.964729200000000E-02   1.000000000000000E+00   1.000000000000000E+00   3.387136265300000E-04  -2.213470082100000E+02   8.680555684900000E+03   3.387136265300000E-04
   1.635089265000000E-06   2.982066657500000E-02   1.000000000000000E+00   1.000000000000000E+00   3.406943960400000E-04  -2.213470014300000E+02   8.680555684900000E+03   3.406943960400000E-04
   1.654157110700000E-06   2.999404112400000E-02   1.000000000000000E+00   1.000000000000000E+00   3.426751653500000E-04  -2.213469946200000E+02   8.680555684900000E+03   3.426751653500000E-04
   1.673335497300000E-06   3.016774019500000E-02   1.000000000000000E+00   1.000000000000000E+00   3.446538402800000E-04  -2.213469877600000E+02   8.680555684900000E+03   3.446538402800000E-04
   1.692624417900000E-06   3.034111656000000E-02   1.000000000000000E+00   1.000000000000000E+00   3.466345971300000E-04  -2.213469808600000E+02   8.680555684900000E+03   3.466345971300000E-04
   1.712023868600000E-06   3.051449289900000E-02   1.000000000000000E+00   1.000000000000000E+00   3.486153537600000E-04  -2.213469739300000E+02   8.680555684900000E+03   3.486153537600000E-04
   1.731533863500000E-06   3.068751256300000E-02   1.000000000000000E+00   1.000000000000000E+00   3.505902143000000E-04  -2.213469669500000E+02   8.680555684900000E+03   3.505902143000000E-04
   1.751154389500000E-06   3.086088683800000E-02   1.000000000000000E+00   1.000000000000000E+00   3.525709372000000E-04  -2.213469599400000E+02   8.680555684900000E+03   3.525709372000000E-04
   1.770885454900000E-06   3.103426108800000E-02   1.000000000000000E+00   1.000000000000000E+00   3.545516598800000E-04  -2.213469528900000E+02   8.680555684900000E+03   3.545516598800000E-04
   1.790727052800000E-06   3.120797315700000E-02   1.000000000000000E+00   1.000000000000000E+00   3.565263411700000E-04  -2.213469458000000E+02   8.680555684900000E+03   3.565263411700000E-04
   1.810679191200000E-06   3.138134923100000E-02   1.000000000000000E+00   1.000000000000000E+00   3.585070298500000E-04  -2.213469386600000E+02   8.680555684900000E+03   3.585070298500000E-04
   1.830741856000000E-06   3.155472527900000E-02   1.000000000000000E+00   1.000000000000000E+00   3.604877183100000E-04  -2.213469314900000E+02   8.680555684900000E+03   3.604877183100000E-04
   1.850915063100000E-06   3.172751933900000E-02   1.000000000000000E+00   1.000000000000000E+00   3.624828863600000E-04  -2.213469242800000E+02   8.680555684900000E+03   3.624828863600000E-04
   1.871198811800000E-06   3.190089215400000E-02   1.000000000000000E+00   1.000000000000000E+00   3.644636535100000E-04  -2.213469170300000E+02   8.680555684900000E+03   3.644636535100000E-04
   1.891593085600000E-06   3.207426494300000E-02   1.000000000000000E+00   1.000000000000000E+00   3.664444204300000E-04  -2.213469097400000E+02   8.680555684900000E+03   3.664444204300000E-04
   1.912097900400000E-06   3.224773760200000E-02   1.000000000000000E+00   1.000000000000000E+00   3.684235607400000E-04  -2.213469024100000E+02   8.680555684900000E+03   3.684235607400000E-04
   1.932713254000000E-06   3.242111087700000E-02   1.000000000000000E+00   1.000000000000000E+00   3.704043184700000E-04  -2.213468950500000E+02   8.680555684900000E+03   3.704043184700000E-04
   1.953439138800000E-06   3.259448412600000E-02   1.000000000000000E+00   1.000000000000000E+00   3.723850759700000E-04  -2.213468876400000E+02   8.680555684900000E+03   3.723850759700000E-04
   1.974275557500000E-06   3.276830259600000E-02   1.000000000000000E+00   1.000000000000000E+00   3.743552401800000E-04  -2.213468801900000E+02   8.680555684900000E+03   3.743552401800000E-04
   1.995222517300000E-06   3.294167814600000E-02   1.000000000000000E+00   1.000000000000000E+00   3.763359411800000E-04  -2.213468727000000E+02   8.680555684900000E+03   3.763359411800000E-04
   2.016280009600000E-06   3.311505366900000E-02   1.000000000000000E+00   1.000000000000000E+00   3.783166419400000E-04  -2.213468651700000E+02   8.680555684900000E+03   3.783166419400000E-04
   2.037448033000000E-06   3.328846715700000E-02   1.000000000000000E+00   1.000000000000000E+00   3.803080356500000E-04  -2.213468576100000E+02   8.680555684900000E+03   3.803080356500000E-04
   2.058726596400000E-06   3.346184282300000E-02   1.000000000000000E+00   1.000000000000000E+00   3.822887916400000E-04  -2.213468500000000E+02   8.680555684900000E+03   3.822887916400000E-04
   2.080115699000000E-06   3.363521846100000E-02   1.000000000000000E+00   1.000000000000000E+00   3.842695474000000E-04  -2.213468423600000E+02   8.680555684900000E+03   3.842695474000000E-04
   2.101615331000000E-06   3.380802312600000E-02   1.000000000000000E+00   1.000000000000000E+00   3.862365164400000E-04  -2.213468346700000E+02   8.680555684900000E+03   3.862365164400000E-04
   2.123225502900000E-06   3.398139578300000E-02   1.000000000000000E+00   1.000000000000000E+00   3.882172010300000E-04  -2.213468269500000E+02   8.680555684900000E+03   3.882172010300000E-04
   2.144946208100000E-06   3.415476841100000E-02   1.000000000000000E+00   1.000000000000000E+00   3.901978853800000E-04  -2.213468191800000E+02   8.680555684900000E+03   3.901978853800000E-04
   2.166777444000000E-06   3.432858180900000E-02   1.000000000000000E+00   1.000000000000000E+00   3.921842492800000E-04  -2.213468113800000E+02   8.680555684900000E+03   3.921842492800000E-04
   2.188719222100000E-06   3.450195660600000E-02   1.000000000000000E+00   1.000000000000000E+00   3.941649618300000E-04  -2.213468035400000E+02   8.680555684900000E+03   3.941649618300000E-04
   2.210771532800000E-06   3.467533137500000E-02   1.000000000000000E+00   1.000000000000000E+00   3.961456741500000E-04  -2.213467956600000E+02   8.680555684900000E+03   3.961456741500000E-04
   2.232934380500000E-06   3.484858863900000E-02   1.000000000000000E+00   1.000000000000000E+00   3.981381681700000E-04  -2.213467877300000E+02   8.680555684900000E+03   3.981381681700000E-04
   2.255207758000000E-06   3.502196276600000E-02   1.000000000000000E+00   1.000000000000000E+00   4.001189386200000E-04  -2.213467797700000E+02   8.680555684900000E+03   4.001189386200000E-04
   2.277591673500000E-06   3.519533686500000E-02   1.000000000000000E+00   1.000000000000000E+00   4.020997088200000E-04  -2.213467717700000E+02   8.680555684900000E+03   4.020997088200000E-04
   2.300086126000000E-06   3.536840249500000E-02   1.000000000000000E+00   1.000000000000000E+00   4.040657998200000E-04  -2.213467637300000E+02   8.680555684900000E+03   4.040657998200000E-04
   2.322691110700000E-06   3.554177502400000E-02   1.000000000000000E+00   1.000000000000000E+00   4.060464975700000E-04  -2.213467556500000E+02   8.680555684900000E+03   4.060464975700000E-04
   2.345406627400000E-06   3.571514752400000E-02   1.000000000000000E+00   1.000000000000000E+00   4.080271950700000E-04  -2.213467475300000E+02   8.680555684900000E+03   4.080271950700000E-04
   2.368232682700000E-06   3.588817526800000E-02   1.000000000000000E+00   1.000000000000000E+00   4.100221203200000E-04  -2.213467393800000E+02   8.680555684900000E+03   4.100221203200000E-04
   2.391169274800000E-06   3.606154604000000E-02   1.000000000000000E+00   1.000000000000000E+00   4.120028860600000E-04  -2.213467311800000E+02   8.680555684900000E+03   4.120028860600000E-04
   2.414216398300000E-06   3.623491678300000E-02   1.000000000000000E+00   1.000000000000000E+00   4.139836515400000E-04  -2.213467229400000E+02   8.680555684900000E+03   4.139836515400000E-04
   2.437374062900000E-06   3.640772396300000E-02   1.000000000000000E+00   1.000000000000000E+00   4.159618269700000E-04  -2.213467146600000E+02   8.680555684900000E+03   4.159618269700000E-04
   2.460642253400000E-06   3.658109196700000E-02   1.000000000000000E+00   1.000000000000000E+00   4.179425796100000E-04  -2.213467063500000E+02   8.680555684900000E+03   4.179425796100000E-04
   2.484020988400000E-06   3.675445994000000E-02   1.000000000000000E+00   1.000000000000000E+00   4.199233320000000E-04  -2.213466979900000E+02   8.680555684900000E+03   4.199233320000000E-04
   2.507510249000000E-06   3.692867290100000E-02   1.000000000000000E+00   1.000000000000000E+00   4.219070024600000E-04  -2.213466895900000E+02   8.680555684900000E+03   4.219070024600000E-04
   2.531110048000000E-06   3.710204478100000E-02   1.000000000000000E+00   1.000000000000000E+00   4.238877680400000E-04  -2.213466811600000E+02   8.680555684900000E+03   4.238877680400000E-04
   2.554820379700000E-06   3.727541662900000E-02   1.000000000000000E+00   1.000000000000000E+00   4.258685333500000E-04  -2.213466726800000E+02   8.680555684900000E+03   4.258685333500000E-04
   2.578641247600000E-06   3.744935144900000E-02   1.000000000000000E+00   1.000000000000000E+00   4.278422957900000E-04  -2.213466641700000E+02   8.680555684900000E+03   4.278422957900000E-04
   2.602572652800000E-06   3.762272584200000E-02   1.000000000000000E+00   1.000000000000000E+00   4.298230281600000E-04  -2.213466556100000E+02   8.680555684900000E+03   4.298230281600000E-04
   2.626614589000000E-06   3.779610020400000E-02   1.000000000000000E+00   1.000000000000000E+00   4.318037602600000E-04  -2.213466470200000E+02   8.680555684900000E+03   4.318037602600000E-04
   2.650767061000000E-06   3.796891230800000E-02   1.000000000000000E+00   1.000000000000000E+00   4.337917271000000E-04  -2.213466383900000E+02   8.680555684900000E+03   4.337917271000000E-04
   2.675030066600000E-06   3.814228403700000E-02   1.000000000000000E+00   1.000000000000000E+00   4.357724917100000E-04  -2.213466297200000E+02   8.680555684900000E+03   4.357724917100000E-04
   2.699403605000000E-06   3.831565573600000E-02   1.000000000000000E+00   1.000000000000000E+00   4.377532560500000E-04  -2.213466210100000E+02   8.680555684900000E+03   4.377532560500000E-04
   2.723887677900000E-06   3.848964244800000E-02   1.000000000000000E+00   1.000000000000000E+00   4.397231480300000E-04  -2.213466122500000E+02   8.680555684900000E+03   4.397231480300000E-04
   2.748482290000000E-06   3.866301685600000E-02   1.000000000000000E+00   1.000000000000000E+00   4.417038628700000E-04  -2.213466034600000E+02   8.680555684900000E+03   4.417038628700000E-04
   2.773187429100000E-06   3.883639123200000E-02   1.000000000000000E+00   1.000000000000000E+00   4.436845774300000E-04  -2.213465946300000E+02   8.680555684900000E+03   4.436845774300000E-04
   2.798003103600000E-06   3.900987494800000E-02   1.000000000000000E+00   1.000000000000000E+00   4.456760117200000E-04  -2.213465857600000E+02   8.680555684900000E+03   4.456760117200000E-04
   2.822929316800000E-06   3.918324974600000E-02   1.000000000000000E+00   1.000000000000000E+00   4.476567733900000E-04  -2.213465768500000E+02   8.680555684900000E+03   4.476567733900000E-04
   2.847966058500000E-06   3.935662451100000E-02   1.000000000000000E+00   1.000000000000000E+00   4.496375347800000E-04  -2.213465679000000E+02   8.680555684900000E+03   4.496375347800000E-04
   2.873113337500000E-06   3.953002067000000E-02   1.000000000000000E+00   1.000000000000000E+00   4.516150673600000E-04  -2.213465589100000E+02   8.680555684900000E+03   4.516150673600000E-04
   2.898371150100000E-06   3.970339546500000E-02   1.000000000000000E+00   1.000000000000000E+00   4.535958140400000E-04  -2.213465498800000E+02   8.680555684900000E+03   4.535958140400000E-04
   2.923739496300000E-06   3.987677022700000E-02   1.000000000000000E+00   1.000000000000000E+00   4.555765604400000E-04  -2.213465408200000E+02   8.680555684900000E+03   4.555765604400000E-04
   2.949218377600000E-06   4.005013690800000E-02   1.000000000000000E+00   1.000000000000000E+00   4.575584610300000E-04  -2.213465317100000E+02   8.680555684900000E+03   4.575584610300000E-04
   2.974807789600000E-06   4.022351157000000E-02   1.000000000000000E+00   1.000000000000000E+00   4.595392118700000E-04  -2.213465225600000E+02   8.680555684900000E+03   4.595392118700000E-04
   3.000507736900000E-06   4.039688619800000E-02   1.000000000000000E+00   1.000000000000000E+00   4.615199624300000E-04  -2.213465133800000E+02   8.680555684900000E+03   4.615199624300000E-04
   3.026318220700000E-06   4.057026560600000E-02   1.000000000000000E+00   1.000000000000000E+00   4.634843323500000E-04  -2.213465041500000E+02   8.680555684900000E+03   4.634843323500000E-04
   3.052239237100000E-06   4.074364018800000E-02   1.000000000000000E+00   1.000000000000000E+00   4.654650123400000E-04  -2.213464948900000E+02   8.680555684900000E+03   4.654650123400000E-04
   3.078270786800000E-06   4.091701473600000E-02   1.000000000000000E+00   1.000000000000000E+00   4.674456920500000E-04  -2.213464855800000E+02   8.680555684900000E+03   4.674456920500000E-04
   3.104412862900000E-06   4.109027865300000E-02   1.000000000000000E+00   1.000000000000000E+00   4.694456861900000E-04  -2.213464762400000E+02   8.680555684900000E+03   4.694456861900000E-04
   3.130665479600000E-06   4.126365266600000E-02   1.000000000000000E+00   1.000000000000000E+00   4.714264468100000E-04  -2.213464668500000E+02   8.680555684900000E+03   4.714264468100000E-04
   3.157028629700000E-06   4.143702664500000E-02   1.000000000000000E+00   1.000000000000000E+00   4.734072071500000E-04  -2.213464574300000E+02   8.680555684900000E+03   4.734072071500000E-04
   3.183502309200000E-06   4.161028536800000E-02   1.000000000000000E+00   1.000000000000000E+00   4.753824195000000E-04  -2.213464479700000E+02   8.680555684900000E+03   4.753824195000000E-04
   3.210086527300000E-06   4.178365879800000E-02   1.000000000000000E+00   1.000000000000000E+00   4.773631561500000E-04  -2.213464384600000E+02   8.680555684900000E+03   4.773631561500000E-04
   3.236781275700000E-06   4.195703219400000E-02   1.000000000000000E+00   1.000000000000000E+00   4.793438925000000E-04  -2.213464289200000E+02   8.680555684900000E+03   4.793438925000000E-04
   3.263586555700000E-06   4.213054823600000E-02   1.000000000000000E+00   1.000000000000000E+00   4.813202281800000E-04  -2.213464193400000E+02   8.680555684900000E+03   4.813202281800000E-04
   3.290502369700000E-06   4.230392215200000E-02   1.000000000000000E+00   1.000000000000000E+00   4.833009458300000E-04  -2.213464097200000E+02   8.680555684900000E+03   4.833009458300000E-04
   3.317528720700000E-06   4.247729603300000E-02   1.000000000000000E+00   1.000000000000000E+00   4.852816631900000E-04  -2.213464000600000E+02   8.680555684900000E+03   4.852816631900000E-04
   3.344665605700000E-06   4.265070346100000E-02   1.000000000000000E+00   1.000000000000000E+00   4.872594354200000E-04  -2.213463903700000E+02   8.680555684900000E+03   4.872594354200000E-04
   3.371913018600000E-06   4.282407740800000E-02   1.000000000000000E+00   1.000000000000000E+00   4.892401402100000E-04  -2.213463806300000E+02   8.680555684900000E+03   4.892401402100000E-04
   3.399270964000000E-06   4.299745132000000E-02   1.000000000000000E+00   1.000000000000000E+00   4.912208447000001E-04  -2.213463708500000E+02   8.680555684900000E+03   4.912208447000001E-04
   3.426739447400000E-06   4.317089051800000E-02   1.000000000000000E+00   1.000000000000000E+00   4.931959945400000E-04  -2.213463610200000E+02   8.680555684900000E+03   4.931959945400000E-04
   3.454318456800000E-06   4.334426462100000E-02   1.000000000000000E+00   1.000000000000000E+00   4.951766761200000E-04  -2.213463511700000E+02   8.680555684900000E+03   4.951766761200000E-04
   3.482008006000000E-06   4.351763868800000E-02   1.000000000000000E+00   1.000000000000000E+00   4.971573574000000E-04  -2.213463412700000E+02   8.680555684900000E+03   4.971573574000000E-04
   3.509808087400000E-06   4.369099684200000E-02   1.000000000000000E+00   1.000000000000000E+00   4.991568046100000E-04  -2.213463313400000E+02   8.680555684900000E+03   4.991568046100000E-04
   3.537718694100000E-06   4.386437077400000E-02   1.000000000000000E+00   1.000000000000000E+00   5.011375597500000E-04  -2.213463213600000E+02   8.680555684900000E+03   5.011375597500000E-04
   3.565739838300000E-06   4.403774467000000E-02   1.000000000000000E+00   1.000000000000000E+00   5.031183145800000E-04  -2.213463113400000E+02   8.680555684900000E+03   5.031183145800000E-04
   3.593871516300000E-06   4.421106954300000E-02   1.000000000000000E+00   1.000000000000000E+00   5.050926765200000E-04  -2.213463012900000E+02   8.680555684900000E+03   5.050926765200000E-04
   3.622113727100000E-06   4.438444317600000E-02   1.000000000000000E+00   1.000000000000000E+00   5.070734056600000E-04  -2.213462911900000E+02   8.680555684900000E+03   5.070734056600000E-04
   3.650466468200000E-06   4.455781677200000E-02   1.000000000000000E+00   1.000000000000000E+00   5.090541345000000E-04  -2.213462810600000E+02   8.680555684900000E+03   5.090541345000000E-04
   3.678929747000000E-06   4.472923776000000E-02   1.000000000000000E+00   1.000000000000000E+00   5.110397782600000E-04  -2.213462708900000E+02   8.680555684900000E+03   5.110397782600000E-04
   3.707503553600000E-06   4.490260371700000E-02   1.000000000000000E+00   1.000000000000000E+00   5.130205255100000E-04  -2.213462606700000E+02   8.680555684900000E+03   5.130205255100000E-04
   3.736187892700000E-06   4.507596963800000E-02   1.000000000000000E+00   1.000000000000000E+00   5.150012724600000E-04  -2.213462504200000E+02   8.680555684900000E+03   5.150012724600000E-04
   3.764982760000000E-06   4.525136344100000E-02   1.000000000000000E+00   1.000000000000000E+00   5.169838729400000E-04  -2.213462401200000E+02   8.680555684900000E+03   5.169838729400000E-04
   3.793888168700000E-06   4.542473705300000E-02   1.000000000000000E+00   1.000000000000000E+00   5.189646263600000E-04  -2.213462297900000E+02   8.680555684900000E+03   5.189646263600000E-04
   3.822904100100000E-06   4.559811062800000E-02   1.000000000000000E+00   1.000000000000000E+00   5.209453794500000E-04  -2.213462194200000E+02   8.680555684900000E+03   5.209453794500000E-04
   3.852030570000000E-06   4.577121224400000E-02   1.000000000000000E+00   1.000000000000000E+00   5.229090784600000E-04  -2.213462090100000E+02   8.680555684900000E+03   5.229090784600000E-04
   3.881267569000000E-06   4.594458471200000E-02   1.000000000000000E+00   1.000000000000000E+00   5.248897663200000E-04  -2.213461985600000E+02   8.680555684900000E+03   5.248897663200000E-04
   3.910615103100000E-06   4.611795714200000E-02   1.000000000000000E+00   1.000000000000000E+00   5.268704538600000E-04  -2.213461880700000E+02   8.680555684900000E+03   5.268704538600000E-04
   3.940073167600000E-06   4.629141831200000E-02   1.000000000000000E+00   1.000000000000000E+00   5.288453866900000E-04  -2.213461775400000E+02   8.680555684900000E+03   5.288453866900000E-04
   3.969641762000000E-06   4.646479100200000E-02   1.000000000000000E+00   1.000000000000000E+00   5.308260520300000E-04  -2.213461669700000E+02   8.680555684900000E+03   5.308260520300000E-04
   3.999320891000000E-06   4.663816365300000E-02   1.000000000000000E+00   1.000000000000000E+00   5.328067170500000E-04  -2.213461563600000E+02   8.680555684900000E+03   5.328067170500000E-04
   4.029110551000000E-06   4.681173912800000E-02   1.000000000000000E+00   1.000000000000000E+00   5.348040314300000E-04  -2.213461457200000E+02   8.680555684900000E+03   5.348040314300000E-04
   4.059010742100000E-06   4.698511245300000E-02   1.000000000000000E+00   1.000000000000000E+00   5.367847574600000E-04  -2.213461350300000E+02   8.680555684900000E+03   5.367847574600000E-04
   4.089021468000000E-06   4.715848573800000E-02   1.000000000000000E+00   1.000000000000000E+00   5.387654831600000E-04  -2.213461243100000E+02   8.680555684900000E+03   5.387654831600000E-04
   4.119142718900000E-06   4.733185121100000E-02   1.000000000000000E+00   1.000000000000000E+00   5.407475323500000E-04  -2.213461135300000E+02   8.680555684900000E+03   5.407475323500000E-04
   4.149374506400000E-06   4.750522439000000E-02   1.000000000000000E+00   1.000000000000000E+00   5.427282622400000E-04  -2.213461027300000E+02   8.680555684900000E+03   5.427282622400000E-04
   4.179716824800000E-06   4.767859753000000E-02   1.000000000000000E+00   1.000000000000000E+00   5.447089917900000E-04  -2.213460918800000E+02   8.680555684900000E+03   5.447089917900000E-04
   4.210169675800000E-06   4.785145608100000E-02   1.000000000000000E+00   1.000000000000000E+00   5.466860291500000E-04  -2.213460810000000E+02   8.680555684900000E+03   5.466860291500000E-04
   4.240733057700000E-06   4.802482728000000E-02   1.000000000000000E+00   1.000000000000000E+00   5.486667446600000E-04  -2.213460700800000E+02   8.680555684900000E+03   5.486667446600000E-04
   4.271406972500000E-06   4.819819844000000E-02   1.000000000000000E+00   1.000000000000000E+00   5.506474598300000E-04  -2.213460591200000E+02   8.680555684900000E+03   5.506474598300000E-04
   4.302191414000000E-06   4.837131860700000E-02   1.000000000000000E+00   1.000000000000000E+00   5.526307544700000E-04  -2.213460481100000E+02   8.680555684900000E+03   5.526307544700000E-04
   4.333086388200000E-06   4.854468878900000E-02   1.000000000000000E+00   1.000000000000000E+00   5.546114782100000E-04  -2.213460370600000E+02   8.680555684900000E+03   5.546114782100000E-04
   4.364091900400000E-06   4.871805893000000E-02   1.000000000000000E+00   1.000000000000000E+00   5.565922016100000E-04  -2.213460259800000E+02   8.680555684900000E+03   5.565922016100000E-04
   4.395207937000000E-06   4.889217950800000E-02   1.000000000000000E+00   1.000000000000000E+00   5.585583822400000E-04  -2.213460148600000E+02   8.680555684900000E+03   5.585583822400000E-04
   4.426434500600000E-06   4.906555222800000E-02   1.000000000000000E+00   1.000000000000000E+00   5.605390533900000E-04  -2.213460037000000E+02   8.680555684900000E+03   5.605390533900000E-04
   4.457771599200000E-06   4.923892490800000E-02   1.000000000000000E+00   1.000000000000000E+00   5.625197242000000E-04  -2.213459925000000E+02   8.680555684900000E+03   5.625197242000000E-04
   4.489219232600000E-06   4.941134673500000E-02   1.000000000000000E+00   1.000000000000000E+00   5.645118201600000E-04  -2.213459812600000E+02   8.680555684900000E+03   5.645118201600000E-04
   4.520777396100000E-06   4.958471599400000E-02   1.000000000000000E+00   1.000000000000000E+00   5.664925303700000E-04  -2.213459699800000E+02   8.680555684900000E+03   5.664925303700000E-04
   4.552446085500000E-06   4.975808521200000E-02   1.000000000000000E+00   1.000000000000000E+00   5.684732402300000E-04  -2.213459586600000E+02   8.680555684900000E+03   5.684732402300000E-04
   4.584225307000000E-06   4.993137200800000E-02   1.000000000000000E+00   1.000000000000000E+00   5.704577372500000E-04  -2.213459473000000E+02   8.680555684900000E+03   5.704577372500000E-04
   4.616115061800000E-06   5.010474086500000E-02   1.000000000000000E+00   1.000000000000000E+00   5.724384595600000E-04  -2.213459359000000E+02   8.680555684900000E+03   5.724384595600000E-04
   4.648115349500000E-06   5.027810968000000E-02   1.000000000000000E+00   1.000000000000000E+00   5.744191815300000E-04  -2.213459244700000E+02   8.680555684900000E+03   5.744191815300000E-04
   4.680226161400000E-06   5.045244085700000E-02   1.000000000000000E+00   1.000000000000000E+00   5.763916218800000E-04  -2.213459129900000E+02   8.680555684900000E+03   5.763916218800000E-04
   4.712447509300000E-06   5.062581289400000E-02   1.000000000000000E+00   1.000000000000000E+00   5.783723146800000E-04  -2.213459014700000E+02   8.680555684900000E+03   5.783723146800000E-04
   4.744779388700000E-06   5.079918489000000E-02   1.000000000000000E+00   1.000000000000000E+00   5.803530071300000E-04  -2.213458899100000E+02   8.680555684900000E+03   5.803530071300000E-04
   4.777221790500000E-06   5.097147052500000E-02   1.000000000000000E+00   1.000000000000000E+00   5.823225815400000E-04  -2.213458783100000E+02   8.680555684900000E+03   5.823225815400000E-04
   4.809774727300000E-06   5.114483873700000E-02   1.000000000000000E+00   1.000000000000000E+00   5.843032354600000E-04  -2.213458666800000E+02   8.680555684900000E+03   5.843032354600000E-04
   4.842438195400000E-06   5.131820690700000E-02   1.000000000000000E+00   1.000000000000000E+00   5.862838890200000E-04  -2.213458550000000E+02   8.680555684900000E+03   5.862838890200000E-04
   4.875212190700000E-06   5.149048068500000E-02   1.000000000000000E+00   1.000000000000000E+00   5.882685350800000E-04  -2.213458432900000E+02   8.680555684900000E+03   5.882685350800000E-04
   4.908096722000000E-06   5.166384509500000E-02   1.000000000000000E+00   1.000000000000000E+00   5.902492013700000E-04  -2.213458315300000E+02   8.680555684900000E+03   5.902492013700000E-04
   4.941091778100000E-06   5.183720946200000E-02   1.000000000000000E+00   1.000000000000000E+00   5.922298672900000E-04  -2.213458197400000E+02   8.680555684900000E+03   5.922298672900000E-04
   4.974197366400000E-06   5.201292044200000E-02   1.000000000000000E+00   1.000000000000000E+00   5.942240174600000E-04  -2.213458079100000E+02   8.680555684900000E+03   5.942240174600000E-04
   5.007413480200000E-06   5.218629254000000E-02   1.000000000000000E+00   1.000000000000000E+00   5.962047276000000E-04  -2.213457960400000E+02   8.680555684900000E+03   5.962047276000000E-04
   5.040740133300000E-06   5.235966459600000E-02   1.000000000000000E+00   1.000000000000000E+00   5.981854373800000E-04  -2.213457841200000E+02   8.680555684900000E+03   5.981854373800000E-04
   5.074177307100000E-06   5.253301375400000E-02   1.000000000000000E+00   1.000000000000000E+00   6.001720587200001E-04  -2.213457721800000E+02   8.680555684900000E+03   6.001720587200001E-04
   5.107725017000000E-06   5.270638564800000E-02   1.000000000000000E+00   1.000000000000000E+00   6.021527872800000E-04  -2.213457601800000E+02   8.680555684900000E+03   6.021527872800000E-04
   5.141383251600000E-06   5.287975749900000E-02   1.000000000000000E+00   1.000000000000000E+00   6.041335154700000E-04  -2.213457481500000E+02   8.680555684900000E+03   6.041335154700000E-04
   5.175152020200000E-06   5.305225238900000E-02   1.000000000000000E+00   1.000000000000000E+00   6.061057865700000E-04  -2.213457360800000E+02   8.680555684900000E+03   6.061057865700000E-04
   5.209031320200000E-06   5.322562129000000E-02   1.000000000000000E+00   1.000000000000000E+00   6.080864863799999E-04  -2.213457239700000E+02   8.680555684900000E+03   6.080864863799999E-04
   5.243021144700000E-06   5.339899014700000E-02   1.000000000000000E+00   1.000000000000000E+00   6.100671858200000E-04  -2.213457118200000E+02   8.680555684900000E+03   6.100671858200000E-04
   5.277121501000000E-06   5.357291027500000E-02   1.000000000000000E+00   1.000000000000000E+00   6.120467176500000E-04  -2.213456996300000E+02   8.680555684900000E+03   6.120467176500000E-04
   5.311332386400000E-06   5.374628082700000E-02   1.000000000000000E+00   1.000000000000000E+00   6.140274125600000E-04  -2.213456874000000E+02   8.680555684900000E+03   6.140274125600000E-04
   5.345653797200000E-06   5.391965133500000E-02   1.000000000000000E+00   1.000000000000000E+00   6.160081071000000E-04  -2.213456751400000E+02   8.680555684900000E+03   6.160081071000000E-04
   5.380085747600000E-06   5.409323813400000E-02   1.000000000000000E+00   1.000000000000000E+00   6.179897922300000E-04  -2.213456628300000E+02   8.680555684900000E+03   6.179897922300000E-04
   5.414628220400000E-06   5.426660924200000E-02   1.000000000000000E+00   1.000000000000000E+00   6.199704891900000E-04  -2.213456504900000E+02   8.680555684900000E+03   6.199704891900000E-04
   5.449281220800000E-06   5.443998030600000E-02   1.000000000000000E+00   1.000000000000000E+00   6.219511857700000E-04  -2.213456381000000E+02   8.680555684900000E+03   6.219511857700000E-04
   5.484044751300000E-06   5.461343804200000E-02   1.000000000000000E+00   1.000000000000000E+00   6.239262522800000E-04  -2.213456256700000E+02   8.680555684900000E+03   6.239262522800000E-04
   5.518918811500000E-06   5.478680929200000E-02   1.000000000000000E+00   1.000000000000000E+00   6.259069302300000E-04  -2.213456132100000E+02   8.680555684900000E+03   6.259069302300000E-04
   5.553903400700000E-06   5.496018049700000E-02   1.000000000000000E+00   1.000000000000000E+00   6.278876077900000E-04  -2.213456007000000E+02   8.680555684900000E+03   6.278876077900000E-04
   5.588998518100000E-06   5.513328801300000E-02   1.000000000000000E+00   1.000000000000000E+00   6.298626497500000E-04  -2.213455881600000E+02   8.680555684900000E+03   6.298626497500000E-04
   5.624204167100000E-06   5.530665830200000E-02   1.000000000000000E+00   1.000000000000000E+00   6.318433088200001E-04  -2.213455755700000E+02   8.680555684900000E+03   6.318433088200001E-04
   5.659520342700000E-06   5.548002854400000E-02   1.000000000000000E+00   1.000000000000000E+00   6.338239675000000E-04  -2.213455629500000E+02   8.680555684900000E+03   6.338239675000000E-04
   5.694947049100000E-06   5.565369139200000E-02   1.000000000000000E+00   1.000000000000000E+00   6.358129423199999E-04  -2.213455503100000E+02   8.680555684900000E+03   6.358129423199999E-04
   5.730484280000000E-06   5.582706245400000E-02   1.000000000000000E+00   1.000000000000000E+00   6.377936261299999E-04  -2.213455376000000E+02   8.680555684900000E+03   6.377936261299999E-04
   5.766132043500000E-06   5.600043346900000E-02   1.000000000000000E+00   1.000000000000000E+00   6.397743095600000E-04  -2.213455248600000E+02   8.680555684900000E+03   6.397743095600000E-04
   5.801890330500000E-06   5.617371392900000E-02   1.000000000000000E+00   1.000000000000000E+00   6.417428110900000E-04  -2.213455120600000E+02   8.680555684900000E+03   6.417428110900000E-04
   5.837759155300000E-06   5.634708457300000E-02   1.000000000000000E+00   1.000000000000000E+00   6.437234561300000E-04  -2.213454992400000E+02   8.680555684900000E+03   6.437234561300000E-04
   5.873738500100000E-06   5.652045517200000E-02   1.000000000000000E+00   1.000000000000000E+00   6.457041007700000E-04  -2.213454863800000E+02   8.680555684900000E+03   6.457041007700000E-04
   5.909828375400000E-06   5.669346727000000E-02   1.000000000000000E+00   1.000000000000000E+00   6.477002614400000E-04  -2.213454734900000E+02   8.680555684900000E+03   6.477002614400000E-04
   5.946028778900000E-06   5.686683667500000E-02   1.000000000000000E+00   1.000000000000000E+00   6.496809527400000E-04  -2.213454605500000E+02   8.680555684900000E+03   6.496809527400000E-04
   5.982339709300000E-06   5.704020603300000E-02   1.000000000000000E+00   1.000000000000000E+00   6.516616436500000E-04  -2.213454475700000E+02   8.680555684900000E+03   6.516616436500000E-04
   6.018761174300000E-06   5.721395621700000E-02   1.000000000000000E+00   1.000000000000000E+00   6.536456084500000E-04  -2.213454345500000E+02   8.680555684900000E+03   6.536456084500000E-04
   6.055293158300000E-06   5.738732663900000E-02   1.000000000000000E+00   1.000000000000000E+00   6.556263084800000E-04  -2.213454215000000E+02   8.680555684900000E+03   6.556263084800000E-04
   6.091935678700000E-06   5.756069701400000E-02   1.000000000000000E+00   1.000000000000000E+00   6.576070081100000E-04  -2.213454084000000E+02   8.680555684900000E+03   6.576070081100000E-04
   6.128688718900000E-06   5.773397400600000E-02   1.000000000000000E+00   1.000000000000000E+00   6.595881408500000E-04  -2.213453952600000E+02   8.680555684900000E+03   6.595881408500000E-04
   6.165552290800000E-06   5.790734400600000E-02   1.000000000000000E+00   1.000000000000000E+00   6.615688409700000E-04  -2.213453820800000E+02   8.680555684900000E+03   6.615688409700000E-04
   6.202526394200000E-06   5.808071395900000E-02   1.000000000000000E+00   1.000000000000000E+00   6.635495406900000E-04  -2.213453688700000E+02   8.680555684900000E+03   6.635495406900000E-04
   6.239611016200000E-06   5.825231007100000E-02   1.000000000000000E+00   1.000000000000000E+00   6.655296986700000E-04  -2.213453556100000E+02   8.680555684900000E+03   6.655296986700000E-04
   6.276806174300000E-06   5.842567464200000E-02   1.000000000000000E+00   1.000000000000000E+00   6.675103959600000E-04  -2.213453423200000E+02   8.680555684900000E+03   6.675103959600000E-04
   6.314111860400000E-06   5.859903916400000E-02   1.000000000000000E+00   1.000000000000000E+00   6.694910928400000E-04  -2.213453289800000E+02   8.680555684900000E+03   6.694910928400000E-04
   6.351528070000000E-06   5.877429348700000E-02   1.000000000000000E+00   1.000000000000000E+00   6.714718140599999E-04  -2.213453156100000E+02   8.680555684900000E+03   6.714718140599999E-04
   6.389054805500000E-06   5.894766349400000E-02   1.000000000000000E+00   1.000000000000000E+00   6.734525101900000E-04  -2.213453021900000E+02   8.680555684900000E+03   6.734525101900000E-04
   6.426692074200000E-06   5.912103345200000E-02   1.000000000000000E+00   1.000000000000000E+00   6.754332059100000E-04  -2.213452887400000E+02   8.680555684900000E+03   6.754332059100000E-04
   6.464439865600000E-06   5.929451073800000E-02   1.000000000000000E+00   1.000000000000000E+00   6.774082462200000E-04  -2.213452752500000E+02   8.680555684900000E+03   6.774082462200000E-04
   6.502298189100000E-06   5.946788091100000E-02   1.000000000000000E+00   1.000000000000000E+00   6.793889245800000E-04  -2.213452617200000E+02   8.680555684900000E+03   6.793889245800000E-04
   6.540267033100000E-06   5.964125103600000E-02   1.000000000000000E+00   1.000000000000000E+00   6.813696025300000E-04  -2.213452481500000E+02   8.680555684900000E+03   6.813696025300000E-04
   6.578346407800000E-06   5.981192011900000E-02   1.000000000000000E+00   1.000000000000000E+00   6.833609477500001E-04  -2.213452345300000E+02   8.680555684900000E+03   6.833609477500001E-04
   6.616536310400000E-06   5.998528232400000E-02   1.000000000000000E+00   1.000000000000000E+00   6.853416557700001E-04  -2.213452208800000E+02   8.680555684900000E+03   6.853416557700001E-04
   6.654836738200000E-06   6.015864447900000E-02   1.000000000000000E+00   1.000000000000000E+00   6.873223633800000E-04  -2.213452071900000E+02   8.680555684900000E+03   6.873223633800000E-04
   6.693247690500000E-06   6.033462460800000E-02   1.000000000000000E+00   1.000000000000000E+00   6.893068796600000E-04  -2.213451934800000E+02   8.680555684900000E+03   6.893068796600000E-04
   6.731769172000000E-06   6.050799418100000E-02   1.000000000000000E+00   1.000000000000000E+00   6.912875973700000E-04  -2.213451797200000E+02   8.680555684900000E+03   6.912875973700000E-04
   6.770401181100000E-06   6.068136370500000E-02   1.000000000000000E+00   1.000000000000000E+00   6.932683146500000E-04  -2.213451659100000E+02   8.680555684900000E+03   6.932683146500000E-04
   6.809143715800000E-06   6.085483633500000E-02   1.000000000000000E+00   1.000000000000000E+00   6.952372225900000E-04  -2.213451520300000E+02   8.680555684900000E+03   6.952372225900000E-04
   6.847996778800000E-06   6.102820605100000E-02   1.000000000000000E+00   1.000000000000000E+00   6.972179053800000E-04  -2.213451381500000E+02   8.680555684900000E+03   6.972179053800000E-04
   6.886960368200000E-06   6.120157571600000E-02   1.000000000000000E+00   1.000000000000000E+00   6.991985877500000E-04  -2.213451242200000E+02   8.680555684900000E+03   6.991985877500000E-04
   6.926034480900000E-06   6.137492799200000E-02   1.000000000000000E+00   1.000000000000000E+00   7.011875069200000E-04  -2.213451102600000E+02   8.680555684900000E+03   7.011875069200000E-04
   6.965219122500000E-06   6.154829750800000E-02   1.000000000000000E+00   1.000000000000000E+00   7.031682117000000E-04  -2.213450962500000E+02   8.680555684900000E+03   7.031682117000000E-04
   7.004514289600000E-06   6.172166697500000E-02   1.000000000000000E+00   1.000000000000000E+00   7.051489160500000E-04  -2.213450822100000E+02   8.680555684900000E+03   7.051489160500000E-04
   7.043919982100000E-06   6.189440434600000E-02   1.000000000000000E+00   1.000000000000000E+00   7.071318005400000E-04  -2.213450681200000E+02   8.680555684900000E+03   7.071318005400000E-04
   7.083436202800000E-06   6.206777194300000E-02   1.000000000000000E+00   1.000000000000000E+00   7.091125101300000E-04  -2.213450539900000E+02   8.680555684900000E+03   7.091125101300000E-04
   7.123062952000000E-06   6.224113948900000E-02   1.000000000000000E+00   1.000000000000000E+00   7.110932192800000E-04  -2.213450398300000E+02   8.680555684900000E+03   7.110932192800000E-04
   7.162800225900000E-06   6.241363039100000E-02   1.000000000000000E+00   1.000000000000000E+00   7.130636748700001E-04  -2.213450256300000E+02   8.680555684900000E+03   7.130636748700001E-04
   7.202648019800000E-06   6.258699539000000E-02   1.000000000000000E+00   1.000000000000000E+00   7.150443546700000E-04  -2.213450113800000E+02   8.680555684900000E+03   7.150443546700000E-04
   7.242606344000000E-06   6.276036033800000E-02   1.000000000000000E+00   1.000000000000000E+00   7.170250340300000E-04  -2.213449971000000E+02   8.680555684900000E+03   7.170250340300000E-04
   7.282675189900000E-06   6.293385425100000E-02   1.000000000000000E+00   1.000000000000000E+00   7.190147388800000E-04  -2.213449827800000E+02   8.680555684900000E+03   7.190147388800000E-04
   7.322854565300000E-06   6.310721946200000E-02   1.000000000000000E+00   1.000000000000000E+00   7.209954422300000E-04  -2.213449684200000E+02   8.680555684900000E+03   7.209954422300000E-04
   7.363144465100000E-06   6.328058462000000E-02   1.000000000000000E+00   1.000000000000000E+00   7.229761451400000E-04  -2.213449540200000E+02   8.680555684900000E+03   7.229761451400000E-04
   7.403544891600000E-06   6.345206400599999E-02   1.000000000000000E+00   1.000000000000000E+00   7.249419289900000E-04  -2.213449395800000E+02   8.680555684900000E+03   7.249419289900000E-04
   7.444055846900000E-06   6.362542389400000E-02   1.000000000000000E+00   1.000000000000000E+00   7.269225902500000E-04  -2.213449251000000E+02   8.680555684900000E+03   7.269225902500000E-04
   7.484677319200000E-06   6.379878373000000E-02   1.000000000000000E+00   1.000000000000000E+00   7.289032510600000E-04  -2.213449105800000E+02   8.680555684900000E+03   7.289032510600000E-04
   7.525409325100000E-06   6.397543112300000E-02   1.000000000000000E+00   1.000000000000000E+00   7.308963927100000E-04  -2.213448960200000E+02   8.680555684900000E+03   7.308963927100000E-04
   7.566251853100000E-06   6.414879977000000E-02   1.000000000000000E+00   1.000000000000000E+00   7.328770864600000E-04  -2.213448814200000E+02   8.680555684900000E+03   7.328770864600000E-04
   7.607204907700000E-06   6.432216836500000E-02   1.000000000000000E+00   1.000000000000000E+00   7.348577797500000E-04  -2.213448667800000E+02   8.680555684900000E+03   7.348577797500000E-04
   7.648268485800001E-06   6.449342857900001E-02   1.000000000000000E+00   1.000000000000000E+00   7.368450357899999E-04  -2.213448521200000E+02   8.680555684900000E+03   7.368450357899999E-04
   7.689442587900000E-06   6.466679140800000E-02   1.000000000000000E+00   1.000000000000000E+00   7.388257458200000E-04  -2.213448374000000E+02   8.680555684900000E+03   7.388257458200000E-04
   7.730727218000000E-06   6.484015418400001E-02   1.000000000000000E+00   1.000000000000000E+00   7.408064554100000E-04  -2.213448226400000E+02   8.680555684900000E+03   7.408064554100000E-04
   7.772122365500000E-06   6.501441672300000E-02   1.000000000000000E+00   1.000000000000000E+00   7.427567637100000E-04  -2.213448078300000E+02   8.680555684900000E+03   7.427567637100000E-04
   7.813628045500000E-06   6.518778179000000E-02   1.000000000000000E+00   1.000000000000000E+00   7.447373913200000E-04  -2.213447930000000E+02   8.680555684900000E+03   7.447373913200000E-04
   7.855244246099999E-06   6.536114680299999E-02   1.000000000000000E+00   1.000000000000000E+00   7.467180184800000E-04  -2.213447781200000E+02   8.680555684900000E+03   7.467180184800000E-04
   7.896970978800000E-06   6.553454647300000E-02   1.000000000000000E+00   1.000000000000000E+00   7.487253856300000E-04  -2.213447632100000E+02   8.680555684900000E+03   7.487253856300000E-04
   7.938808227500000E-06   6.570791146000000E-02   1.000000000000000E+00   1.000000000000000E+00   7.507060826100000E-04  -2.213447482600000E+02   8.680555684900000E+03   7.507060826100000E-04
   7.980756003700000E-06   6.588127639200000E-02   1.000000000000000E+00   1.000000000000000E+00   7.526867791300000E-04  -2.213447332600000E+02   8.680555684900000E+03   7.526867791300000E-04
   8.022814308100000E-06   6.605572334300000E-02   1.000000000000000E+00   1.000000000000000E+00   7.546489026600000E-04  -2.213447182300000E+02   8.680555684900000E+03   7.546489026600000E-04
   8.064983131700000E-06   6.622909101000000E-02   1.000000000000000E+00   1.000000000000000E+00   7.566295495000000E-04  -2.213447031600000E+02   8.680555684900000E+03   7.566295495000000E-04
   8.107262479400000E-06   6.640245862200000E-02   1.000000000000000E+00   1.000000000000000E+00   7.586101958900000E-04  -2.213446880500000E+02   8.680555684900000E+03   7.586101958900000E-04
   8.149652357300000E-06   6.657584398499999E-02   1.000000000000000E+00   1.000000000000000E+00   7.605820641300000E-04  -2.213446728900000E+02   8.680555684900000E+03   7.605820641300000E-04
   8.192152750900000E-06   6.674921153900000E-02   1.000000000000000E+00   1.000000000000000E+00   7.625626867300000E-04  -2.213446577000000E+02   8.680555684900000E+03   7.625626867300000E-04
   8.234763672900000E-06   6.692257903800000E-02   1.000000000000000E+00   1.000000000000000E+00   7.645433088600000E-04  -2.213446424700000E+02   8.680555684900000E+03   7.645433088600000E-04
   8.277485116799999E-06   6.709547776300000E-02   1.000000000000000E+00   1.000000000000000E+00   7.665554542400000E-04  -2.213446272100000E+02   8.680555684900000E+03   7.665554542400000E-04
   8.320317087500000E-06   6.726884393400000E-02   1.000000000000000E+00   1.000000000000000E+00   7.685361568900000E-04  -2.213446119000000E+02   8.680555684900000E+03   7.685361568900000E-04
   8.363259581300000E-06   6.744221005000001E-02   1.000000000000000E+00   1.000000000000000E+00   7.705168590700000E-04  -2.213445965500000E+02   8.680555684900000E+03   7.705168590700000E-04
   8.406312595300001E-06   6.761611322199999E-02   1.000000000000000E+00   1.000000000000000E+00   7.724838258900000E-04  -2.213445811500000E+02   8.680555684900000E+03   7.724838258900000E-04
   8.449476137400000E-06   6.778948060900000E-02   1.000000000000000E+00   1.000000000000000E+00   7.744644919100000E-04  -2.213445657200000E+02   8.680555684900000E+03   7.744644919100000E-04
   8.492750199500001E-06   6.796284794100001E-02   1.000000000000000E+00   1.000000000000000E+00   7.764451574500000E-04  -2.213445502600000E+02   8.680555684900000E+03   7.764451574500000E-04
   8.536134789800001E-06   6.813444833100001E-02   1.000000000000000E+00   1.000000000000000E+00   7.784212116699999E-04  -2.213445347500000E+02   8.680555684900000E+03   7.784212116699999E-04
   8.579629900400000E-06   6.830781106100001E-02   1.000000000000000E+00   1.000000000000000E+00   7.804018645300000E-04  -2.213445192100000E+02   8.680555684900000E+03   7.804018645300000E-04
   8.623235535799999E-06   6.848117373400001E-02   1.000000000000000E+00   1.000000000000000E+00   7.823825169100000E-04  -2.213445036200000E+02   8.680555684900000E+03   7.823825169100000E-04
   8.666951690499999E-06   6.865642390800000E-02   1.000000000000000E+00   1.000000000000000E+00   7.843722965400000E-04  -2.213444879900000E+02   8.680555684900000E+03   7.843722965400000E-04
   8.710778368999999E-06   6.882979122700000E-02   1.000000000000000E+00   1.000000000000000E+00   7.863529710100000E-04  -2.213444723300000E+02   8.680555684900000E+03   7.863529710100000E-04
   8.754715574300001E-06   6.900315848999999E-02   1.000000000000000E+00   1.000000000000000E+00   7.883336449900000E-04  -2.213444566200000E+02   8.680555684900000E+03   7.883336449900000E-04
   8.798763301200000E-06   6.917617930700000E-02   1.000000000000000E+00   1.000000000000000E+00   7.903222423800000E-04  -2.213444408800000E+02   8.680555684900000E+03   7.903222423800000E-04
   8.842921549600000E-06   6.934954558500001E-02   1.000000000000000E+00   1.000000000000000E+00   7.923029352600000E-04  -2.213444250900000E+02   8.680555684900000E+03   7.923029352600000E-04
   8.887190324400000E-06   6.952291180600000E-02   1.000000000000000E+00   1.000000000000000E+00   7.942836276600000E-04  -2.213444092700000E+02   8.680555684900000E+03   7.942836276600000E-04
   8.931569617699999E-06   6.969663262299999E-02   1.000000000000000E+00   1.000000000000000E+00   7.962485926400000E-04  -2.213443934100000E+02   8.680555684900000E+03   7.962485926400000E-04
   8.976059435100000E-06   6.986999961500000E-02   1.000000000000000E+00   1.000000000000000E+00   7.982292449400000E-04  -2.213443775100000E+02   8.680555684900000E+03   7.982292449400000E-04
   9.020659776000000E-06   7.004336654899999E-02   1.000000000000000E+00   1.000000000000000E+00   8.002098967500000E-04  -2.213443615600000E+02   8.680555684900000E+03   8.002098967500000E-04
   9.065370640200000E-06   7.021628103800000E-02   1.000000000000000E+00   1.000000000000000E+00   8.021708084400000E-04  -2.213443455800000E+02   8.680555684900000E+03   8.021708084400000E-04
   9.110192023000000E-06   7.038964673600000E-02   1.000000000000000E+00   1.000000000000000E+00   8.041514105300000E-04  -2.213443295600000E+02   8.680555684900000E+03   8.041514105300000E-04
   9.155123930300000E-06   7.056301237600000E-02   1.000000000000000E+00   1.000000000000000E+00   8.061320121200000E-04  -2.213443135000000E+02   8.680555684900000E+03   8.061320121200000E-04
   9.200166359100000E-06   7.073679225800000E-02   1.000000000000000E+00   1.000000000000000E+00   8.081505947800000E-04  -2.213442974100000E+02   8.680555684900000E+03   8.081505947800000E-04
   9.245319314900000E-06   7.091015880300000E-02   1.000000000000000E+00   1.000000000000000E+00   8.101312884800000E-04  -2.213442812700000E+02   8.680555684900000E+03   8.101312884800000E-04
   9.290582789400000E-06   7.108352528799999E-02   1.000000000000000E+00   1.000000000000000E+00   8.121119816900000E-04  -2.213442650900000E+02   8.680555684900000E+03   8.121119816900000E-04
   9.335956784100000E-06   7.125558459299999E-02   1.000000000000000E+00   1.000000000000000E+00   8.140841293800000E-04  -2.213442488700000E+02   8.680555684900000E+03   8.140841293800000E-04
   9.381441299100000E-06   7.142894778599999E-02   1.000000000000000E+00   1.000000000000000E+00   8.160648007900000E-04  -2.213442326100000E+02   8.680555684900000E+03   8.160648007900000E-04
   9.427036339099999E-06   7.160231092100000E-02   1.000000000000000E+00   1.000000000000000E+00   8.180454717100000E-04  -2.213442163100000E+02   8.680555684900000E+03   8.180454717100000E-04
   9.472741899100000E-06   7.177695500400000E-02   1.000000000000000E+00   1.000000000000000E+00   8.200056444600000E-04  -2.213441999800000E+02   8.680555684900000E+03   8.200056444600000E-04
   9.518557983400000E-06   7.195032111100000E-02   1.000000000000000E+00   1.000000000000000E+00   8.219862648600000E-04  -2.213441836100000E+02   8.680555684900000E+03   8.219862648600000E-04
   9.564484584200000E-06   7.212368715700000E-02   1.000000000000000E+00   1.000000000000000E+00   8.239668847600001E-04  -2.213441671900000E+02   8.680555684900000E+03   8.239668847600001E-04
   9.610521713700000E-06   7.229693431900000E-02   1.000000000000000E+00   1.000000000000000E+00   8.259650624300000E-04  -2.213441507400000E+02   8.680555684900000E+03   8.259650624300000E-04
   9.656669361000000E-06   7.247029995800000E-02   1.000000000000000E+00   1.000000000000000E+00   8.279457234300000E-04  -2.213441342500000E+02   8.680555684900000E+03   8.279457234300000E-04
   9.702927530000000E-06   7.264366553800000E-02   1.000000000000000E+00   1.000000000000000E+00   8.299263839200000E-04  -2.213441177100000E+02   8.680555684900000E+03   8.299263839200000E-04
   9.749296216999999E-06   7.281610763200000E-02   1.000000000000000E+00   1.000000000000000E+00   8.319119506800000E-04  -2.213441011400000E+02   8.680555684900000E+03   8.319119506800000E-04
   9.795775430800000E-06   7.298947090200000E-02   1.000000000000000E+00   1.000000000000000E+00   8.338926218300000E-04  -2.213440845200000E+02   8.680555684900000E+03   8.338926218300000E-04
   9.842365165400000E-06   7.316283411100000E-02   1.000000000000000E+00   1.000000000000000E+00   8.358732924700000E-04  -2.213440678700000E+02   8.680555684900000E+03   8.358732924700000E-04
   9.889065411999999E-06   7.333398428200000E-02   1.000000000000000E+00   1.000000000000000E+00   8.378491259800000E-04  -2.213440511900000E+02   8.680555684900000E+03   8.378491259800000E-04
   9.935876187300000E-06   7.350734214400000E-02   1.000000000000000E+00   1.000000000000000E+00   8.398297841600000E-04  -2.213440344600000E+02   8.680555684900000E+03   8.398297841600000E-04
   9.982797478300000E-06   7.368069994500000E-02   1.000000000000000E+00   1.000000000000000E+00   8.418104418300000E-04  -2.213440176900000E+02   8.680555684900000E+03   8.418104418300000E-04
   1.002982930100000E-05   7.385712781700000E-02   1.000000000000000E+00   1.000000000000000E+00   8.437844867800000E-04  -2.213440008600000E+02   8.680555684900000E+03   8.437844867800000E-04
   1.007697163300000E-05   7.403049269700000E-02   1.000000000000000E+00   1.000000000000000E+00   8.457651279000000E-04  -2.213439840100000E+02   8.680555684900000E+03   8.457651279000000E-04
   1.012422449300000E-05   7.420385751500000E-02   1.000000000000000E+00   1.000000000000000E+00   8.477457684900001E-04  -2.213439671200000E+02   8.680555684900000E+03   8.477457684900001E-04
   1.017158786600000E-05   7.437751721800000E-02   1.000000000000000E+00   1.000000000000000E+00   8.497069033300000E-04  -2.213439501900000E+02   8.680555684900000E+03   8.497069033300000E-04
   1.021906176300000E-05   7.455088259800000E-02   1.000000000000000E+00   1.000000000000000E+00   8.516874974200000E-04  -2.213439332200000E+02   8.680555684900000E+03   8.516874974200000E-04
   1.026664617700000E-05   7.472424791700000E-02   1.000000000000000E+00   1.000000000000000E+00   8.536680909900000E-04  -2.213439162100000E+02   8.680555684900000E+03   8.536680909900000E-04
   1.031434111800000E-05   7.489693037900000E-02   1.000000000000000E+00   1.000000000000000E+00   8.556771366200000E-04  -2.213438991600000E+02   8.680555684900000E+03   8.556771366200000E-04
   1.036214657600000E-05   7.507029400000000E-02   1.000000000000000E+00   1.000000000000000E+00   8.576577950099999E-04  -2.213438820700000E+02   8.680555684900000E+03   8.576577950099999E-04
   1.041006255300000E-05   7.524365755900000E-02   1.000000000000000E+00   1.000000000000000E+00   8.596384528700000E-04  -2.213438649500000E+02   8.680555684900000E+03   8.596384528700000E-04
   1.045808905200000E-05   7.541433384200000E-02   1.000000000000000E+00   1.000000000000000E+00   8.616275692200000E-04  -2.213438477900000E+02   8.680555684900000E+03   8.616275692200000E-04
   1.050622606500000E-05   7.558769108299999E-02   1.000000000000000E+00   1.000000000000000E+00   8.636082454700000E-04  -2.213438305800000E+02   8.680555684900000E+03   8.636082454700000E-04
   1.055447360300000E-05   7.576104826299999E-02   1.000000000000000E+00   1.000000000000000E+00   8.655889211900000E-04  -2.213438133400000E+02   8.680555684900000E+03   8.655889211900000E-04
   1.060283166300000E-05   7.593780077100000E-02   1.000000000000000E+00   1.000000000000000E+00   8.675642834300000E-04  -2.213437960500000E+02   8.680555684900000E+03   8.675642834300000E-04
   1.065130024000000E-05   7.611116558900000E-02   1.000000000000000E+00   1.000000000000000E+00   8.695449459600000E-04  -2.213437787200000E+02   8.680555684900000E+03   8.695449459600000E-04
   1.069987933300000E-05   7.628453034400000E-02   1.000000000000000E+00   1.000000000000000E+00   8.715256079600000E-04  -2.213437613600000E+02   8.680555684900000E+03   8.715256079600000E-04
   1.074856895000000E-05   7.645696929800000E-02   1.000000000000000E+00   1.000000000000000E+00   8.734746487600000E-04  -2.213437439600000E+02   8.680555684900000E+03   8.734746487600000E-04
   1.079736907800000E-05   7.663033183400000E-02   1.000000000000000E+00   1.000000000000000E+00   8.754552379900000E-04  -2.213437265200000E+02   8.680555684900000E+03   8.754552379900000E-04
   1.084627973600000E-05   7.680369430599999E-02   1.000000000000000E+00   1.000000000000000E+00   8.774358266800000E-04  -2.213437090400000E+02   8.680555684900000E+03   8.774358266800000E-04
   1.089530090200000E-05   7.697793029199999E-02   1.000000000000000E+00   1.000000000000000E+00   8.794479103300000E-04  -2.213436915100000E+02   8.680555684900000E+03   8.794479103300000E-04
   1.094443259400000E-05   7.715129460100000E-02   1.000000000000000E+00   1.000000000000000E+00   8.814285688800000E-04  -2.213436739500000E+02   8.680555684900000E+03   8.814285688800000E-04
   1.099367480800000E-05   7.732465884700000E-02   1.000000000000000E+00   1.000000000000000E+00   8.834092268900000E-04  -2.213436563500000E+02   8.680555684900000E+03   8.834092268900000E-04
   1.104302753600000E-05   7.749783996100000E-02   1.000000000000000E+00   1.000000000000000E+00   8.853971602000000E-04  -2.213436387300000E+02   8.680555684900000E+03   8.853971602000000E-04
   1.109249078600000E-05   7.767120366499999E-02   1.000000000000000E+00   1.000000000000000E+00   8.873778334000000E-04  -2.213436210500000E+02   8.680555684900000E+03   8.873778334000000E-04
   1.114206455300000E-05   7.784456730500000E-02   1.000000000000000E+00   1.000000000000000E+00   8.893585060600000E-04  -2.213436033300000E+02   8.680555684900000E+03   8.893585060600000E-04
   1.119174883200000E-05   7.801791670400000E-02   1.000000000000000E+00   1.000000000000000E+00   8.913260977600000E-04  -2.213435855500000E+02   8.680555684900000E+03   8.913260977600000E-04
   1.124154363800000E-05   7.819128018400000E-02   1.000000000000000E+00   1.000000000000000E+00   8.933067402700000E-04  -2.213435677500000E+02   8.680555684900000E+03   8.933067402700000E-04
   1.129144896100000E-05   7.836464360000001E-02   1.000000000000000E+00   1.000000000000000E+00   8.952873822200000E-04  -2.213435499200000E+02   8.680555684900000E+03   8.952873822200000E-04
   1.134146480100000E-05   7.853815533500000E-02   1.000000000000000E+00   1.000000000000000E+00   8.972752956800000E-04  -2.213435320400000E+02   8.680555684900000E+03   8.972752956800000E-04
   1.139159115800000E-05   7.871151895100000E-02   1.000000000000000E+00   1.000000000000000E+00   8.992559525900000E-04  -2.213435141200000E+02   8.680555684900000E+03   8.992559525900000E-04
   1.144182803800000E-05   7.888488250099999E-02   1.000000000000000E+00   1.000000000000000E+00   9.012366089500000E-04  -2.213434961600000E+02   8.680555684900000E+03   9.012366089500000E-04
   1.149217543100000E-05   7.905835080199999E-02   1.000000000000000E+00   1.000000000000000E+00   9.032227537900000E-04  -2.213434781700000E+02   8.680555684900000E+03   9.032227537900000E-04
   1.154263334300000E-05   7.923171445500000E-02   1.000000000000000E+00   1.000000000000000E+00   9.052034210800000E-04  -2.213434601300000E+02   8.680555684900000E+03   9.052034210800000E-04
   1.159320177000000E-05   7.940507804300000E-02   1.000000000000000E+00   1.000000000000000E+00   9.071840878200000E-04  -2.213434420600000E+02   8.680555684900000E+03   9.071840878200000E-04
   1.164388072300000E-05   7.957839679100000E-02   1.000000000000000E+00   1.000000000000000E+00   9.091413283699999E-04  -2.213434239500000E+02   8.680555684900000E+03   9.091413283699999E-04
   1.169467018700000E-05   7.975176014900000E-02   1.000000000000000E+00   1.000000000000000E+00   9.111219429600000E-04  -2.213434058000000E+02   8.680555684900000E+03   9.111219429600000E-04
   1.174557016800000E-05   7.992512344000000E-02   1.000000000000000E+00   1.000000000000000E+00   9.131025570000000E-04  -2.213433876100000E+02   8.680555684900000E+03   9.131025570000000E-04
   1.179658066300000E-05   8.009851451400000E-02   1.000000000000000E+00   1.000000000000000E+00   9.150935050400000E-04  -2.213433693600000E+02   8.680555684900000E+03   9.150935050400000E-04
   1.184770168300000E-05   8.027187773500000E-02   1.000000000000000E+00   1.000000000000000E+00   9.170741403200000E-04  -2.213433510900000E+02   8.680555684900000E+03   9.170741403200000E-04
   1.189893321700000E-05   8.044524088900000E-02   1.000000000000000E+00   1.000000000000000E+00   9.190547750500000E-04  -2.213433327800000E+02   8.680555684900000E+03   9.190547750500000E-04
   1.195027527200000E-05   8.061863024000000E-02   1.000000000000000E+00   1.000000000000000E+00   9.210369469700000E-04  -2.213433144300000E+02   8.680555684900000E+03   9.210369469700000E-04
   1.200172783700000E-05   8.079199332000001E-02   1.000000000000000E+00   1.000000000000000E+00   9.230175838700000E-04  -2.213432960400000E+02   8.680555684900000E+03   9.230175838700000E-04
   1.205329092500000E-05   8.096535633200000E-02   1.000000000000000E+00   1.000000000000000E+00   9.249982202000000E-04  -2.213432776100000E+02   8.680555684900000E+03   9.249982202000000E-04
   1.210496452700000E-05   8.113706763600000E-02   1.000000000000000E+00   1.000000000000000E+00   9.269610689200000E-04  -2.213432591600000E+02   8.680555684900000E+03   9.269610689200000E-04
   1.215674864900000E-05   8.131042697800001E-02   1.000000000000000E+00   1.000000000000000E+00   9.289416661100000E-04  -2.213432406500000E+02   8.680555684900000E+03   9.289416661100000E-04
   1.220864328500000E-05   8.148378625400000E-02   1.000000000000000E+00   1.000000000000000E+00   9.309222627400000E-04  -2.213432221000000E+02   8.680555684900000E+03   9.309222627400000E-04
   1.226064843900000E-05   8.165864431400000E-02   1.000000000000000E+00   1.000000000000000E+00   9.329052054100000E-04  -2.213432034900000E+02   8.680555684900000E+03   9.329052054100000E-04
   1.231276410800000E-05   8.183200664199999E-02   1.000000000000000E+00   1.000000000000000E+00   9.348858058800000E-04  -2.213431848700000E+02   8.680555684900000E+03   9.348858058800000E-04
   1.236499029400000E-05   8.200536890400000E-02   1.000000000000000E+00   1.000000000000000E+00   9.368664057700000E-04  -2.213431662000000E+02   8.680555684900000E+03   9.368664057700000E-04
   1.241732699300000E-05   8.217886736700000E-02   1.000000000000000E+00   1.000000000000000E+00   9.388394889900000E-04  -2.213431474900000E+02   8.680555684900000E+03   9.388394889900000E-04
   1.246977420700000E-05   8.235222978300000E-02   1.000000000000000E+00   1.000000000000000E+00   9.408200718800000E-04  -2.213431287400000E+02   8.680555684900000E+03   9.408200718800000E-04
   1.252233194600000E-05   8.252559213000001E-02   1.000000000000000E+00   1.000000000000000E+00   9.428006542000000E-04  -2.213431099600000E+02   8.680555684900000E+03   9.428006542000000E-04
   1.257500018900000E-05   8.269888147399999E-02   1.000000000000000E+00   1.000000000000000E+00   9.447971340800000E-04  -2.213430911400000E+02   8.680555684900000E+03   9.447971340800000E-04
   1.262777895600000E-05   8.287224353600001E-02   1.000000000000000E+00   1.000000000000000E+00   9.467777485700000E-04  -2.213430722700000E+02   8.680555684900000E+03   9.467777485700000E-04
   1.268066823900000E-05   8.304560553000000E-02   1.000000000000000E+00   1.000000000000000E+00   9.487583624800000E-04  -2.213430533700000E+02   8.680555684900000E+03   9.487583624800000E-04
   1.273366803500000E-05   8.321900130500000E-02   1.000000000000000E+00   1.000000000000000E+00   9.507480156900000E-04  -2.213430344200000E+02   8.680555684900000E+03   9.507480156900000E-04
   1.278677834400000E-05   8.339236322900000E-02   1.000000000000000E+00   1.000000000000000E+00   9.527286472700000E-04  -2.213430154400000E+02   8.680555684900000E+03   9.527286472700000E-04
   1.283999917300000E-05   8.356572508399999E-02   1.000000000000000E+00   1.000000000000000E+00   9.547092782600000E-04  -2.213429964100000E+02   8.680555684900000E+03   9.547092782600000E-04
   1.289333052000000E-05   8.373854403600001E-02   1.000000000000000E+00   1.000000000000000E+00   9.566699117100000E-04  -2.213429773500000E+02   8.680555684900000E+03   9.566699117100000E-04
   1.294677237900000E-05   8.391190462600000E-02   1.000000000000000E+00   1.000000000000000E+00   9.586505001400000E-04  -2.213429582500000E+02   8.680555684900000E+03   9.586505001400000E-04
   1.300032474800000E-05   8.408526514600000E-02   1.000000000000000E+00   1.000000000000000E+00   9.606310879700000E-04  -2.213429391100000E+02   8.680555684900000E+03   9.606310879700000E-04
   1.305398763800000E-05   8.425757315800000E-02   1.000000000000000E+00   1.000000000000000E+00   9.626313402000000E-04  -2.213429199400000E+02   8.680555684900000E+03   9.626313402000000E-04
   1.310776104800000E-05   8.443093137100000E-02   1.000000000000000E+00   1.000000000000000E+00   9.646119673200000E-04  -2.213429007200000E+02   8.680555684900000E+03   9.646119673200000E-04
   1.316164496400000E-05   8.460428951399999E-02   1.000000000000000E+00   1.000000000000000E+00   9.665925938500000E-04  -2.213428814600000E+02   8.680555684900000E+03   9.665925938500000E-04
   1.321563939300000E-05   8.477922323900000E-02   1.000000000000000E+00   1.000000000000000E+00   9.685657807000000E-04  -2.213428621500000E+02   8.680555684900000E+03   9.685657807000000E-04
   1.326974434600000E-05   8.495258447200001E-02   1.000000000000000E+00   1.000000000000000E+00   9.705463908400000E-04  -2.213428428100000E+02   8.680555684900000E+03   9.705463908400000E-04
   1.332395981000000E-05   8.512594563500001E-02   1.000000000000000E+00   1.000000000000000E+00   9.725270003700000E-04  -2.213428234300000E+02   8.680555684900000E+03   9.725270003700000E-04
   1.337828578800000E-05   8.529754969800001E-02   1.000000000000000E+00   1.000000000000000E+00   9.744874575600000E-04  -2.213428040100000E+02   8.680555684900000E+03   9.744874575600000E-04
   1.343272227700000E-05   8.547090716200000E-02   1.000000000000000E+00   1.000000000000000E+00   9.764680249500000E-04  -2.213427845600000E+02   8.680555684900000E+03   9.764680249500000E-04
   1.348726928300000E-05   8.564426455500000E-02   1.000000000000000E+00   1.000000000000000E+00   9.784485917399999E-04  -2.213427650600000E+02   8.680555684900000E+03   9.784485917399999E-04
   1.354192679900000E-05   8.581879362700000E-02   1.000000000000000E+00   1.000000000000000E+00   9.804316539399999E-04  -2.213427455300000E+02   8.680555684900000E+03   9.804316539399999E-04
   1.359669483300000E-05   8.599215324300000E-02   1.000000000000000E+00   1.000000000000000E+00   9.824122245700000E-04  -2.213427259500000E+02   8.680555684900000E+03   9.824122245700000E-04
   1.365157338200000E-05   8.616551278800000E-02   1.000000000000000E+00   1.000000000000000E+00   9.843927945999999E-04  -2.213427063400000E+02   8.680555684900000E+03   9.843927945999999E-04
   1.370656245000000E-05   8.633952407400000E-02   1.000000000000000E+00   1.000000000000000E+00   9.863888288600001E-04  -2.213426866800000E+02   8.680555684900000E+03   9.863888288600001E-04
   1.376166202200000E-05   8.651288478200000E-02   1.000000000000000E+00   1.000000000000000E+00   9.883694287399999E-04  -2.213426669900000E+02   8.680555684900000E+03   9.883694287399999E-04

