  -3.493212020800000E-02   0.000000000000000E+00   5.000000000000000E-01   5.000000000000000E-01   0.000000000000000E+00  -9.055607342099999E+01   8.680555361500000E+02   0.000000000000000E+00
  -3.493212425800000E-02   1.901263218000000E-04   5.000000000000000E-01   5.000000000000000E-01   1.283568022800000E-09  -9.055607280300001E+01   8.680555361500000E+02   7.003618339700000E-06
  -3.493213642600000E-02   3.802525451800000E-04   5.000000000000000E-01   5.000000000000000E-01   2.567138455200000E-09  -9.055607098400000E+01   8.680555361500000E+02   1.400723320500000E-05
  -3.493215670600000E-02   5.703784597800000E-04   5.000000000000000E-01   5.000000000000000E-01   3.856019913400000E-09  -9.055606795100000E+01   8.680555361500000E+02   2.101083699700000E-05
  -3.493218509800000E-02   7.605039088200000E-04   5.000000000000000E-01   5.000000000000000E-01   5.141369112700000E-09  -9.055606370600000E+01   8.680555361500000E+02   2.801442409300000E-05
  -3.493222160200000E-02   9.506287371500000E-04   5.000000000000000E-01   5.000000000000000E-01   6.426726106000000E-09  -9.055605824700000E+01   8.680555361500000E+02   3.501798892700000E-05
  -3.493226621800000E-02   1.140752789600000E-03   5.000000000000000E-01   5.000000000000000E-01   7.705767303400000E-09  -9.055605157600000E+01   8.680555361500000E+02   4.202152593400000E-05
  -3.493231894600000E-02   1.330875910900000E-03   5.000000000000000E-01   5.000000000000000E-01   8.990090220900001E-09  -9.055604369200000E+01   8.680555361500000E+02   4.902502955000000E-05
  -3.493237978400000E-02   1.520997946100000E-03   5.000000000000000E-01   5.000000000000000E-01   1.027442619900000E-08  -9.055603459500000E+01   8.680555361500000E+02   5.602849421000000E-05
  -3.493244873500000E-02   1.711118739900000E-03   5.000000000000000E-01   5.000000000000000E-01   1.155770598100000E-08  -9.055602428500001E+01   8.680555361500000E+02   6.303191435000000E-05
  -3.493252579600000E-02   1.901238137200000E-03   5.000000000000000E-01   5.000000000000000E-01   1.284195454800000E-08  -9.055601276199999E+01   8.680555361500000E+02   7.003528440600000E-05
  -3.493261096800000E-02   2.091355982900000E-03   5.000000000000000E-01   5.000000000000000E-01   1.412622173600000E-08  -9.055600002600001E+01   8.680555361500000E+02   7.703859881500000E-05
  -3.493270425100000E-02   2.281472121900000E-03   5.000000000000000E-01   5.000000000000000E-01   1.542348321100000E-08  -9.055598607700000E+01   8.680555361500000E+02   8.404185201500001E-05
  -3.493280564300000E-02   2.471586399200000E-03   5.000000000000000E-01   5.000000000000000E-01   1.670887704800000E-08  -9.055597091600001E+01   8.680555361500000E+02   9.104503844400000E-05
  -3.493291514600000E-02   2.661698659500000E-03   5.000000000000000E-01   5.000000000000000E-01   1.799429573100000E-08  -9.055595454199999E+01   8.680555361500000E+02   9.804815253900001E-05
  -3.493303275900000E-02   2.851808747900000E-03   5.000000000000000E-01   5.000000000000000E-01   1.927540285700000E-08  -9.055593695600000E+01   8.680555361500000E+02   1.050511887400000E-04
  -3.493315848100000E-02   3.041916509400000E-03   5.000000000000000E-01   5.000000000000000E-01   2.056058616300000E-08  -9.055591815699999E+01   8.680555361500000E+02   1.120541414900000E-04
  -3.493329231100000E-02   3.232021789000000E-03   5.000000000000000E-01   5.000000000000000E-01   2.184579974100000E-08  -9.055589814500000E+01   8.680555361500000E+02   1.190570052300000E-04
  -3.493343425100000E-02   3.422124431600000E-03   5.000000000000000E-01   5.000000000000000E-01   2.313859067100000E-08  -9.055587692100001E+01   8.680555361500000E+02   1.260597743900000E-04
  -3.493358429800000E-02   3.612224282400000E-03   5.000000000000000E-01   5.000000000000000E-01   2.442429445600000E-08  -9.055585448399999E+01   8.680555361500000E+02   1.330624434300000E-04
  -3.493374245300000E-02   3.802321186300000E-03   5.000000000000000E-01   5.000000000000000E-01   2.571003496600000E-08  -9.055583083600000E+01   8.680555361500000E+02   1.400650067800000E-04
  -3.493390871500000E-02   3.992414988500000E-03   5.000000000000000E-01   5.000000000000000E-01   2.699142116600000E-08  -9.055580597500000E+01   8.680555361500000E+02   1.470674588900000E-04
  -3.493408308300000E-02   4.182505534100000E-03   5.000000000000000E-01   5.000000000000000E-01   2.827703696300000E-08  -9.055577990099999E+01   8.680555361500000E+02   1.540697942100000E-04
  -3.493426555700000E-02   4.372592668300000E-03   5.000000000000000E-01   5.000000000000000E-01   2.956269601100000E-08  -9.055575261600001E+01   8.680555361500000E+02   1.610720071800000E-04
  -3.493445613700000E-02   4.562676236300000E-03   5.000000000000000E-01   5.000000000000000E-01   3.084960777200000E-08  -9.055572411900000E+01   8.680555361500000E+02   1.680740922600000E-04
  -3.493465482200000E-02   4.752756083300000E-03   5.000000000000000E-01   5.000000000000000E-01   3.213540871800000E-08  -9.055569440900000E+01   8.680555361500000E+02   1.750760438800000E-04
  -3.493486161200000E-02   4.942832054500000E-03   5.000000000000000E-01   5.000000000000000E-01   3.342125870700000E-08  -9.055566348799999E+01   8.680555361500000E+02   1.820778565000000E-04
  -3.493507650400000E-02   5.132903995200000E-03   5.000000000000000E-01   5.000000000000000E-01   3.470561440600000E-08  -9.055563135500000E+01   8.680555361500000E+02   1.890795245800000E-04
  -3.493529950000000E-02   5.322971750900000E-03   5.000000000000000E-01   5.000000000000000E-01   3.599149627600000E-08  -9.055559801100000E+01   8.680555361500000E+02   1.960810425600000E-04
  -3.493553059800000E-02   5.513035166800000E-03   5.000000000000000E-01   5.000000000000000E-01   3.727743144800000E-08  -9.055556345500000E+01   8.680555361500000E+02   2.030824049000000E-04
  -3.493576979800000E-02   5.703094088400000E-03   5.000000000000000E-01   5.000000000000000E-01   3.856558537200000E-08  -9.055552768800000E+01   8.680555361500000E+02   2.100836060500000E-04
  -3.493601709900000E-02   5.893148361200000E-03   5.000000000000000E-01   5.000000000000000E-01   3.985170676400000E-08  -9.055549070900000E+01   8.680555361500000E+02   2.170846404900000E-04
  -3.493627249900000E-02   6.083197830600000E-03   5.000000000000000E-01   5.000000000000000E-01   4.113788733600000E-08  -9.055545251900000E+01   8.680555361500000E+02   2.240855026500000E-04
  -3.493653599900000E-02   6.273242342300000E-03   5.000000000000000E-01   5.000000000000000E-01   4.242885790300000E-08  -9.055541311800000E+01   8.680555361500000E+02   2.310861870100000E-04
  -3.493680759800000E-02   6.463281741800000E-03   5.000000000000000E-01   5.000000000000000E-01   4.371531675000000E-08  -9.055537250600000E+01   8.680555361500000E+02   2.380866880300000E-04
  -3.493708729400000E-02   6.653315874700000E-03   5.000000000000000E-01   5.000000000000000E-01   4.500184147000000E-08  -9.055533068299999E+01   8.680555361500000E+02   2.450870001700000E-04
  -3.493737508700000E-02   6.843344586800000E-03   5.000000000000000E-01   5.000000000000000E-01   4.627632298200000E-08  -9.055528764899999E+01   8.680555361500000E+02   2.520871179000000E-04
  -3.493767097600000E-02   7.033367723900000E-03   5.000000000000000E-01   5.000000000000000E-01   4.756266505100000E-08  -9.055524340500000E+01   8.680555361500000E+02   2.590870356900000E-04
  -3.493797496000000E-02   7.223385131600000E-03   5.000000000000000E-01   5.000000000000000E-01   4.884908012600000E-08  -9.055519794999999E+01   8.680555361500000E+02   2.660867480000000E-04
  -3.493828703800000E-02   7.413396656000000E-03   5.000000000000000E-01   5.000000000000000E-01   5.014237398100000E-08  -9.055515128499999E+01   8.680555361500000E+02   2.730862493200000E-04
  -3.493860720900000E-02   7.603402142900000E-03   5.000000000000000E-01   5.000000000000000E-01   5.142910914200000E-08  -9.055510341000000E+01   8.680555361500000E+02   2.800855341000000E-04
  -3.493893547200000E-02   7.793401438300000E-03   5.000000000000000E-01   5.000000000000000E-01   5.271592273500000E-08  -9.055505432500000E+01   8.680555361500000E+02   2.870845968400000E-04
  -3.493927182700000E-02   7.983394388100000E-03   5.000000000000000E-01   5.000000000000000E-01   5.399432378200000E-08  -9.055500403000001E+01   8.680555361500000E+02   2.940834320000000E-04
  -3.493961627100000E-02   8.173380838599999E-03   5.000000000000000E-01   5.000000000000000E-01   5.528110615000000E-08  -9.055495252500000E+01   8.680555361500000E+02   3.010820340700000E-04
  -3.493996880500000E-02   8.363360635900000E-03   5.000000000000000E-01   5.000000000000000E-01   5.656797339900000E-08  -9.055489981100000E+01   8.680555361500000E+02   3.080803975300000E-04
  -3.494032942600000E-02   8.553333626200000E-03   5.000000000000000E-01   5.000000000000000E-01   5.787093564700000E-08  -9.055484588700000E+01   8.680555361500000E+02   3.150785168700000E-04
  -3.494069813500000E-02   8.743299655800001E-03   5.000000000000000E-01   5.000000000000000E-01   5.915830240300000E-08  -9.055479075400000E+01   8.680555361500000E+02   3.220763865800000E-04
  -3.494107492900000E-02   8.933258571000000E-03   5.000000000000000E-01   5.000000000000000E-01   6.044575784300000E-08  -9.055473441200000E+01   8.680555361500000E+02   3.290740011300000E-04
  -3.494145980800000E-02   9.123210218199999E-03   5.000000000000000E-01   5.000000000000000E-01   6.172936828000000E-08  -9.055467686100000E+01   8.680555361500000E+02   3.360713550400000E-04
  -3.494185277000000E-02   9.313154444100000E-03   5.000000000000000E-01   5.000000000000000E-01   6.301691336300000E-08  -9.055461810200001E+01   8.680555361500000E+02   3.430684427800000E-04
  -3.494225381400000E-02   9.503091094999999E-03   5.000000000000000E-01   5.000000000000000E-01   6.430455218100000E-08  -9.055455813400000E+01   8.680555361500000E+02   3.500652588600000E-04
  -3.494266294000000E-02   9.693020017700000E-03   5.000000000000000E-01   5.000000000000000E-01   6.554712100900000E-08  -9.055449695700000E+01   8.680555361500000E+02   3.570617977800000E-04
  -3.494308014500000E-02   9.882941058800001E-03   5.000000000000000E-01   5.000000000000000E-01   6.683414459200000E-08  -9.055443457200001E+01   8.680555361500000E+02   3.640580540400000E-04
  -3.494350542800000E-02   1.007285406500000E-02   5.000000000000000E-01   5.000000000000000E-01   6.812127211600000E-08  -9.055437098000000E+01   8.680555361500000E+02   3.710540221500000E-04
  -3.494393878900000E-02   1.026275888400000E-02   5.000000000000000E-01   5.000000000000000E-01   6.943424971700000E-08  -9.055430617899999E+01   8.680555361500000E+02   3.780496966100000E-04
  -3.494438022600000E-02   1.045265536100000E-02   5.000000000000000E-01   5.000000000000000E-01   7.072204880099999E-08  -9.055424017100000E+01   8.680555361500000E+02   3.850450719400000E-04
  -3.494482973600000E-02   1.064254334500000E-02   5.000000000000000E-01   5.000000000000000E-01   7.200995674700000E-08  -9.055417295600000E+01   8.680555361500000E+02   3.920401426500000E-04
  -3.494528732100000E-02   1.083242268200000E-02   5.000000000000000E-01   5.000000000000000E-01   7.331457268300000E-08  -9.055410453300000E+01   8.680555361500000E+02   3.990349032500000E-04
  -3.494575297600000E-02   1.102229321900000E-02   5.000000000000000E-01   5.000000000000000E-01   7.460290973600000E-08  -9.055403490300000E+01   8.680555361500000E+02   4.060293482600000E-04
  -3.494622670200000E-02   1.121215480300000E-02   5.000000000000000E-01   5.000000000000000E-01   7.589135709500000E-08  -9.055396406700000E+01   8.680555361500000E+02   4.130234722200000E-04
  -3.494670849700000E-02   1.140200728300000E-02   5.000000000000000E-01   5.000000000000000E-01   7.716110991599999E-08  -9.055389202400001E+01   8.680555361500000E+02   4.200172696400000E-04
  -3.494719835900000E-02   1.159185050500000E-02   5.000000000000000E-01   5.000000000000000E-01   7.844944814500000E-08  -9.055381877500000E+01   8.680555361500000E+02   4.270107350500000E-04
  -3.494769628700000E-02   1.178168431700000E-02   5.000000000000000E-01   5.000000000000000E-01   7.973790126399999E-08  -9.055374431900000E+01   8.680555361500000E+02   4.340038629800000E-04
  -3.494820228000000E-02   1.197150856600000E-02   5.000000000000000E-01   5.000000000000000E-01   8.104454925299999E-08  -9.055366865800001E+01   8.680555361500000E+02   4.409966479800000E-04
  -3.494871633500000E-02   1.216132310100000E-02   5.000000000000000E-01   5.000000000000000E-01   8.233354624200000E-08  -9.055359179100000E+01   8.680555361500000E+02   4.479890845700000E-04
  -3.494923845100000E-02   1.235112776900000E-02   5.000000000000000E-01   5.000000000000000E-01   8.362266475100000E-08  -9.055351371899999E+01   8.680555361500000E+02   4.549811673100000E-04
  -3.494976862700000E-02   1.254092241800000E-02   5.000000000000000E-01   5.000000000000000E-01   8.490735514300000E-08  -9.055343444099999E+01   8.680555361500000E+02   4.619728907300000E-04
  -3.495030686100000E-02   1.273070689500000E-02   5.000000000000000E-01   5.000000000000000E-01   8.619664679599999E-08  -9.055335395900001E+01   8.680555361500000E+02   4.689642493800000E-04
  -3.495085315200000E-02   1.292048105000000E-02   5.000000000000000E-01   5.000000000000000E-01   8.748606532900000E-08  -9.055327227100000E+01   8.680555361500000E+02   4.759552378200000E-04
  -3.495140749700000E-02   1.311024472900000E-02   5.000000000000000E-01   5.000000000000000E-01   8.878807823500001E-08  -9.055318938000001E+01   8.680555361500000E+02   4.829458506100000E-04
  -3.495196989500000E-02   1.329999778300000E-02   5.000000000000000E-01   5.000000000000000E-01   9.007795836000000E-08  -9.055310528400000E+01   8.680555361500000E+02   4.899360822900000E-04
  -3.495254034500000E-02   1.348974005800000E-02   5.000000000000000E-01   5.000000000000000E-01   9.136797193100000E-08  -9.055301998400000E+01   8.680555361500000E+02   4.969259274400000E-04
  -3.495311884400000E-02   1.367947140300000E-02   5.000000000000000E-01   5.000000000000000E-01   9.263910919300000E-08  -9.055293348100000E+01   8.680555361500000E+02   5.039153806200000E-04
  -3.495370539100000E-02   1.386919166800000E-02   5.000000000000000E-01   5.000000000000000E-01   9.392909966699999E-08  -9.055284577400001E+01   8.680555361500000E+02   5.109044364100000E-04
  -3.495429998400000E-02   1.405890070000000E-02   5.000000000000000E-01   5.000000000000000E-01   9.521922795500001E-08  -9.055275686400000E+01   8.680555361500000E+02   5.178930893600000E-04
  -3.495490262100000E-02   1.424859834800000E-02   5.000000000000000E-01   5.000000000000000E-01   9.651264198300001E-08  -9.055266675100000E+01   8.680555361500000E+02   5.248813340800000E-04
  -3.495551330000000E-02   1.443828446200000E-02   5.000000000000000E-01   5.000000000000000E-01   9.780324959500000E-08  -9.055257543600000E+01   8.680555361500000E+02   5.318691651199999E-04
  -3.495613202000000E-02   1.462795889000000E-02   5.000000000000000E-01   5.000000000000000E-01   9.909400682300000E-08  -9.055248291800000E+01   8.680555361500000E+02   5.388565770900000E-04
  -3.495675877900000E-02   1.481762148100000E-02   5.000000000000000E-01   5.000000000000000E-01   1.004033076000000E-07  -9.055238919800000E+01   8.680555361500000E+02   5.458435645700000E-04
  -3.495739357400000E-02   1.500727208500000E-02   5.000000000000000E-01   5.000000000000000E-01   1.016944774300000E-07  -9.055229427600000E+01   8.680555361500000E+02   5.528301221500000E-04
  -3.495803640500000E-02   1.519691055100000E-02   5.000000000000000E-01   5.000000000000000E-01   1.029857978400000E-07  -9.055219815300001E+01   8.680555361500000E+02   5.598162444400000E-04
  -3.495868726800000E-02   1.538653672900000E-02   5.000000000000000E-01   5.000000000000000E-01   1.042438601100000E-07  -9.055210082900000E+01   8.680555361500000E+02   5.668019260300000E-04
  -3.495934616200000E-02   1.557615046800000E-02   5.000000000000000E-01   5.000000000000000E-01   1.055352337400000E-07  -9.055200230299999E+01   8.680555361500000E+02   5.737871615300000E-04
  -3.496001308500000E-02   1.576575161800000E-02   5.000000000000000E-01   5.000000000000000E-01   1.068267694400000E-07  -9.055190257800000E+01   8.680555361500000E+02   5.807719455500000E-04
  -3.496068803400000E-02   1.595534002800000E-02   5.000000000000000E-01   5.000000000000000E-01   1.081406458800000E-07  -9.055180165100001E+01   8.680555361500000E+02   5.877562727100000E-04
  -3.496137100900000E-02   1.614491554900000E-02   5.000000000000000E-01   5.000000000000000E-01   1.094325781700000E-07  -9.055169952500000E+01   8.680555361500000E+02   5.947401376200000E-04
  -3.496206200600000E-02   1.633447803000000E-02   5.000000000000000E-01   5.000000000000000E-01   1.107246714100000E-07  -9.055159619900000E+01   8.680555361500000E+02   6.017235349099999E-04
  -3.496276102400000E-02   1.652402732200000E-02   5.000000000000000E-01   5.000000000000000E-01   1.120084381300000E-07  -9.055149167400000E+01   8.680555361500000E+02   6.087064591999999E-04
  -3.496346806100000E-02   1.671356327500000E-02   5.000000000000000E-01   5.000000000000000E-01   1.133007463200000E-07  -9.055138595000000E+01   8.680555361500000E+02   6.156889051300000E-04
  -3.496418311400000E-02   1.690308574000000E-02   5.000000000000000E-01   5.000000000000000E-01   1.145932205500000E-07  -9.055127902700001E+01   8.680555361500000E+02   6.226708673400000E-04
  -3.496490618100000E-02   1.709259456700000E-02   5.000000000000000E-01   5.000000000000000E-01   1.158736491400000E-07  -9.055117090600000E+01   8.680555361500000E+02   6.296523404600000E-04
  -3.496563726100000E-02   1.728208960700000E-02   5.000000000000000E-01   5.000000000000000E-01   1.171665654900000E-07  -9.055106158600000E+01   8.680555361500000E+02   6.366333191500000E-04
  -3.496637635000000E-02   1.747157071000000E-02   5.000000000000000E-01   5.000000000000000E-01   1.184596614000000E-07  -9.055095106900001E+01   8.680555361500000E+02   6.436137980400000E-04
  -3.496712344600000E-02   1.766103772800000E-02   5.000000000000000E-01   5.000000000000000E-01   1.196947363100000E-07  -9.055083935400000E+01   8.680555361500000E+02   6.505937718100000E-04
  -3.496787854900000E-02   1.785049051100000E-02   5.000000000000000E-01   5.000000000000000E-01   1.209876414000000E-07  -9.055072644200000E+01   8.680555361500000E+02   6.575732351000000E-04
  -3.496864165400000E-02   1.803992891200000E-02   5.000000000000000E-01   5.000000000000000E-01   1.222807341200000E-07  -9.055061233399999E+01   8.680555361500000E+02   6.645521825799999E-04
  -3.496941276000000E-02   1.822935278000000E-02   5.000000000000000E-01   5.000000000000000E-01   1.235731174000000E-07  -9.055049702900000E+01   8.680555361500000E+02   6.715306089300000E-04
  -3.497019186400000E-02   1.841876196800000E-02   5.000000000000000E-01   5.000000000000000E-01   1.248663707900000E-07  -9.055038052800001E+01   8.680555361500000E+02   6.785085088200000E-04
  -3.497097896500000E-02   1.860815632800000E-02   5.000000000000000E-01   5.000000000000000E-01   1.261600278700000E-07  -9.055026283100000E+01   8.680555361500000E+02   6.854858769200000E-04
  -3.497177405900000E-02   1.879753571000000E-02   5.000000000000000E-01   5.000000000000000E-01   1.275614548900000E-07  -9.055014393899999E+01   8.680555361500000E+02   6.924627079200000E-04
  -3.497257714500000E-02   1.898689996800000E-02   5.000000000000000E-01   5.000000000000000E-01   1.288563169600000E-07  -9.055002385200000E+01   8.680555361500000E+02   6.994389965100000E-04
  -3.497338821900000E-02   1.917624895200000E-02   5.000000000000000E-01   5.000000000000000E-01   1.301513702400000E-07  -9.054990257000000E+01   8.680555361500000E+02   7.064147373900000E-04
  -3.497420728000000E-02   1.936558251600000E-02   5.000000000000000E-01   5.000000000000000E-01   1.314410005200000E-07  -9.054978009400000E+01   8.680555361500000E+02   7.133899252500000E-04
  -3.497503432500000E-02   1.955490051100000E-02   5.000000000000000E-01   5.000000000000000E-01   1.327364993400000E-07  -9.054965642400001E+01   8.680555361500000E+02   7.203645548000000E-04
  -3.497586935200000E-02   1.974420279000000E-02   5.000000000000000E-01   5.000000000000000E-01   1.340321983200000E-07  -9.054953156000001E+01   8.680555361500000E+02   7.273386207500000E-04
  -3.497671235700000E-02   1.993348920500000E-02   5.000000000000000E-01   5.000000000000000E-01   1.353322840300000E-07  -9.054940550400001E+01   8.680555361500000E+02   7.343121178200001E-04
  -3.497756333900000E-02   2.012275961000000E-02   5.000000000000000E-01   5.000000000000000E-01   1.366283023900000E-07  -9.054927825400000E+01   8.680555361500000E+02   7.412850407300000E-04
  -3.497842229500000E-02   2.031201385700000E-02   5.000000000000000E-01   5.000000000000000E-01   1.379245230500000E-07  -9.054914981200000E+01   8.680555361500000E+02   7.482573841900000E-04
  -3.497928922200000E-02   2.050125180000000E-02   5.000000000000000E-01   5.000000000000000E-01   1.391877109300000E-07  -9.054902017800001E+01   8.680555361500000E+02   7.552291429500000E-04
  -3.498016411800000E-02   2.069047329100000E-02   5.000000000000000E-01   5.000000000000000E-01   1.404839352200000E-07  -9.054888935300001E+01   8.680555361500000E+02   7.622003117500000E-04
  -3.498104698100000E-02   2.087967818400000E-02   5.000000000000000E-01   5.000000000000000E-01   1.417803647100000E-07  -9.054875733599999E+01   8.680555361500000E+02   7.691708853100000E-04
  -3.498193780600000E-02   2.106886633300000E-02   5.000000000000000E-01   5.000000000000000E-01   1.429922910300000E-07  -9.054862412800000E+01   8.680555361500000E+02   7.761408584000000E-04
  -3.498283659300000E-02   2.125803759000000E-02   5.000000000000000E-01   5.000000000000000E-01   1.442882467500000E-07  -9.054848973000000E+01   8.680555361500000E+02   7.831102257700000E-04
  -3.498374333700000E-02   2.144719181100000E-02   5.000000000000000E-01   5.000000000000000E-01   1.455844098200000E-07  -9.054835414199999E+01   8.680555361500000E+02   7.900789821700000E-04
  -3.498465803700000E-02   2.163632884800000E-02   5.000000000000000E-01   5.000000000000000E-01   1.470028709700000E-07  -9.054821736400000E+01   8.680555361500000E+02   7.970471223700000E-04
  -3.498558069000000E-02   2.182544855700000E-02   5.000000000000000E-01   5.000000000000000E-01   1.483009062300000E-07  -9.054807939700000E+01   8.680555361500000E+02   8.040146411400000E-04
  -3.498651129200000E-02   2.201455079100000E-02   5.000000000000000E-01   5.000000000000000E-01   1.495991642000000E-07  -9.054794024100001E+01   8.680555361500000E+02   8.109815332500000E-04
  -3.498744984200000E-02   2.220363540400000E-02   5.000000000000000E-01   5.000000000000000E-01   1.508933456000000E-07  -9.054779989700000E+01   8.680555361500000E+02   8.179477935000000E-04
  -3.498839633600000E-02   2.239270225300000E-02   5.000000000000000E-01   5.000000000000000E-01   1.521918489600000E-07  -9.054765836400000E+01   8.680555361500000E+02   8.249134166700000E-04
  -3.498935077200000E-02   2.258175119000000E-02   5.000000000000000E-01   5.000000000000000E-01   1.534905764300000E-07  -9.054751564400000E+01   8.680555361500000E+02   8.318783975400000E-04
  -3.499031314600000E-02   2.277078207200000E-02   5.000000000000000E-01   5.000000000000000E-01   1.547467366500000E-07  -9.054737173700001E+01   8.680555361500000E+02   8.388427309300000E-04
  -3.499128345600000E-02   2.295979475400000E-02   5.000000000000000E-01   5.000000000000000E-01   1.560458807200000E-07  -9.054722664300000E+01   8.680555361500000E+02   8.458064116300000E-04
  -3.499226169800000E-02   2.314878909000000E-02   5.000000000000000E-01   5.000000000000000E-01   1.573452623800000E-07  -9.054708036300001E+01   8.680555361500000E+02   8.527694344700000E-04
  -3.499324787100000E-02   2.333776493600000E-02   5.000000000000000E-01   5.000000000000000E-01   1.586328255900000E-07  -9.054693289700000E+01   8.680555361500000E+02   8.597317942500001E-04
  -3.499424197100000E-02   2.352672214800000E-02   5.000000000000000E-01   5.000000000000000E-01   1.599321118400000E-07  -9.054678424600000E+01   8.680555361500000E+02   8.666934858100000E-04
  -3.499524399500000E-02   2.371566058200000E-02   5.000000000000000E-01   5.000000000000000E-01   1.612316298800000E-07  -9.054663441000000E+01   8.680555361500000E+02   8.736545039600000E-04
  -3.499625394000000E-02   2.390458009300000E-02   5.000000000000000E-01   5.000000000000000E-01   1.625988369000000E-07  -9.054648338900000E+01   8.680555361500000E+02   8.806148435600000E-04
  -3.499727180300000E-02   2.409348053800000E-02   5.000000000000000E-01   5.000000000000000E-01   1.638995763200000E-07  -9.054633118400000E+01   8.680555361500000E+02   8.875744994400000E-04
  -3.499829758100000E-02   2.428236177300000E-02   5.000000000000000E-01   5.000000000000000E-01   1.652005581100000E-07  -9.054617779500001E+01   8.680555361500000E+02   8.945334664500000E-04
  -3.499933127100000E-02   2.447122365500000E-02   5.000000000000000E-01   5.000000000000000E-01   1.664869170500000E-07  -9.054602322300001E+01   8.680555361500000E+02   9.014917394500000E-04
  -3.500037287000000E-02   2.466006604000000E-02   5.000000000000000E-01   5.000000000000000E-01   1.677884612400000E-07  -9.054586746800000E+01   8.680555361500000E+02   9.084493132900000E-04
  -3.500142237500000E-02   2.484888878500000E-02   5.000000000000000E-01   5.000000000000000E-01   1.690902577100000E-07  -9.054571053200000E+01   8.680555361500000E+02   9.154061828500000E-04
  -3.500247978300000E-02   2.503769174800000E-02   5.000000000000000E-01   5.000000000000000E-01   1.703563759400000E-07  -9.054555241300000E+01   8.680555361500000E+02   9.223623430100000E-04
  -3.500354509000000E-02   2.522647478400000E-02   5.000000000000000E-01   5.000000000000000E-01   1.716585175200000E-07  -9.054539311300000E+01   8.680555361500000E+02   9.293177886300000E-04
  -3.500461829400000E-02   2.541523775300000E-02   5.000000000000000E-01   5.000000000000000E-01   1.729609194400000E-07  -9.054523263199999E+01   8.680555361500000E+02   9.362725146200000E-04
  -3.500569939100000E-02   2.560398051100000E-02   5.000000000000000E-01   5.000000000000000E-01   1.742306994600000E-07  -9.054507097100000E+01   8.680555361500000E+02   9.432265158600000E-04
  -3.500678837900000E-02   2.579270291600000E-02   5.000000000000000E-01   5.000000000000000E-01   1.755328010300000E-07  -9.054490812900001E+01   8.680555361500000E+02   9.501797872600000E-04
  -3.500788525300000E-02   2.598140482600000E-02   5.000000000000000E-01   5.000000000000000E-01   1.768351558400000E-07  -9.054474410900001E+01   8.680555361500000E+02   9.571323237200000E-04
  -3.500899001000000E-02   2.617008610000000E-02   5.000000000000000E-01   5.000000000000000E-01   1.781370735800000E-07  -9.054457890899999E+01   8.680555361500000E+02   9.640841201600000E-04
  -3.501010264900000E-02   2.635874659500000E-02   5.000000000000000E-01   5.000000000000000E-01   1.794406223500000E-07  -9.054441253100001E+01   8.680555361500000E+02   9.710351714900000E-04
  -3.501122316400000E-02   2.654738617000000E-02   5.000000000000000E-01   5.000000000000000E-01   1.807444445300000E-07  -9.054424497500000E+01   8.680555361500000E+02   9.779854726599999E-04
  -3.501235155300000E-02   2.673600468400000E-02   5.000000000000000E-01   5.000000000000000E-01   1.821024166600000E-07  -9.054407624100000E+01   8.680555361500000E+02   9.849350185899999E-04
  -3.501348781200000E-02   2.692460199500000E-02   5.000000000000000E-01   5.000000000000000E-01   1.834070437700000E-07  -9.054390633100000E+01   8.680555361500000E+02   9.918838042200001E-04
  -3.501463193900000E-02   2.711317796400000E-02   5.000000000000000E-01   5.000000000000000E-01   1.847119472900000E-07  -9.054373524400000E+01   8.680555361500000E+02   9.988318244999999E-04
  -3.501578392900000E-02   2.730173244800000E-02   5.000000000000000E-01   5.000000000000000E-01   1.860492045200000E-07  -9.054356298099999E+01   8.680555361500000E+02   1.005779074400000E-03
  -3.501694378000000E-02   2.749026530800000E-02   5.000000000000000E-01   5.000000000000000E-01   1.873547409500000E-07  -9.054338954200000E+01   8.680555361500000E+02   1.012725548800000E-03
  -3.501811148800000E-02   2.767877640400000E-02   5.000000000000000E-01   5.000000000000000E-01   1.886605563900000E-07  -9.054321492800000E+01   8.680555361500000E+02   1.019671242800000E-03
  -3.501928704900000E-02   2.786726559400000E-02   5.000000000000000E-01   5.000000000000000E-01   1.898133513200000E-07  -9.054303914000000E+01   8.680555361500000E+02   1.026616151400000E-03
  -3.502047046000000E-02   2.805573273900000E-02   5.000000000000000E-01   5.000000000000000E-01   1.911181002600000E-07  -9.054286217799999E+01   8.680555361500000E+02   1.033560269400000E-03
  -3.502166171800000E-02   2.824417770000000E-02   5.000000000000000E-01   5.000000000000000E-01   1.924231219600000E-07  -9.054268404299999E+01   8.680555361500000E+02   1.040503591900000E-03
  -3.502286081900000E-02   2.843260033700000E-02   5.000000000000000E-01   5.000000000000000E-01   1.937877955100000E-07  -9.054250473499999E+01   8.680555361500000E+02   1.047446113900000E-03
  -3.502406775900000E-02   2.862100051100000E-02   5.000000000000000E-01   5.000000000000000E-01   1.950938690000000E-07  -9.054232425399999E+01   8.680555361500000E+02   1.054387830400000E-03
  -3.502528253600000E-02   2.880937808100000E-02   5.000000000000000E-01   5.000000000000000E-01   1.964002226600000E-07  -9.054214260099999E+01   8.680555361500000E+02   1.061328736400000E-03
  -3.502650514500000E-02   2.899773291100000E-02   5.000000000000000E-01   5.000000000000000E-01   1.978138769000000E-07  -9.054195977700000E+01   8.680555361500000E+02   1.068268826900000E-03
  -3.502773558300000E-02   2.918606486000000E-02   5.000000000000000E-01   5.000000000000000E-01   1.991219363400000E-07  -9.054177578200000E+01   8.680555361500000E+02   1.075208097000000E-03
  -3.502897384700000E-02   2.937437379000000E-02   5.000000000000000E-01   5.000000000000000E-01   2.004302898300000E-07  -9.054159061700000E+01   8.680555361500000E+02   1.082146541600000E-03
  -3.503021993200000E-02   2.956265956300000E-02   5.000000000000000E-01   5.000000000000000E-01   2.017366435900000E-07  -9.054140428200000E+01   8.680555361500000E+02   1.089084155900000E-03
  -3.503147383500000E-02   2.975092204100000E-02   5.000000000000000E-01   5.000000000000000E-01   2.030456385700000E-07  -9.054121677800001E+01   8.680555361500000E+02   1.096020934900000E-03
  -3.503273555300000E-02   2.993916108600000E-02   5.000000000000000E-01   5.000000000000000E-01   2.043549343200000E-07  -9.054102810600000E+01   8.680555361500000E+02   1.102956873600000E-03
  -3.503400508100000E-02   3.012737656000000E-02   5.000000000000000E-01   5.000000000000000E-01   2.056655282800000E-07  -9.054083826500000E+01   8.680555361500000E+02   1.109891967100000E-03
  -3.503528241700000E-02   3.031556832600000E-02   5.000000000000000E-01   5.000000000000000E-01   2.069754198300000E-07  -9.054064725700000E+01   8.680555361500000E+02   1.116826210500000E-03
  -3.503656755500000E-02   3.050373624600000E-02   5.000000000000000E-01   5.000000000000000E-01   2.082856173400000E-07  -9.054045508100000E+01   8.680555361500000E+02   1.123759598800000E-03
  -3.503786049400000E-02   3.069188018400000E-02   5.000000000000000E-01   5.000000000000000E-01   2.095034235700000E-07  -9.054026173900000E+01   8.680555361500000E+02   1.130692127200000E-03
  -3.503916122800000E-02   3.088000000200000E-02   5.000000000000000E-01   5.000000000000000E-01   2.108131771900000E-07  -9.054006723200000E+01   8.680555361500000E+02   1.137623790700000E-03
  -3.504046975400000E-02   3.106809556400000E-02   5.000000000000000E-01   5.000000000000000E-01   2.121232333400000E-07  -9.053987155900001E+01   8.680555361500000E+02   1.144554584400000E-03
  -3.504178606900000E-02   3.125616673400000E-02   5.000000000000000E-01   5.000000000000000E-01   2.134542515100000E-07  -9.053967472100000E+01   8.680555361500000E+02   1.151484503500000E-03
  -3.504311016800000E-02   3.144421337500000E-02   5.000000000000000E-01   5.000000000000000E-01   2.147659176100000E-07  -9.053947671900001E+01   8.680555361500000E+02   1.158413543100000E-03
  -3.504444204700000E-02   3.163223535100000E-02   5.000000000000000E-01   5.000000000000000E-01   2.160779072400000E-07  -9.053927755399999E+01   8.680555361500000E+02   1.165341698200000E-03
  -3.504578170400000E-02   3.182023252700000E-02   5.000000000000000E-01   5.000000000000000E-01   2.174663564200000E-07  -9.053907722500000E+01   8.680555361500000E+02   1.172268964100000E-03
  -3.504712913300000E-02   3.200820476600000E-02   5.000000000000000E-01   5.000000000000000E-01   2.187790086500000E-07  -9.053887573400000E+01   8.680555361500000E+02   1.179195335800000E-03
  -3.504848433100000E-02   3.219615193500000E-02   5.000000000000000E-01   5.000000000000000E-01   2.200919822100000E-07  -9.053867308100000E+01   8.680555361500000E+02   1.186120808600000E-03
  -3.504984729400000E-02   3.238407389700000E-02   5.000000000000000E-01   5.000000000000000E-01   2.213849117600000E-07  -9.053846926700000E+01   8.680555361500000E+02   1.193045377500000E-03
  -3.505121801900000E-02   3.257197051800000E-02   5.000000000000000E-01   5.000000000000000E-01   2.226986637800000E-07  -9.053826429199999E+01   8.680555361500000E+02   1.199969037800000E-03
  -3.505259650000000E-02   3.275984166200000E-02   5.000000000000000E-01   5.000000000000000E-01   2.240127469000000E-07  -9.053805815699999E+01   8.680555361500000E+02   1.206891784600000E-03
  -3.505398273500000E-02   3.294768719700000E-02   5.000000000000000E-01   5.000000000000000E-01   2.252802134400000E-07  -9.053785086200000E+01   8.680555361500000E+02   1.213813613100000E-03
  -3.505537671900000E-02   3.313550698600000E-02   5.000000000000000E-01   5.000000000000000E-01   2.265940486500000E-07  -9.053764240900000E+01   8.680555361500000E+02   1.220734518400000E-03
  -3.505677844800000E-02   3.332330089700000E-02   5.000000000000000E-01   5.000000000000000E-01   2.279082095100000E-07  -9.053743279699999E+01   8.680555361500000E+02   1.227654495900000E-03
  -3.505818791800000E-02   3.351106879600000E-02   5.000000000000000E-01   5.000000000000000E-01   2.292915192400000E-07  -9.053722202800000E+01   8.680555361500000E+02   1.234573540600000E-03
  -3.505960512600000E-02   3.369881054900000E-02   5.000000000000000E-01   5.000000000000000E-01   2.306071120800000E-07  -9.053701010100001E+01   8.680555361500000E+02   1.241491647800000E-03
  -3.506103006600000E-02   3.388652602200000E-02   5.000000000000000E-01   5.000000000000000E-01   2.319230423400000E-07  -9.053679701800000E+01   8.680555361500000E+02   1.248408812800000E-03
  -3.506246273600000E-02   3.407421508400000E-02   5.000000000000000E-01   5.000000000000000E-01   2.332372007600000E-07  -9.053658277800000E+01   8.680555361500000E+02   1.255325030700000E-03
  -3.506390313000000E-02   3.426187760000000E-02   5.000000000000000E-01   5.000000000000000E-01   2.345539476100000E-07  -9.053636738400000E+01   8.680555361500000E+02   1.262240296800000E-03
  -3.506535124500000E-02   3.444951343800000E-02   5.000000000000000E-01   5.000000000000000E-01   2.358710397000000E-07  -9.053615083500000E+01   8.680555361500000E+02   1.269154606400000E-03
  -3.506680707600000E-02   3.463712246600000E-02   5.000000000000000E-01   5.000000000000000E-01   2.371599557300000E-07  -9.053593313200000E+01   8.680555361500000E+02   1.276067954700000E-03
  -3.506827062000000E-02   3.482470455200000E-02   5.000000000000000E-01   5.000000000000000E-01   2.384771882600000E-07  -9.053571427500000E+01   8.680555361500000E+02   1.282980336900000E-03
  -3.506974187200000E-02   3.501225956400000E-02   5.000000000000000E-01   5.000000000000000E-01   2.397947650300000E-07  -9.053549426600000E+01   8.680555361500000E+02   1.289891748300000E-03
  -3.507122082800000E-02   3.519978737000000E-02   5.000000000000000E-01   5.000000000000000E-01   2.410026621900000E-07  -9.053527310400000E+01   8.680555361500000E+02   1.296802184300000E-03
  -3.507270748400000E-02   3.538728783900000E-02   5.000000000000000E-01   5.000000000000000E-01   2.423199942700000E-07  -9.053505079100000E+01   8.680555361500000E+02   1.303711640100000E-03
  -3.507420183600000E-02   3.557476083900000E-02   5.000000000000000E-01   5.000000000000000E-01   2.436376704100000E-07  -9.053482732600000E+01   8.680555361500000E+02   1.310620110900000E-03
  -3.507570387900000E-02   3.576220623900000E-02   5.000000000000000E-01   5.000000000000000E-01   2.449380747400000E-07  -9.053460271199999E+01   8.680555361500000E+02   1.317527592200000E-03
  -3.507721360800000E-02   3.594962391000000E-02   5.000000000000000E-01   5.000000000000000E-01   2.462577852800000E-07  -9.053437694800000E+01   8.680555361500000E+02   1.324434079200000E-03
  -3.507873102100000E-02   3.613701372000000E-02   5.000000000000000E-01   5.000000000000000E-01   2.475778674700000E-07  -9.053415003400001E+01   8.680555361500000E+02   1.331339567300000E-03
  -3.508025611200000E-02   3.632437553800000E-02   5.000000000000000E-01   5.000000000000000E-01   2.490618905200000E-07  -9.053392197300001E+01   8.680555361500000E+02   1.338244051700000E-03
  -3.508178887700000E-02   3.651170923600000E-02   5.000000000000000E-01   5.000000000000000E-01   2.503828908600000E-07  -9.053369276399999E+01   8.680555361500000E+02   1.345147527900000E-03
  -3.508332931100000E-02   3.669901468300000E-02   5.000000000000000E-01   5.000000000000000E-01   2.517042579100000E-07  -9.053346240700000E+01   8.680555361500000E+02   1.352049991100000E-03
  -3.508487741200000E-02   3.688629175000000E-02   5.000000000000000E-01   5.000000000000000E-01   2.528767923100000E-07  -9.053323090400001E+01   8.680555361500000E+02   1.358951436800000E-03
  -3.508643317300000E-02   3.707354030700000E-02   5.000000000000000E-01   5.000000000000000E-01   2.541973257600000E-07  -9.053299825600000E+01   8.680555361500000E+02   1.365851860300000E-03
  -3.508799659000000E-02   3.726076022600000E-02   5.000000000000000E-01   5.000000000000000E-01   2.555182191100000E-07  -9.053276446200000E+01   8.680555361500000E+02   1.372751256900000E-03
  -3.508956766000000E-02   3.744795137700000E-02   5.000000000000000E-01   5.000000000000000E-01   2.568389408100000E-07  -9.053252952299999E+01   8.680555361500000E+02   1.379649622100000E-03
  -3.509114637700000E-02   3.763511363200000E-02   5.000000000000000E-01   5.000000000000000E-01   2.581605551400000E-07  -9.053229344099999E+01   8.680555361500000E+02   1.386546951200000E-03
  -3.509273273800000E-02   3.782224686300000E-02   5.000000000000000E-01   5.000000000000000E-01   2.594825345300000E-07  -9.053205621600000E+01   8.680555361500000E+02   1.393443239700000E-03
  -3.509432673700000E-02   3.800935094200000E-02   5.000000000000000E-01   5.000000000000000E-01   2.609474321000000E-07  -9.053181784800000E+01   8.680555361500000E+02   1.400338483000000E-03
  -3.509592837100000E-02   3.819642574100000E-02   5.000000000000000E-01   5.000000000000000E-01   2.622719140800000E-07  -9.053157833900001E+01   8.680555361500000E+02   1.407232676400000E-03
  -3.509753763400000E-02   3.838347113200000E-02   5.000000000000000E-01   5.000000000000000E-01   2.635967817900000E-07  -9.053133768799999E+01   8.680555361500000E+02   1.414125815500000E-03
  -3.509915452300000E-02   3.857048698800000E-02   5.000000000000000E-01   5.000000000000000E-01   2.649392352700000E-07  -9.053109589700000E+01   8.680555361500000E+02   1.421017895600000E-03
  -3.510077903200000E-02   3.875747318200000E-02   5.000000000000000E-01   5.000000000000000E-01   2.662647228500000E-07  -9.053085296600000E+01   8.680555361500000E+02   1.427908912300000E-03
  -3.510241115800000E-02   3.894442958700000E-02   5.000000000000000E-01   5.000000000000000E-01   2.675905980400000E-07  -9.053060889600000E+01   8.680555361500000E+02   1.434798860800000E-03
  -3.510405089500000E-02   3.913135607700000E-02   5.000000000000000E-01   5.000000000000000E-01   2.689102783100000E-07  -9.053036368799999E+01   8.680555361500000E+02   1.441687736900000E-03
  -3.510569823900000E-02   3.931825252500000E-02   5.000000000000000E-01   5.000000000000000E-01   2.702367121400000E-07  -9.053011734200000E+01   8.680555361500000E+02   1.448575535800000E-03
  -3.510735318500000E-02   3.950511880500000E-02   5.000000000000000E-01   5.000000000000000E-01   2.715635362000000E-07  -9.052986985800000E+01   8.680555361500000E+02   1.455462253000000E-03
  -3.510901572900000E-02   3.969195479200000E-02   5.000000000000000E-01   5.000000000000000E-01   2.728801352200000E-07  -9.052962123899999E+01   8.680555361500000E+02   1.462347884200000E-03
  -3.511068586600000E-02   3.987876036000000E-02   5.000000000000000E-01   5.000000000000000E-01   2.742081586700000E-07  -9.052937148300001E+01   8.680555361500000E+02   1.469232424700000E-03
  -3.511236359200000E-02   4.006553538300000E-02   5.000000000000000E-01   5.000000000000000E-01   2.755365841100000E-07  -9.052912059300000E+01   8.680555361500000E+02   1.476115870200000E-03
  -3.511404890100000E-02   4.025227973800000E-02   5.000000000000000E-01   5.000000000000000E-01   2.767835791800000E-07  -9.052886856900000E+01   8.680555361500000E+02   1.482998216000000E-03
  -3.511574178900000E-02   4.043899329700000E-02   5.000000000000000E-01   5.000000000000000E-01   2.781128271100000E-07  -9.052861541100000E+01   8.680555361500000E+02   1.489879457800000E-03
  -3.511744225100000E-02   4.062567593900000E-02   5.000000000000000E-01   5.000000000000000E-01   2.794424878200000E-07  -9.052836112000000E+01   8.680555361500000E+02   1.496759591000000E-03
  -3.511915028300000E-02   4.081232753700000E-02   5.000000000000000E-01   5.000000000000000E-01   2.807686569600000E-07  -9.052810569600000E+01   8.680555361500000E+02   1.503638611300000E-03
  -3.512086587900000E-02   4.099894796900000E-02   5.000000000000000E-01   5.000000000000000E-01   2.820991442000000E-07  -9.052784914199999E+01   8.680555361500000E+02   1.510516514200000E-03
  -3.512258903600000E-02   4.118553711000000E-02   5.000000000000000E-01   5.000000000000000E-01   2.834300497900000E-07  -9.052759145600000E+01   8.680555361500000E+02   1.517393295200000E-03
  -3.512431974800000E-02   4.137209483600000E-02   5.000000000000000E-01   5.000000000000000E-01   2.846866391400000E-07  -9.052733264100000E+01   8.680555361500000E+02   1.524268949900000E-03
  -3.512605801000000E-02   4.155862102600000E-02   5.000000000000000E-01   5.000000000000000E-01   2.860182744600000E-07  -9.052707269600000E+01   8.680555361500000E+02   1.531143474000000E-03
  -3.512780381800000E-02   4.174511555500000E-02   5.000000000000000E-01   5.000000000000000E-01   2.873503365700000E-07  -9.052681162300000E+01   8.680555361500000E+02   1.538016862900000E-03
  -3.512955716700000E-02   4.193157830100000E-02   5.000000000000000E-01   5.000000000000000E-01   2.888375065900000E-07  -9.052654942200000E+01   8.680555361500000E+02   1.544889112400000E-03
  -3.513131805100000E-02   4.211800914200000E-02   5.000000000000000E-01   5.000000000000000E-01   2.901698252500000E-07  -9.052628609400000E+01   8.680555361500000E+02   1.551760218000000E-03
  -3.513308646700000E-02   4.230440795500000E-02   5.000000000000000E-01   5.000000000000000E-01   2.915025589300000E-07  -9.052602163900001E+01   8.680555361500000E+02   1.558630175400000E-03
  -3.513486240900000E-02   4.249077461900000E-02   5.000000000000000E-01   5.000000000000000E-01   2.928181746100000E-07  -9.052575605800000E+01   8.680555361500000E+02   1.565498980100000E-03
  -3.513664587200000E-02   4.267710901200000E-02   5.000000000000000E-01   5.000000000000000E-01   2.941524853800000E-07  -9.052548935300000E+01   8.680555361500000E+02   1.572366627900000E-03
  -3.513843685100000E-02   4.286341101300000E-02   5.000000000000000E-01   5.000000000000000E-01   2.954872270200000E-07  -9.052522152300000E+01   8.680555361500000E+02   1.579233114300000E-03
  -3.514023534200000E-02   4.304968049900000E-02   5.000000000000000E-01   5.000000000000000E-01   2.968391655800000E-07  -9.052495257000000E+01   8.680555361500000E+02   1.586098435100000E-03
  -3.514204134000000E-02   4.323591735200000E-02   5.000000000000000E-01   5.000000000000000E-01   2.981740182800000E-07  -9.052468249400000E+01   8.680555361500000E+02   1.592962585900000E-03
  -3.514385483800000E-02   4.342212145000000E-02   5.000000000000000E-01   5.000000000000000E-01   2.995092964700000E-07  -9.052441129600000E+01   8.680555361500000E+02   1.599825562400000E-03
  -3.514567583400000E-02   4.360829267200000E-02   5.000000000000000E-01   5.000000000000000E-01   3.007117175400000E-07  -9.052413897700001E+01   8.680555361500000E+02   1.606687360300000E-03
  -3.514750432100000E-02   4.379443089900000E-02   5.000000000000000E-01   5.000000000000000E-01   3.020486150000000E-07  -9.052386553700001E+01   8.680555361500000E+02   1.613547975200000E-03
  -3.514934029400000E-02   4.398053601200000E-02   5.000000000000000E-01   5.000000000000000E-01   3.033859600700000E-07  -9.052359097700000E+01   8.680555361500000E+02   1.620407403000000E-03
  -3.515118374900000E-02   4.416660789000000E-02   5.000000000000000E-01   5.000000000000000E-01   3.048314359500000E-07  -9.052331529800000E+01   8.680555361500000E+02   1.627265639300000E-03
  -3.515303468100000E-02   4.435264641400000E-02   5.000000000000000E-01   5.000000000000000E-01   3.061686168900000E-07  -9.052303850100000E+01   8.680555361500000E+02   1.634122679800000E-03
  -3.515489308300000E-02   4.453865146500000E-02   5.000000000000000E-01   5.000000000000000E-01   3.075062316900000E-07  -9.052276058699999E+01   8.680555361500000E+02   1.640978520300000E-03
  -3.515675895300000E-02   4.472462292600000E-02   5.000000000000000E-01   5.000000000000000E-01   3.088523855100000E-07  -9.052248155500000E+01   8.680555361500000E+02   1.647833156600000E-03
  -3.515863228300000E-02   4.491056067600000E-02   5.000000000000000E-01   5.000000000000000E-01   3.101909542900000E-07  -9.052220140800000E+01   8.680555361500000E+02   1.654686584300000E-03
  -3.516051306900000E-02   4.509646459900000E-02   5.000000000000000E-01   5.000000000000000E-01   3.115299625800000E-07  -9.052192014500000E+01   8.680555361500000E+02   1.661538799300000E-03
  -3.516240130700000E-02   4.528233457600000E-02   5.000000000000000E-01   5.000000000000000E-01   3.127096864800000E-07  -9.052163776800001E+01   8.680555361500000E+02   1.668389797400000E-03
  -3.516429699000000E-02   4.546817049000000E-02   5.000000000000000E-01   5.000000000000000E-01   3.140506202100000E-07  -9.052135427700000E+01   8.680555361500000E+02   1.675239574300000E-03
  -3.516620011500000E-02   4.565397222400000E-02   5.000000000000000E-01   5.000000000000000E-01   3.153920193200000E-07  -9.052106967300000E+01   8.680555361500000E+02   1.682088125800000E-03
  -3.516811067400000E-02   4.583973966000000E-02   5.000000000000000E-01   5.000000000000000E-01   3.167057192100000E-07  -9.052078395700001E+01   8.680555361500000E+02   1.688935447700000E-03
  -3.517002866500000E-02   4.602547268200000E-02   5.000000000000000E-01   5.000000000000000E-01   3.180455048000000E-07  -9.052049713000000E+01   8.680555361500000E+02   1.695781535900000E-03
  -3.517195408000000E-02   4.621117117300000E-02   5.000000000000000E-01   5.000000000000000E-01   3.193857318100000E-07  -9.052020919100001E+01   8.680555361500000E+02   1.702626386200000E-03
  -3.517388691500000E-02   4.639683501700000E-02   5.000000000000000E-01   5.000000000000000E-01   3.207113583100000E-07  -9.051992014299999E+01   8.680555361500000E+02   1.709469994500000E-03
  -3.517582716500000E-02   4.658246409800000E-02   5.000000000000000E-01   5.000000000000000E-01   3.220550467500000E-07  -9.051962998600000E+01   8.680555361500000E+02   1.716312356500000E-03
  -3.517777482500000E-02   4.676805830100000E-02   5.000000000000000E-01   5.000000000000000E-01   3.233992128400000E-07  -9.051933871999999E+01   8.680555361500000E+02   1.723153468100000E-03
  -3.517972988900000E-02   4.695361750900000E-02   5.000000000000000E-01   5.000000000000000E-01   3.249179087900000E-07  -9.051904634700000E+01   8.680555361500000E+02   1.729993325200000E-03
  -3.518169235200000E-02   4.713914160900000E-02   5.000000000000000E-01   5.000000000000000E-01   3.262631295600000E-07  -9.051875286800001E+01   8.680555361500000E+02   1.736831923800000E-03
  -3.518366220800000E-02   4.732463048600000E-02   5.000000000000000E-01   5.000000000000000E-01   3.276088261500000E-07  -9.051845828200000E+01   8.680555361500000E+02   1.743669259500000E-03
  -3.518563945300000E-02   4.751008402300000E-02   5.000000000000000E-01   5.000000000000000E-01   3.287560131700000E-07  -9.051816259100001E+01   8.680555361500000E+02   1.750505328500000E-03
  -3.518762408200000E-02   4.769550210900000E-02   5.000000000000000E-01   5.000000000000000E-01   3.301025625300000E-07  -9.051786579500001E+01   8.680555361500000E+02   1.757340126500000E-03
  -3.518961608800000E-02   4.788088462800000E-02   5.000000000000000E-01   5.000000000000000E-01   3.314496008300000E-07  -9.051756789600000E+01   8.680555361500000E+02   1.764173649500000E-03
  -3.519161546600000E-02   4.806623146700000E-02   5.000000000000000E-01   5.000000000000000E-01   3.330664964400000E-07  -9.051726889400000E+01   8.680555361500000E+02   1.771005893500000E-03
  -3.519362221200000E-02   4.825154251200000E-02   5.000000000000000E-01   5.000000000000000E-01   3.344143132200000E-07  -9.051696879100000E+01   8.680555361500000E+02   1.777836854300000E-03
  -3.519563631900000E-02   4.843681765100000E-02   5.000000000000000E-01   5.000000000000000E-01   3.357626097600000E-07  -9.051666758600000E+01   8.680555361500000E+02   1.784666527900000E-03
  -3.519765778300000E-02   4.862205677000000E-02   5.000000000000000E-01   5.000000000000000E-01   3.370476253500000E-07  -9.051636528000000E+01   8.680555361500000E+02   1.791494910300000E-03
  -3.519968659700000E-02   4.880725975800000E-02   5.000000000000000E-01   5.000000000000000E-01   3.383956898600000E-07  -9.051606187500001E+01   8.680555361500000E+02   1.798321997400000E-03
  -3.520172275800000E-02   4.899242650100000E-02   5.000000000000000E-01   5.000000000000000E-01   3.397442284800000E-07  -9.051575737100001E+01   8.680555361500000E+02   1.805147785300000E-03
  -3.520376625800000E-02   4.917755688800000E-02   5.000000000000000E-01   5.000000000000000E-01   3.410675790900000E-07  -9.051545176899999E+01   8.680555361500000E+02   1.811972269900000E-03
  -3.520581709300000E-02   4.936265080700000E-02   5.000000000000000E-01   5.000000000000000E-01   3.424168455700000E-07  -9.051514507000000E+01   8.680555361500000E+02   1.818795447200000E-03
  -3.520787525700000E-02   4.954770814600000E-02   5.000000000000000E-01   5.000000000000000E-01   3.437665897000000E-07  -9.051483727500000E+01   8.680555361500000E+02   1.825617313200000E-03
  -3.520994074500000E-02   4.973272879500000E-02   5.000000000000000E-01   5.000000000000000E-01   3.451966361900000E-07  -9.051452838400000E+01   8.680555361500000E+02   1.832437863900000E-03
  -3.521201355200000E-02   4.991771264300000E-02   5.000000000000000E-01   5.000000000000000E-01   3.465490100600000E-07  -9.051421839800000E+01   8.680555361500000E+02   1.839257095500000E-03
  -3.521409367100000E-02   5.010265957900000E-02   5.000000000000000E-01   5.000000000000000E-01   3.479018815800000E-07  -9.051390731900000E+01   8.680555361500000E+02   1.846075003800000E-03
  -3.521618109700000E-02   5.028756949300000E-02   5.000000000000000E-01   5.000000000000000E-01   3.492717929400000E-07  -9.051359514600000E+01   8.680555361500000E+02   1.852891585000000E-03
  -3.521827582600000E-02   5.047244227500000E-02   5.000000000000000E-01   5.000000000000000E-01   3.506251046800000E-07  -9.051328188100000E+01   8.680555361500000E+02   1.859706835200000E-03
  -3.522037785000000E-02   5.065727781600000E-02   5.000000000000000E-01   5.000000000000000E-01   3.519789123700000E-07  -9.051296752400000E+01   8.680555361500000E+02   1.866520750400000E-03
  -3.522248716600000E-02   5.084207600500000E-02   5.000000000000000E-01   5.000000000000000E-01   3.532996532500000E-07  -9.051265207700000E+01   8.680555361500000E+02   1.873333326600000E-03
  -3.522460376600000E-02   5.102683673400000E-02   5.000000000000000E-01   5.000000000000000E-01   3.546551384300000E-07  -9.051233554000000E+01   8.680555361500000E+02   1.880144560100000E-03
  -3.522672764600000E-02   5.121155989300000E-02   5.000000000000000E-01   5.000000000000000E-01   3.560111331900000E-07  -9.051201791500000E+01   8.680555361500000E+02   1.886954446800000E-03
  -3.522885880000000E-02   5.139624537600000E-02   5.000000000000000E-01   5.000000000000000E-01   3.572172769100000E-07  -9.051169920100000E+01   8.680555361500000E+02   1.893762982900000E-03
  -3.523099722300000E-02   5.158089307200000E-02   5.000000000000000E-01   5.000000000000000E-01   3.585744896700000E-07  -9.051137939900001E+01   8.680555361500000E+02   1.900570164600000E-03
  -3.523314290800000E-02   5.176550287500000E-02   5.000000000000000E-01   5.000000000000000E-01   3.599322249700000E-07  -9.051105851200001E+01   8.680555361500000E+02   1.907375987900000E-03
  -3.523529585100000E-02   5.195007467600000E-02   5.000000000000000E-01   5.000000000000000E-01   3.614417899300000E-07  -9.051073653800000E+01   8.680555361500000E+02   1.914180449000000E-03
  -3.523745604500000E-02   5.213460836800000E-02   5.000000000000000E-01   5.000000000000000E-01   3.628003503300000E-07  -9.051041348000000E+01   8.680555361500000E+02   1.920983544100000E-03
  -3.523962348500000E-02   5.231910384500000E-02   5.000000000000000E-01   5.000000000000000E-01   3.641594302300000E-07  -9.051008933800000E+01   8.680555361500000E+02   1.927785269300000E-03
  -3.524179816500000E-02   5.250356099900000E-02   5.000000000000000E-01   5.000000000000000E-01   3.655128819800000E-07  -9.050976411200000E+01   8.680555361500000E+02   1.934585620900000E-03
  -3.524398008000000E-02   5.268797972400000E-02   5.000000000000000E-01   5.000000000000000E-01   3.668717830000000E-07  -9.050943780500000E+01   8.680555361500000E+02   1.941384594900000E-03
  -3.524616922400000E-02   5.287235991300000E-02   5.000000000000000E-01   5.000000000000000E-01   3.682311960200000E-07  -9.050911041600000E+01   8.680555361500000E+02   1.948182187600000E-03
  -3.524836559100000E-02   5.305670146100000E-02   5.000000000000000E-01   5.000000000000000E-01   3.695375003400000E-07  -9.050878194600000E+01   8.680555361500000E+02   1.954978395200000E-03
  -3.525056917600000E-02   5.324100426200000E-02   5.000000000000000E-01   5.000000000000000E-01   3.708974150900000E-07  -9.050845239700000E+01   8.680555361500000E+02   1.961773214000000E-03
  -3.525277997200000E-02   5.342526821100000E-02   5.000000000000000E-01   5.000000000000000E-01   3.722578432400000E-07  -9.050812176900000E+01   8.680555361500000E+02   1.968566640100000E-03
  -3.525499797400000E-02   5.360949320300000E-02   5.000000000000000E-01   5.000000000000000E-01   3.735072554100000E-07  -9.050779006300000E+01   8.680555361500000E+02   1.975358669800000E-03
  -3.525722317700000E-02   5.379367913300000E-02   5.000000000000000E-01   5.000000000000000E-01   3.748708575500000E-07  -9.050745728000000E+01   8.680555361500000E+02   1.982149299300000E-03
  -3.525945557400000E-02   5.397782589600000E-02   5.000000000000000E-01   5.000000000000000E-01   3.762350036900000E-07  -9.050712342000000E+01   8.680555361500000E+02   1.988938524900000E-03
  -3.526169516000000E-02   5.416193338900000E-02   5.000000000000000E-01   5.000000000000000E-01   3.776234284900000E-07  -9.050678848500000E+01   8.680555361500000E+02   1.995726342900000E-03
  -3.526394192900000E-02   5.434600150800000E-02   5.000000000000000E-01   5.000000000000000E-01   3.789886603800000E-07  -9.050645247500000E+01   8.680555361500000E+02   2.002512749600000E-03
  -3.526619587600000E-02   5.453003014800000E-02   5.000000000000000E-01   5.000000000000000E-01   3.803544404000000E-07  -9.050611539200000E+01   8.680555361500000E+02   2.009297741200000E-03
  -3.526845699300000E-02   5.471401920700000E-02   5.000000000000000E-01   5.000000000000000E-01   3.818146109400000E-07  -9.050577723600000E+01   8.680555361500000E+02   2.016081314100000E-03
  -3.527072527600000E-02   5.489796858200000E-02   5.000000000000000E-01   5.000000000000000E-01   3.831793736900000E-07  -9.050543800800000E+01   8.680555361500000E+02   2.022863464600000E-03
  -3.527300071900000E-02   5.508187817100000E-02   5.000000000000000E-01   5.000000000000000E-01   3.845446652900000E-07  -9.050509770799999E+01   8.680555361500000E+02   2.029644188900000E-03
  -3.527528331600000E-02   5.526574787000000E-02   5.000000000000000E-01   5.000000000000000E-01   3.858876067700000E-07  -9.050475633900000E+01   8.680555361500000E+02   2.036423483500000E-03
  -3.527757306100000E-02   5.544957757700000E-02   5.000000000000000E-01   5.000000000000000E-01   3.872560807900000E-07  -9.050441390000000E+01   8.680555361500000E+02   2.043201344700000E-03
  -3.527986994900000E-02   5.563336719200000E-02   5.000000000000000E-01   5.000000000000000E-01   3.886251100400000E-07  -9.050407039200000E+01   8.680555361500000E+02   2.049977768800000E-03
  -3.528217397200000E-02   5.581711661200000E-02   5.000000000000000E-01   5.000000000000000E-01   3.899383898400000E-07  -9.050372581700000E+01   8.680555361500000E+02   2.056752752200000E-03
  -3.528448512600000E-02   5.600082573600000E-02   5.000000000000000E-01   5.000000000000000E-01   3.913086081000000E-07  -9.050338017500000E+01   8.680555361500000E+02   2.063526291200000E-03
  -3.528680340500000E-02   5.618449446300000E-02   5.000000000000000E-01   5.000000000000000E-01   3.926793891100000E-07  -9.050303346800000E+01   8.680555361500000E+02   2.070298382400000E-03
  -3.528912880200000E-02   5.636812269300000E-02   5.000000000000000E-01   5.000000000000000E-01   3.940854724900000E-07  -9.050268569500000E+01   8.680555361500000E+02   2.077069022000000E-03
  -3.529146131200000E-02   5.655171032600000E-02   5.000000000000000E-01   5.000000000000000E-01   3.954573401800000E-07  -9.050233685800001E+01   8.680555361500000E+02   2.083838206500000E-03
  -3.529380092900000E-02   5.673525726100000E-02   5.000000000000000E-01   5.000000000000000E-01   3.968297740200000E-07  -9.050198695800000E+01   8.680555361500000E+02   2.090605932400000E-03
  -3.529614764700000E-02   5.691876339900000E-02   5.000000000000000E-01   5.000000000000000E-01   3.982595854000000E-07  -9.050163599600000E+01   8.680555361500000E+02   2.097372195900000E-03
  -3.529850146000000E-02   5.710222864000000E-02   5.000000000000000E-01   5.000000000000000E-01   3.996311016900000E-07  -9.050128397200000E+01   8.680555361500000E+02   2.104136993600000E-03
  -3.530086236200000E-02   5.728565288600000E-02   5.000000000000000E-01   5.000000000000000E-01   4.010031676800000E-07  -9.050093088800000E+01   8.680555361500000E+02   2.110900322000000E-03
  -3.530323034600000E-02   5.746903603600000E-02   5.000000000000000E-01   5.000000000000000E-01   4.023834156400000E-07  -9.050057674300000E+01   8.680555361500000E+02   2.117662177500000E-03
  -3.530560540800000E-02   5.765237799400000E-02   5.000000000000000E-01   5.000000000000000E-01   4.037585521000000E-07  -9.050022154100000E+01   8.680555361500000E+02   2.124422556500000E-03
  -3.530798754100000E-02   5.783567866100000E-02   5.000000000000000E-01   5.000000000000000E-01   4.051342612900000E-07  -9.049986527999999E+01   8.680555361500000E+02   2.131181455600000E-03
  -3.531037673900000E-02   5.801893793800000E-02   5.000000000000000E-01   5.000000000000000E-01   4.065689158100000E-07  -9.049950796200000E+01   8.680555361500000E+02   2.137938871200000E-03
  -3.531277299600000E-02   5.820215572800000E-02   5.000000000000000E-01   5.000000000000000E-01   4.079446975100000E-07  -9.049914958799999E+01   8.680555361500000E+02   2.144694799900000E-03
  -3.531517630500000E-02   5.838533193500000E-02   5.000000000000000E-01   5.000000000000000E-01   4.093210449600000E-07  -9.049879015900000E+01   8.680555361500000E+02   2.151449238200000E-03
  -3.531758666200000E-02   5.856846646000000E-02   5.000000000000000E-01   5.000000000000000E-01   4.106570785300000E-07  -9.049842967600000E+01   8.680555361500000E+02   2.158202182600000E-03
  -3.532000406000000E-02   5.875155920700000E-02   5.000000000000000E-01   5.000000000000000E-01   4.120356096700000E-07  -9.049806813900000E+01   8.680555361500000E+02   2.164953629700000E-03
  -3.532242849300000E-02   5.893461008000000E-02   5.000000000000000E-01   5.000000000000000E-01   4.134147221800000E-07  -9.049770554900000E+01   8.680555361500000E+02   2.171703575900000E-03
  -3.532485995400000E-02   5.911761898300000E-02   5.000000000000000E-01   5.000000000000000E-01   4.146510685700000E-07  -9.049734190800000E+01   8.680555361500000E+02   2.178452017900000E-03
  -3.532729843800000E-02   5.930058581900000E-02   5.000000000000000E-01   5.000000000000000E-01   4.160317214600000E-07  -9.049697721699999E+01   8.680555361500000E+02   2.185198952300000E-03
  -3.532974393900000E-02   5.948351049400000E-02   5.000000000000000E-01   5.000000000000000E-01   4.174129681100000E-07  -9.049661147499999E+01   8.680555361500000E+02   2.191944375500000E-03
  -3.533219645100000E-02   5.966639291200000E-02   5.000000000000000E-01   5.000000000000000E-01   4.187792138000000E-07  -9.049624468499999E+01   8.680555361500000E+02   2.198688284300000E-03
  -3.533465596600000E-02   5.984923297900000E-02   5.000000000000000E-01   5.000000000000000E-01   4.201616714900000E-07  -9.049587684700001E+01   8.680555361500000E+02   2.205430675200000E-03
  -3.533712248100000E-02   6.003203059800000E-02   5.000000000000000E-01   5.000000000000000E-01   4.215447283900000E-07  -9.049550796100000E+01   8.680555361500000E+02   2.212171544800000E-03
  -3.533959598700000E-02   6.021478567700000E-02   5.000000000000000E-01   5.000000000000000E-01   4.227087669500000E-07  -9.049513803000001E+01   8.680555361500000E+02   2.218910889700000E-03
  -3.534207648000000E-02   6.039749812200000E-02   5.000000000000000E-01   5.000000000000000E-01   4.240881134800000E-07  -9.049476705300000E+01   8.680555361500000E+02   2.225648706700000E-03
  -3.534456395200000E-02   6.058016783800000E-02   5.000000000000000E-01   5.000000000000000E-01   4.254680261400000E-07  -9.049439503200000E+01   8.680555361500000E+02   2.232384992300000E-03
  -3.534705839900000E-02   6.076279473200000E-02   5.000000000000000E-01   5.000000000000000E-01   4.272768519300000E-07  -9.049402196699999E+01   8.680555361500000E+02   2.239119743200000E-03
  -3.534955981200000E-02   6.094537871100000E-02   5.000000000000000E-01   5.000000000000000E-01   4.286619975700000E-07  -9.049364786000000E+01   8.680555361500000E+02   2.245852956100000E-03
  -3.535206818800000E-02   6.112791968200000E-02   5.000000000000000E-01   5.000000000000000E-01   4.300477384900000E-07  -9.049327271100000E+01   8.680555361500000E+02   2.252584627600000E-03
  -3.535458351900000E-02   6.131041755400000E-02   5.000000000000000E-01   5.000000000000000E-01   4.311337121400000E-07  -9.049289652200000E+01   8.680555361500000E+02   2.259314754500000E-03
  -3.535710579900000E-02   6.149287223200000E-02   5.000000000000000E-01   5.000000000000000E-01   4.325173611000000E-07  -9.049251929300000E+01   8.680555361500000E+02   2.266043333400000E-03
  -3.535963502100000E-02   6.167528362700000E-02   5.000000000000000E-01   5.000000000000000E-01   4.339015892100000E-07  -9.049214102500000E+01   8.680555361500000E+02   2.272770361100000E-03
  -3.536217118100000E-02   6.185765164600000E-02   5.000000000000000E-01   5.000000000000000E-01   4.355284892400000E-07  -9.049176172000000E+01   8.680555361500000E+02   2.279495834200000E-03
  -3.536471427100000E-02   6.203997619700000E-02   5.000000000000000E-01   5.000000000000000E-01   4.369179153300000E-07  -9.049138137700000E+01   8.680555361500000E+02   2.286219749600000E-03
  -3.536726428500000E-02   6.222225719000000E-02   5.000000000000000E-01   5.000000000000000E-01   4.383079538100000E-07  -9.049099999800001E+01   8.680555361500000E+02   2.292942103900000E-03
  -3.536982121700000E-02   6.240449453400000E-02   5.000000000000000E-01   5.000000000000000E-01   4.397627939400000E-07  -9.049061758400001E+01   8.680555361500000E+02   2.299662893900000E-03
  -3.537238506200000E-02   6.258668813899999E-02   5.000000000000000E-01   5.000000000000000E-01   4.411534301200000E-07  -9.049023413600000E+01   8.680555361500000E+02   2.306382116400000E-03
  -3.537495581100000E-02   6.276883791500000E-02   5.000000000000000E-01   5.000000000000000E-01   4.425446762800000E-07  -9.048984965500000E+01   8.680555361500000E+02   2.313099768200000E-03
  -3.537753346000000E-02   6.295094377200000E-02   5.000000000000000E-01   5.000000000000000E-01   4.437831987700000E-07  -9.048946414200000E+01   8.680555361500000E+02   2.319815846100000E-03
  -3.538011800200000E-02   6.313300561900000E-02   5.000000000000000E-01   5.000000000000000E-01   4.451766317400000E-07  -9.048907759700000E+01   8.680555361500000E+02   2.326530346800000E-03
  -3.538270943100000E-02   6.331502337000000E-02   5.000000000000000E-01   5.000000000000000E-01   4.465706914300000E-07  -9.048869002100000E+01   8.680555361500000E+02   2.333243267100000E-03
  -3.538530774000000E-02   6.349699693300000E-02   5.000000000000000E-01   5.000000000000000E-01   4.481042048300000E-07  -9.048830141700000E+01   8.680555361500000E+02   2.339954604000000E-03
  -3.538791292400000E-02   6.367892622100001E-02   5.000000000000000E-01   5.000000000000000E-01   4.494987871600000E-07  -9.048791178300000E+01   8.680555361500000E+02   2.346664354100000E-03
  -3.539052497500000E-02   6.386081114599999E-02   5.000000000000000E-01   5.000000000000000E-01   4.508939912600000E-07  -9.048752112200000E+01   8.680555361500000E+02   2.353372514400000E-03
  -3.539314388800000E-02   6.404265161900000E-02   5.000000000000000E-01   5.000000000000000E-01   4.522040661200000E-07  -9.048712943400000E+01   8.680555361500000E+02   2.360079081800000E-03
  -3.539576965600000E-02   6.422444755300000E-02   5.000000000000000E-01   5.000000000000000E-01   4.536011231200000E-07  -9.048673672100000E+01   8.680555361500000E+02   2.366784053000000E-03
  -3.539840227300000E-02   6.440619886000000E-02   5.000000000000000E-01   5.000000000000000E-01   4.549988136500000E-07  -9.048634298200000E+01   8.680555361500000E+02   2.373487424900000E-03
  -3.540104173300000E-02   6.458790545400001E-02   5.000000000000000E-01   5.000000000000000E-01   4.562674160200000E-07  -9.048594822000000E+01   8.680555361500000E+02   2.380189194500000E-03
  -3.540368802900000E-02   6.476956724800000E-02   5.000000000000000E-01   5.000000000000000E-01   4.576626635600000E-07  -9.048555243500000E+01   8.680555361500000E+02   2.386889358700000E-03
  -3.540634115500000E-02   6.495118415400000E-02   5.000000000000000E-01   5.000000000000000E-01   4.590585216000000E-07  -9.048515562800000E+01   8.680555361500000E+02   2.393587914300000E-03
  -3.540900110400000E-02   6.513275608800000E-02   5.000000000000000E-01   5.000000000000000E-01   4.605717339000000E-07  -9.048475780000000E+01   8.680555361500000E+02   2.400284858200000E-03
  -3.541166787100000E-02   6.531428296300000E-02   5.000000000000000E-01   5.000000000000000E-01   4.619727090700000E-07  -9.048435895199999E+01   8.680555361500000E+02   2.406980187500000E-03
  -3.541434144800000E-02   6.549576469399999E-02   5.000000000000000E-01   5.000000000000000E-01   4.633743283900000E-07  -9.048395908400001E+01   8.680555361500000E+02   2.413673899000000E-03
  -3.541702183000000E-02   6.567720119500001E-02   5.000000000000000E-01   5.000000000000000E-01   4.647245063500000E-07  -9.048355819900000E+01   8.680555361500000E+02   2.420365989700000E-03
  -3.541970901000000E-02   6.585859238100000E-02   5.000000000000000E-01   5.000000000000000E-01   4.661275791100000E-07  -9.048315629600000E+01   8.680555361500000E+02   2.427056456600000E-03
  -3.542240298200000E-02   6.603993816800000E-02   5.000000000000000E-01   5.000000000000000E-01   4.675313031500000E-07  -9.048275337699999E+01   8.680555361500000E+02   2.433745296500000E-03
  -3.542510373800000E-02   6.622123847200000E-02   5.000000000000000E-01   5.000000000000000E-01   4.687620960600000E-07  -9.048234944300000E+01   8.680555361500000E+02   2.440432506600000E-03
  -3.542781127400000E-02   6.640249320800000E-02   5.000000000000000E-01   5.000000000000000E-01   4.701623071600000E-07  -9.048194449400000E+01   8.680555361500000E+02   2.447118083800000E-03
  -3.543052558200000E-02   6.658370229200000E-02   5.000000000000000E-01   5.000000000000000E-01   4.715631392200000E-07  -9.048153853200000E+01   8.680555361500000E+02   2.453802025200000E-03
  -3.543324665700000E-02   6.676486564200000E-02   5.000000000000000E-01   5.000000000000000E-01   4.732926223800000E-07  -9.048113155800000E+01   8.680555361500000E+02   2.460484327600000E-03
  -3.543597449000000E-02   6.694598317400000E-02   5.000000000000000E-01   5.000000000000000E-01   4.746976564000000E-07  -9.048072357200000E+01   8.680555361500000E+02   2.467164988200000E-03
  -3.543870907700000E-02   6.712705480500000E-02   5.000000000000000E-01   5.000000000000000E-01   4.761033320300000E-07  -9.048031457499999E+01   8.680555361500000E+02   2.473844004000000E-03
  -3.544145041100000E-02   6.730808045300000E-02   5.000000000000000E-01   5.000000000000000E-01   4.772244644500000E-07  -9.047990456900000E+01   8.680555361500000E+02   2.480521372100000E-03
  -3.544419848500000E-02   6.748906003500001E-02   5.000000000000000E-01   5.000000000000000E-01   4.786287695900000E-07  -9.047949355400000E+01   8.680555361500000E+02   2.487197089500000E-03
  -3.544695329300000E-02   6.766999346999999E-02   5.000000000000000E-01   5.000000000000000E-01   4.800337060100000E-07  -9.047908153200000E+01   8.680555361500000E+02   2.493871153200000E-03
  -3.544971482800000E-02   6.785088067599999E-02   5.000000000000000E-01   5.000000000000000E-01   4.814385076500000E-07  -9.047866850200000E+01   8.680555361500000E+02   2.500543560400000E-03
  -3.545248308300000E-02   6.803172157100000E-02   5.000000000000000E-01   5.000000000000000E-01   4.828498483200000E-07  -9.047825446800000E+01   8.680555361500000E+02   2.507214308200000E-03
  -3.545525805400000E-02   6.821251607499999E-02   5.000000000000000E-01   5.000000000000000E-01   4.842618649500000E-07  -9.047783942800000E+01   8.680555361500000E+02   2.513883393700000E-03
  -3.545803973200000E-02   6.839326410700000E-02   5.000000000000000E-01   5.000000000000000E-01   4.856670719100000E-07  -9.047742338499999E+01   8.680555361500000E+02   2.520550813900000E-03
  -3.546082811200000E-02   6.857396558600000E-02   5.000000000000000E-01   5.000000000000000E-01   4.870752358900000E-07  -9.047700633800000E+01   8.680555361500000E+02   2.527216566000000E-03
  -3.546362318600000E-02   6.875462043300000E-02   5.000000000000000E-01   5.000000000000000E-01   4.884840400500000E-07  -9.047658829000000E+01   8.680555361500000E+02   2.533880647100000E-03
  -3.546642494900000E-02   6.893522856700000E-02   5.000000000000000E-01   5.000000000000000E-01   4.897891455600000E-07  -9.047616924099999E+01   8.680555361500000E+02   2.540543054500000E-03
  -3.546923339400000E-02   6.911578990800001E-02   5.000000000000000E-01   5.000000000000000E-01   4.912047173900000E-07  -9.047574919199999E+01   8.680555361500000E+02   2.547203785200000E-03
  -3.547204851400000E-02   6.929630437900000E-02   5.000000000000000E-01   5.000000000000000E-01   4.926209781400000E-07  -9.047532814500001E+01   8.680555361500000E+02   2.553862836400000E-03
  -3.547487030300000E-02   6.947677189900001E-02   5.000000000000000E-01   5.000000000000000E-01   4.942273729000000E-07  -9.047490609899999E+01   8.680555361500000E+02   2.560520205300000E-03
  -3.547769875400000E-02   6.965719239100000E-02   5.000000000000000E-01   5.000000000000000E-01   4.956447318500000E-07  -9.047448305600000E+01   8.680555361500000E+02   2.567175889000000E-03
  -3.548053386100000E-02   6.983756577500000E-02   5.000000000000000E-01   5.000000000000000E-01   4.970627782200000E-07  -9.047405901700000E+01   8.680555361500000E+02   2.573829884900000E-03
  -3.548337561800000E-02   7.001789197400000E-02   5.000000000000000E-01   5.000000000000000E-01   4.984143197600000E-07  -9.047363398300000E+01   8.680555361500000E+02   2.580482190000000E-03
  -3.548622401700000E-02   7.019817091100000E-02   5.000000000000000E-01   5.000000000000000E-01   4.998338813200000E-07  -9.047320795500001E+01   8.680555361500000E+02   2.587132801700000E-03
  -3.548907905200000E-02   7.037840250600000E-02   5.000000000000000E-01   5.000000000000000E-01   5.012541371800001E-07  -9.047278093400000E+01   8.680555361500000E+02   2.593781717100000E-03
  -3.549194071700000E-02   7.055858668499999E-02   5.000000000000000E-01   5.000000000000000E-01   5.028852122400000E-07  -9.047235292100000E+01   8.680555361500000E+02   2.600428933600000E-03
  -3.549480900400000E-02   7.073872336900000E-02   5.000000000000000E-01   5.000000000000000E-01   5.043033885100000E-07  -9.047192391700000E+01   8.680555361500000E+02   2.607074448300000E-03
  -3.549768390900000E-02   7.091881248300000E-02   5.000000000000000E-01   5.000000000000000E-01   5.057222333300000E-07  -9.047149392199999E+01   8.680555361500000E+02   2.613718258500000E-03
  -3.550056542300000E-02   7.109885394899999E-02   5.000000000000000E-01   5.000000000000000E-01   5.071835890100000E-07  -9.047106293800000E+01   8.680555361500000E+02   2.620360361400000E-03
  -3.550345354000000E-02   7.127884769200001E-02   5.000000000000000E-01   5.000000000000000E-01   5.086063944700000E-07  -9.047063096600000E+01   8.680555361500000E+02   2.627000754500000E-03
  -3.550634825400000E-02   7.145879363700000E-02   5.000000000000000E-01   5.000000000000000E-01   5.100298914500000E-07  -9.047019800699999E+01   8.680555361500000E+02   2.633639435000000E-03
  -3.550924955800000E-02   7.163869170800000E-02   5.000000000000000E-01   5.000000000000000E-01   5.114696513300000E-07  -9.046976406200000E+01   8.680555361500000E+02   2.640276400100000E-03
  -3.551215744600000E-02   7.181854183000000E-02   5.000000000000000E-01   5.000000000000000E-01   5.128943716600000E-07  -9.046932913099999E+01   8.680555361500000E+02   2.646911647300000E-03
  -3.551507191100000E-02   7.199834392899999E-02   5.000000000000000E-01   5.000000000000000E-01   5.143197863900000E-07  -9.046889321600000E+01   8.680555361500000E+02   2.653545173800000E-03
  -3.551799294600000E-02   7.217809792900000E-02   5.000000000000000E-01   5.000000000000000E-01   5.155414381000000E-07  -9.046845631799999E+01   8.680555361500000E+02   2.660176977000000E-03
  -3.552092054400000E-02   7.235780375700000E-02   5.000000000000000E-01   5.000000000000000E-01   5.169645196600001E-07  -9.046801843800000E+01   8.680555361500000E+02   2.666807054200000E-03
  -3.552385470000000E-02   7.253746133900001E-02   5.000000000000000E-01   5.000000000000000E-01   5.183882765800000E-07  -9.046757957600001E+01   8.680555361500000E+02   2.673435402800000E-03
  -3.552679540600000E-02   7.271707060099999E-02   5.000000000000000E-01   5.000000000000000E-01   5.199418605900000E-07  -9.046713973400000E+01   8.680555361500000E+02   2.680062020200000E-03
  -3.552974265600000E-02   7.289663147100001E-02   5.000000000000000E-01   5.000000000000000E-01   5.213680931900000E-07  -9.046669891200000E+01   8.680555361500000E+02   2.686686903800000E-03
  -3.553269644300000E-02   7.307614387500000E-02   5.000000000000000E-01   5.000000000000000E-01   5.227950110800000E-07  -9.046625711199999E+01   8.680555361500000E+02   2.693310050800000E-03
  -3.553565676000000E-02   7.325560774000001E-02   5.000000000000000E-01   5.000000000000000E-01   5.239531221300000E-07  -9.046581433500000E+01   8.680555361500000E+02   2.699931458900000E-03
  -3.553862360200000E-02   7.343502299400000E-02   5.000000000000000E-01   5.000000000000000E-01   5.253856478400000E-07  -9.046537058100000E+01   8.680555361500000E+02   2.706551125300000E-03
  -3.554159696100000E-02   7.361438956600000E-02   5.000000000000000E-01   5.000000000000000E-01   5.268188984200000E-07  -9.046492585199999E+01   8.680555361500000E+02   2.713169047500000E-03
  -3.554457683000000E-02   7.379370738300001E-02   5.000000000000000E-01   5.000000000000000E-01   5.284287567500000E-07  -9.046448014900000E+01   8.680555361500000E+02   2.719785223000000E-03
  -3.554756320300000E-02   7.397297637399999E-02   5.000000000000000E-01   5.000000000000000E-01   5.298630497900000E-07  -9.046403347200000E+01   8.680555361500000E+02   2.726399649100000E-03
  -3.555055607300000E-02   7.415219646800000E-02   5.000000000000000E-01   5.000000000000000E-01   5.312980660100000E-07  -9.046358582300000E+01   8.680555361500000E+02   2.733012323400000E-03
  -3.555355543400000E-02   7.433136759300001E-02   5.000000000000000E-01   5.000000000000000E-01   5.329315773200000E-07  -9.046313720200000E+01   8.680555361500000E+02   2.739623243200000E-03
  -3.555656127900000E-02   7.451048968000000E-02   5.000000000000000E-01   5.000000000000000E-01   5.343662709200000E-07  -9.046268761100001E+01   8.680555361500000E+02   2.746232406200000E-03
  -3.555957360200000E-02   7.468956265800000E-02   5.000000000000000E-01   5.000000000000000E-01   5.358016759700000E-07  -9.046223705100000E+01   8.680555361500000E+02   2.752839809800000E-03
  -3.556259239400000E-02   7.486858645699999E-02   5.000000000000000E-01   5.000000000000000E-01   5.372003275200000E-07  -9.046178552200000E+01   8.680555361500000E+02   2.759445451400000E-03
  -3.556561765100000E-02   7.504756100700000E-02   5.000000000000000E-01   5.000000000000000E-01   5.386380723600000E-07  -9.046133302600001E+01   8.680555361500000E+02   2.766049328600000E-03
  -3.556864936500000E-02   7.522648623900000E-02   5.000000000000000E-01   5.000000000000000E-01   5.400765399500000E-07  -9.046087956300001E+01   8.680555361500000E+02   2.772651439000000E-03
  -3.557168752900000E-02   7.540536208400000E-02   5.000000000000000E-01   5.000000000000000E-01   5.411513956100000E-07  -9.046042513499999E+01   8.680555361500000E+02   2.779251779900000E-03
  -3.557473213700000E-02   7.558418847300000E-02   5.000000000000000E-01   5.000000000000000E-01   5.425927918200000E-07  -9.045996974200000E+01   8.680555361500000E+02   2.785850349100000E-03
  -3.557778318200000E-02   7.576296533800000E-02   5.000000000000000E-01   5.000000000000000E-01   5.440349315700000E-07  -9.045951338600000E+01   8.680555361500000E+02   2.792447144100000E-03
  -3.558084065700000E-02   7.594169260899999E-02   5.000000000000000E-01   5.000000000000000E-01   5.455174859600001E-07  -9.045905606700001E+01   8.680555361500000E+02   2.799042162300000E-03
  -3.558390455700000E-02   7.612037022100000E-02   5.000000000000000E-01   5.000000000000000E-01   5.469610384800000E-07  -9.045859778700000E+01   8.680555361500000E+02   2.805635401400000E-03
  -3.558697487300000E-02   7.629899810300000E-02   5.000000000000000E-01   5.000000000000000E-01   5.484053376500000E-07  -9.045813854700000E+01   8.680555361500000E+02   2.812226859000000E-03
  -3.559005159900000E-02   7.647757619100000E-02   5.000000000000000E-01   5.000000000000000E-01   5.501956250500000E-07  -9.045767834700000E+01   8.680555361500000E+02   2.818816532700000E-03
  -3.559313472900000E-02   7.665610441500000E-02   5.000000000000000E-01   5.000000000000000E-01   5.516390604300000E-07  -9.045721718900000E+01   8.680555361500000E+02   2.825404420000000E-03
  -3.559622425500000E-02   7.683458271000000E-02   5.000000000000000E-01   5.000000000000000E-01   5.530832248400000E-07  -9.045675507300000E+01   8.680555361500000E+02   2.831990518600000E-03
  -3.559932017200000E-02   7.701301100999999E-02   5.000000000000000E-01   5.000000000000000E-01   5.543728093600000E-07  -9.045629200099999E+01   8.680555361500000E+02   2.838574826200000E-03
  -3.560242247200000E-02   7.719138924700000E-02   5.000000000000000E-01   5.000000000000000E-01   5.558202735600001E-07  -9.045582797300000E+01   8.680555361500000E+02   2.845157340300000E-03
  -3.560553114800000E-02   7.736971735600000E-02   5.000000000000000E-01   5.000000000000000E-01   5.572684859800000E-07  -9.045536299100000E+01   8.680555361500000E+02   2.851738058600000E-03
  -3.560864619500000E-02   7.754799527200000E-02   5.000000000000000E-01   5.000000000000000E-01   5.588674168400000E-07  -9.045489705599999E+01   8.680555361500000E+02   2.858316978800000E-03
  -3.561176760400000E-02   7.772622292799999E-02   5.000000000000000E-01   5.000000000000000E-01   5.603153967700000E-07  -9.045443016800000E+01   8.680555361500000E+02   2.864894098500000E-03
  -3.561489537000000E-02   7.790440026100000E-02   5.000000000000000E-01   5.000000000000000E-01   5.617641150500000E-07  -9.045396232900001E+01   8.680555361500000E+02   2.871469415400000E-03
  -3.561802948500000E-02   7.808252720500000E-02   5.000000000000000E-01   5.000000000000000E-01   5.627459305200000E-07  -9.045349353899999E+01   8.680555361500000E+02   2.878042927300000E-03
  -3.562116994300000E-02   7.826060369700000E-02   5.000000000000000E-01   5.000000000000000E-01   5.641988395900000E-07  -9.045302380000000E+01   8.680555361500000E+02   2.884614631700000E-03
  -3.562431673800000E-02   7.843862967100000E-02   5.000000000000000E-01   5.000000000000000E-01   5.656525166600000E-07  -9.045255311200000E+01   8.680555361500000E+02   2.891184526400000E-03
  -3.562746986100000E-02   7.861660506400001E-02   5.000000000000000E-01   5.000000000000000E-01   5.673527630700000E-07  -9.045208147800000E+01   8.680555361500000E+02   2.897752609200000E-03
  -3.563062930700000E-02   7.879452981200000E-02   5.000000000000000E-01   5.000000000000000E-01   5.688073391500000E-07  -9.045160889600000E+01   8.680555361500000E+02   2.904318877800000E-03
  -3.563379506900000E-02   7.897240385300000E-02   5.000000000000000E-01   5.000000000000000E-01   5.702626793700000E-07  -9.045113537000000E+01   8.680555361500000E+02   2.910883329900000E-03
  -3.563696714000000E-02   7.915022712200000E-02   5.000000000000000E-01   5.000000000000000E-01   5.718862001000000E-07  -9.045066089900000E+01   8.680555361500000E+02   2.917445963200000E-03
  -3.564014551300000E-02   7.932799955800000E-02   5.000000000000000E-01   5.000000000000000E-01   5.733397353500000E-07  -9.045018548400000E+01   8.680555361500000E+02   2.924006775600000E-03
  -3.564333018200000E-02   7.950572109800000E-02   5.000000000000000E-01   5.000000000000000E-01   5.747940143700000E-07  -9.044970912799999E+01   8.680555361500000E+02   2.930565764700000E-03
  -3.564652113900000E-02   7.968339167999999E-02   5.000000000000000E-01   5.000000000000000E-01   5.762926752500000E-07  -9.044923183000000E+01   8.680555361500000E+02   2.937122928500000E-03
  -3.564971837900000E-02   7.986101124200000E-02   5.000000000000000E-01   5.000000000000000E-01   5.777496824500000E-07  -9.044875359200000E+01   8.680555361500000E+02   2.943678264600000E-03
  -3.565292189300000E-02   8.003857972300001E-02   5.000000000000000E-01   5.000000000000000E-01   5.792074448600000E-07  -9.044827441400000E+01   8.680555361500000E+02   2.950231770900000E-03
  -3.565613167600000E-02   8.021609706000001E-02   5.000000000000000E-01   5.000000000000000E-01   5.806555891900000E-07  -9.044779429800001E+01   8.680555361500000E+02   2.956783445300000E-03
  -3.565934772000000E-02   8.039356319400000E-02   5.000000000000000E-01   5.000000000000000E-01   5.821155575500000E-07  -9.044731324500000E+01   8.680555361500000E+02   2.963333285400000E-03
  -3.566257001900000E-02   8.057097806400000E-02   5.000000000000000E-01   5.000000000000000E-01   5.835762897900000E-07  -9.044683125500001E+01   8.680555361500000E+02   2.969881289200000E-03
  -3.566579856600000E-02   8.074834160800000E-02   5.000000000000000E-01   5.000000000000000E-01   5.849431313800000E-07  -9.044634833100000E+01   8.680555361500000E+02   2.976427454500000E-03
  -3.566903335400000E-02   8.092565376800000E-02   5.000000000000000E-01   5.000000000000000E-01   5.864065058400000E-07  -9.044586447200000E+01   8.680555361500000E+02   2.982971779200000E-03
  -3.567227437600000E-02   8.110291448199999E-02   5.000000000000000E-01   5.000000000000000E-01   5.878706567900000E-07  -9.044537967900000E+01   8.680555361500000E+02   2.989514261000000E-03
  -3.567552162600000E-02   8.128012369300000E-02   5.000000000000000E-01   5.000000000000000E-01   5.894343755900001E-07  -9.044489395500000E+01   8.680555361500000E+02   2.996054898000000E-03
  -3.567877509700000E-02   8.145728133900000E-02   5.000000000000000E-01   5.000000000000000E-01   5.908984039200000E-07  -9.044440729900001E+01   8.680555361500000E+02   3.002593688000000E-03
  -3.568203478200000E-02   8.163438736299999E-02   5.000000000000000E-01   5.000000000000000E-01   5.923632006500000E-07  -9.044391971300000E+01   8.680555361500000E+02   3.009130628900000E-03
  -3.568530067400000E-02   8.181144170599999E-02   5.000000000000000E-01   5.000000000000000E-01   5.935175834700000E-07  -9.044343119800000E+01   8.680555361500000E+02   3.015665718500000E-03
  -3.568857276600000E-02   8.198844430799999E-02   5.000000000000000E-01   5.000000000000000E-01   5.949800074500000E-07  -9.044294175500001E+01   8.680555361500000E+02   3.022198954900000E-03
  -3.569185105100000E-02   8.216539511300000E-02   5.000000000000000E-01   5.000000000000000E-01   5.964431835199999E-07  -9.044245138500000E+01   8.680555361500000E+02   3.028730335900000E-03
  -3.569513552400000E-02   8.234229406200000E-02   5.000000000000000E-01   5.000000000000000E-01   5.977469330000000E-07  -9.044196008800000E+01   8.680555361500000E+02   3.035259859400000E-03
  -3.569842617600000E-02   8.251914109800000E-02   5.000000000000000E-01   5.000000000000000E-01   5.992105016900000E-07  -9.044146786700000E+01   8.680555361500000E+02   3.041787523500000E-03
  -3.570172300100000E-02   8.269593616300000E-02   5.000000000000000E-01   5.000000000000000E-01   6.006748216100001E-07  -9.044097472100000E+01   8.680555361500000E+02   3.048313326100000E-03
  -3.570502599300000E-02   8.287267919999999E-02   5.000000000000000E-01   5.000000000000000E-01   6.024349043100000E-07  -9.044048065200001E+01   8.680555361500000E+02   3.054837265100000E-03
  -3.570833514400000E-02   8.304937015300000E-02   5.000000000000000E-01   5.000000000000000E-01   6.039084011400000E-07  -9.043998566099999E+01   8.680555361500000E+02   3.061359338500000E-03
  -3.571165044700000E-02   8.322600896500000E-02   5.000000000000000E-01   5.000000000000000E-01   6.053826967500000E-07  -9.043948975000001E+01   8.680555361500000E+02   3.067879544300000E-03
  -3.571497189700000E-02   8.340259557900000E-02   5.000000000000000E-01   5.000000000000000E-01   6.065233976100000E-07  -9.043899291800000E+01   8.680555361500000E+02   3.074397880600000E-03
  -3.571829948500000E-02   8.357912994100000E-02   5.000000000000000E-01   5.000000000000000E-01   6.080003030300000E-07  -9.043849516700000E+01   8.680555361500000E+02   3.080914345200000E-03
  -3.572163320500000E-02   8.375561199500001E-02   5.000000000000000E-01   5.000000000000000E-01   6.094780220900000E-07  -9.043799649800000E+01   8.680555361500000E+02   3.087428936300000E-03
  -3.572497305100000E-02   8.393204168399999E-02   5.000000000000000E-01   5.000000000000000E-01   6.110423538400000E-07  -9.043749691200000E+01   8.680555361500000E+02   3.093941651900000E-03
  -3.572831901500000E-02   8.410841895399999E-02   5.000000000000000E-01   5.000000000000000E-01   6.125215084300000E-07  -9.043699641000001E+01   8.680555361500000E+02   3.100452489900000E-03
  -3.573167109100000E-02   8.428474375099999E-02   5.000000000000000E-01   5.000000000000000E-01   6.140014783400000E-07  -9.043649499300000E+01   8.680555361500000E+02   3.106961448500000E-03
  -3.573502927100000E-02   8.446101601900000E-02   5.000000000000000E-01   5.000000000000000E-01   6.155447146800000E-07  -9.043599266200000E+01   8.680555361500000E+02   3.113468525700000E-03
  -3.573839355000000E-02   8.463723570499999E-02   5.000000000000000E-01   5.000000000000000E-01   6.170186366700000E-07  -9.043548941900001E+01   8.680555361500000E+02   3.119973719600000E-03
  -3.574176391900000E-02   8.481340275400000E-02   5.000000000000000E-01   5.000000000000000E-01   6.184933303300001E-07  -9.043498526300000E+01   8.680555361500000E+02   3.126477028200000E-03
  -3.574514037300000E-02   8.498951711300000E-02   5.000000000000000E-01   5.000000000000000E-01   6.203370559300000E-07  -9.043448019700000E+01   8.680555361500000E+02   3.132978449600000E-03
  -3.574852290400000E-02   8.516557872900000E-02   5.000000000000000E-01   5.000000000000000E-01   6.218185804100000E-07  -9.043397422000000E+01   8.680555361500000E+02   3.139477982000000E-03
  -3.575191150600000E-02   8.534158754700000E-02   5.000000000000000E-01   5.000000000000000E-01   6.233009074700000E-07  -9.043346733500000E+01   8.680555361500000E+02   3.145975623400000E-03
  -3.575530617100000E-02   8.551754351700000E-02   5.000000000000000E-01   5.000000000000000E-01   6.243635022700000E-07  -9.043295954200001E+01   8.680555361500000E+02   3.152471372000000E-03
  -3.575870689400000E-02   8.569344658399999E-02   5.000000000000000E-01   5.000000000000000E-01   6.258500999800000E-07  -9.043245084300000E+01   8.680555361500000E+02   3.158965225900000E-03
  -3.576211366600000E-02   8.586929669700000E-02   5.000000000000000E-01   5.000000000000000E-01   6.273375256200000E-07  -9.043194123700000E+01   8.680555361500000E+02   3.165457183200000E-03
  -3.576552648200000E-02   8.604509380300000E-02   5.000000000000000E-01   5.000000000000000E-01   6.291117034799999E-07  -9.043143072700001E+01   8.680555361500000E+02   3.171947242000000E-03
  -3.576894533300000E-02   8.622083785100000E-02   5.000000000000000E-01   5.000000000000000E-01   6.305995938500001E-07  -9.043091931300000E+01   8.680555361500000E+02   3.178435400600000E-03
  -3.577237021500000E-02   8.639652879000000E-02   5.000000000000000E-01   5.000000000000000E-01   6.320883053300000E-07  -9.043040699600000E+01   8.680555361500000E+02   3.184921657100000E-03
  -3.577580111900000E-02   8.657216656699999E-02   5.000000000000000E-01   5.000000000000000E-01   6.336427130600000E-07  -9.042989377799999E+01   8.680555361500000E+02   3.191406009600000E-03
  -3.577923803900000E-02   8.674775113300000E-02   5.000000000000000E-01   5.000000000000000E-01   6.351325197700000E-07  -9.042937965900001E+01   8.680555361500000E+02   3.197888456400000E-03
  -3.578268096800000E-02   8.692328243600000E-02   5.000000000000000E-01   5.000000000000000E-01   6.366231474000000E-07  -9.042886464000000E+01   8.680555361500000E+02   3.204368995600000E-03
  -3.578612989900000E-02   8.709876042700000E-02   5.000000000000000E-01   5.000000000000000E-01   6.381188247300000E-07  -9.042834872300000E+01   8.680555361500000E+02   3.210847625500000E-03
  -3.578958482500000E-02   8.727418505400000E-02   5.000000000000000E-01   5.000000000000000E-01   6.396080373900000E-07  -9.042783190800000E+01   8.680555361500000E+02   3.217324344300000E-03
  -3.579304573900000E-02   8.744955626900000E-02   5.000000000000000E-01   5.000000000000000E-01   6.410980567900000E-07  -9.042731419700000E+01   8.680555361500000E+02   3.223799150100000E-03
  -3.579651263500000E-02   8.762487402100000E-02   5.000000000000000E-01   5.000000000000000E-01   6.426324767100000E-07  -9.042679558899999E+01   8.680555361500000E+02   3.230272041300000E-03
  -3.579998550600000E-02   8.780013826100000E-02   5.000000000000000E-01   5.000000000000000E-01   6.441265998000000E-07  -9.042627608799999E+01   8.680555361500000E+02   3.236743016000000E-03
  -3.580346434500000E-02   8.797534894000000E-02   5.000000000000000E-01   5.000000000000000E-01   6.456215473600000E-07  -9.042575569300000E+01   8.680555361500000E+02   3.243212072600000E-03
  -3.580694914500000E-02   8.815050601000000E-02   5.000000000000000E-01   5.000000000000000E-01   6.470851242300000E-07  -9.042523440500000E+01   8.680555361500000E+02   3.249679209300000E-03
  -3.581043989800000E-02   8.832560942100000E-02   5.000000000000000E-01   5.000000000000000E-01   6.485795022100000E-07  -9.042471222600000E+01   8.680555361500000E+02   3.256144424300000E-03
  -3.581393659900000E-02   8.850065912700000E-02   5.000000000000000E-01   5.000000000000000E-01   6.500746959900000E-07  -9.042418915700000E+01   8.680555361500000E+02   3.262607716000000E-03
  -3.581743924100000E-02   8.867565507800000E-02   5.000000000000000E-01   5.000000000000000E-01   6.515387872200000E-07  -9.042366519799999E+01   8.680555361500000E+02   3.269069082600000E-03
  -3.582094781600000E-02   8.885059722600000E-02   5.000000000000000E-01   5.000000000000000E-01   6.530389350800000E-07  -9.042314035000000E+01   8.680555361500000E+02   3.275528522400000E-03
  -3.582446231700000E-02   8.902548552599999E-02   5.000000000000000E-01   5.000000000000000E-01   6.545399219400000E-07  -9.042261461500000E+01   8.680555361500000E+02   3.281986033800000E-03
  -3.582798273900000E-02   8.920031992800000E-02   5.000000000000000E-01   5.000000000000000E-01   6.561163484300000E-07  -9.042208799399999E+01   8.680555361500000E+02   3.288441615100000E-03
  -3.583150907300000E-02   8.937510038700000E-02   5.000000000000000E-01   5.000000000000000E-01   6.576176194700000E-07  -9.042156048800000E+01   8.680555361500000E+02   3.294895264600000E-03
  -3.583504131400000E-02   8.954982685600001E-02   5.000000000000000E-01   5.000000000000000E-01   6.591197244300000E-07  -9.042103209699999E+01   8.680555361500000E+02   3.301346980600000E-03
  -3.583857945400000E-02   8.972449928800000E-02   5.000000000000000E-01   5.000000000000000E-01   6.606235125100000E-07  -9.042050282300001E+01   8.680555361500000E+02   3.307796761500000E-03
  -3.584212348600000E-02   8.989911763800000E-02   5.000000000000000E-01   5.000000000000000E-01   6.621271888600000E-07  -9.041997266600001E+01   8.680555361500000E+02   3.314244605700000E-03
  -3.584567340400000E-02   9.007368185900000E-02   5.000000000000000E-01   5.000000000000000E-01   6.636317023000000E-07  -9.041944162900000E+01   8.680555361500000E+02   3.320690511500000E-03
  -3.584922920100000E-02   9.024819190500000E-02   5.000000000000000E-01   5.000000000000000E-01   6.649811080200000E-07  -9.041890971100000E+01   8.680555361500000E+02   3.327134477300000E-03
  -3.585279087000000E-02   9.042264773200000E-02   5.000000000000000E-01   5.000000000000000E-01   6.664842272700000E-07  -9.041837691400001E+01   8.680555361500000E+02   3.333576501400000E-03
  -3.585635840300000E-02   9.059704929500000E-02   5.000000000000000E-01   5.000000000000000E-01   6.679881718100000E-07  -9.041784323800000E+01   8.680555361500000E+02   3.340016582400000E-03
  -3.585993179500000E-02   9.077139654800000E-02   5.000000000000000E-01   5.000000000000000E-01   6.696424465500000E-07  -9.041730868600000E+01   8.680555361500000E+02   3.346454718500000E-03
  -3.586351103800000E-02   9.094568944700000E-02   5.000000000000000E-01   5.000000000000000E-01   6.711519905300000E-07  -9.041677325700000E+01   8.680555361500000E+02   3.352890908300000E-03
  -3.586709612500000E-02   9.111992794800000E-02   5.000000000000000E-01   5.000000000000000E-01   6.726623838300000E-07  -9.041623695299999E+01   8.680555361500000E+02   3.359325150100000E-03
  -3.587068705000000E-02   9.129411200600000E-02   5.000000000000000E-01   5.000000000000000E-01   6.739205437500000E-07  -9.041569977499999E+01   8.680555361500000E+02   3.365757442300000E-03
  -3.587428380600000E-02   9.146824157900001E-02   5.000000000000000E-01   5.000000000000000E-01   6.754277728000000E-07  -9.041516172400000E+01   8.680555361500000E+02   3.372187783400000E-03
  -3.587788638500000E-02   9.164231662199999E-02   5.000000000000000E-01   5.000000000000000E-01   6.769358306500000E-07  -9.041462280099999E+01   8.680555361500000E+02   3.378616171900000E-03
  -3.588149478200000E-02   9.181633709200000E-02   5.000000000000000E-01   5.000000000000000E-01   6.784687276800000E-07  -9.041408300700000E+01   8.680555361500000E+02   3.385042606300000E-03
  -3.588510898900000E-02   9.199030294700000E-02   5.000000000000000E-01   5.000000000000000E-01   6.799786559500000E-07  -9.041354234300000E+01   8.680555361500000E+02   3.391467084900000E-03

