   1.266962993700000E+00   0.000000000000000E+00   2.886751410500000E+01   2.886751410500000E+01   0.000000000000000E+00   9.999999776500000E-03   2.886751410500000E+01   0.000000000000000E+00
   1.266968000700000E+00   1.866359370900000E-03   2.886751410500000E+01   2.886751410500000E+01   1.152226008500000E-02   9.999999776500000E-03   2.886751410500000E+01   1.805089809000000E-02
   1.266983026500000E+00   3.732639020500000E-03   2.886751410500000E+01   2.886751410500000E+01   2.304468624300000E-02   9.999999776500000E-03   2.886751410500000E+01   3.610159590900000E-02
   1.267008069900000E+00   5.598506377100000E-03   2.886751410500000E+01   2.886751410500000E+01   3.456751229900000E-02   9.999999776500000E-03   2.886751410500000E+01   5.414998761600000E-02
   1.267043131200000E+00   7.464280206900000E-03   2.886751410500000E+01   2.886751410500000E+01   4.609065297700000E-02   9.999999776500000E-03   2.886751410500000E+01   7.219882665600000E-02
   1.267088210800000E+00   9.329714014400000E-03   2.886751410500000E+01   2.886751410500000E+01   5.761432978200000E-02   9.999999776500000E-03   2.886751410500000E+01   9.024665950200000E-02
   1.267143309500000E+00   1.119478550700000E-02   2.886751410500000E+01   2.886751410500000E+01   6.913999966100000E-02   9.999999776500000E-03   2.886751410500000E+01   1.082937012500000E-01
   1.267208428000000E+00   1.305929483600000E-02   2.886751410500000E+01   2.886751410500000E+01   8.066536372900000E-02   9.999999776500000E-03   2.886751410500000E+01   1.263388449500000E-01
   1.267283567300000E+00   1.492320932500000E-02   2.886751410500000E+01   2.886751410500000E+01   9.219166182400000E-02   9.999999776500000E-03   2.886751410500000E+01   1.443822279700000E-01
   1.267368728500000E+00   1.678693723100000E-02   2.886751410500000E+01   2.886751410500000E+01   1.037189831300000E-01   9.999999776500000E-03   2.886751410500000E+01   1.624272722200000E-01
   1.267463912800000E+00   1.864946216300000E-02   2.886751410500000E+01   2.886751410500000E+01   1.152475425000000E-01   9.999999776500000E-03   2.886751410500000E+01   1.804667878900000E-01
   1.267569121500000E+00   2.051113774400000E-02   2.886751410500000E+01   2.886751410500000E+01   1.267774338200000E-01   9.999999776500000E-03   2.886751410500000E+01   1.985037886900000E-01
   1.267684356300000E+00   2.237206447600000E-02   2.886751410500000E+01   2.886751410500000E+01   1.383090735300000E-01   9.999999776500000E-03   2.886751410500000E+01   2.165394041500000E-01
   1.267809618600000E+00   2.423180261200000E-02   2.886751410500000E+01   2.886751410500000E+01   1.498420549400000E-01   9.999999776500000E-03   2.886751410500000E+01   2.345707364300000E-01
   1.267944910400000E+00   2.609043737700000E-02   2.886751410500000E+01   2.886751410500000E+01   1.613767654300000E-01   9.999999776500000E-03   2.886751410500000E+01   2.525988000200000E-01
   1.268090233500000E+00   2.794673727100000E-02   2.886751410500000E+01   2.886751410500000E+01   1.729132915900000E-01   9.999999776500000E-03   2.886751410500000E+01   2.706147852500000E-01
   1.268245589900000E+00   2.980283566000000E-02   2.886751410500000E+01   2.886751410500000E+01   1.844518476700000E-01   9.999999776500000E-03   2.886751410500000E+01   2.886349868100000E-01
   1.268410981900000E+00   3.165757736700000E-02   2.886751410500000E+01   2.886751410500000E+01   1.959925250900000E-01   9.999999776500000E-03   2.886751410500000E+01   3.066511662400000E-01
   1.268586411700000E+00   3.351157976900000E-02   2.886751410500000E+01   2.886751410500000E+01   2.075355194000000E-01   9.999999776500000E-03   2.886751410500000E+01   3.246683144900000E-01
   1.268771881800000E+00   3.536339404800000E-02   2.886751410500000E+01   2.886751410500000E+01   2.190808376600000E-01   9.999999776500000E-03   2.886751410500000E+01   3.426759884600000E-01
   1.268967394800000E+00   3.721359901200000E-02   2.886751410500000E+01   2.886751410500000E+01   2.306286669900000E-01   9.999999776500000E-03   2.886751410500000E+01   3.606788876800000E-01
   1.269172953200000E+00   3.906287939800000E-02   2.886751410500000E+01   2.886751410500000E+01   2.421786902000000E-01   9.999999776500000E-03   2.886751410500000E+01   3.786825124200000E-01
   1.269388560000000E+00   4.090965011400000E-02   2.886751410500000E+01   2.886751410500000E+01   2.537319247000000E-01   9.999999776500000E-03   2.886751410500000E+01   3.966753845400000E-01
   1.269614217900000E+00   4.275455980600000E-02   2.886751410500000E+01   2.886751410500000E+01   2.652880575000000E-01   9.999999776500000E-03   2.886751410500000E+01   4.146627301600000E-01
   1.269849930000000E+00   4.459754268900000E-02   2.886751410500000E+01   2.886751410500000E+01   2.768476030800000E-01   9.999999776500000E-03   2.886751410500000E+01   4.326444328300000E-01
   1.270095699500000E+00   4.643848022700000E-02   2.886751410500000E+01   2.886751410500000E+01   2.884099173300000E-01   9.999999776500000E-03   2.886751410500000E+01   4.506199800300000E-01
   1.270351529500000E+00   4.827730616200000E-02   2.886751410500000E+01   2.886751410500000E+01   2.999755082700000E-01   9.999999776500000E-03   2.886751410500000E+01   4.685892499700000E-01
   1.270617423500000E+00   5.011322500400000E-02   2.886751410500000E+01   2.886751410500000E+01   3.115432989500000E-01   9.999999776500000E-03   2.886751410500000E+01   4.865466461100000E-01
   1.270893384800000E+00   5.194755212500000E-02   2.886751410500000E+01   2.886751410500000E+01   3.231157251800000E-01   9.999999776500000E-03   2.886751410500000E+01   5.045024130500000E-01
   1.271179416900000E+00   5.377951836000000E-02   2.886751410500000E+01   2.886751410500000E+01   3.346917968000000E-01   9.999999776500000E-03   2.886751410500000E+01   5.224511531500000E-01
   1.271475523500000E+00   5.560885048200000E-02   2.886751410500000E+01   2.886751410500000E+01   3.462731410300000E-01   9.999999776500000E-03   2.886751410500000E+01   5.403911845200000E-01
   1.271781708200000E+00   5.743584048100000E-02   2.886751410500000E+01   2.886751410500000E+01   3.578569813300000E-01   9.999999776500000E-03   2.886751410500000E+01   5.583250747000000E-01
   1.272097975000000E+00   5.926022170500000E-02   2.886751410500000E+01   2.886751410500000E+01   3.694448398200000E-01   9.999999776500000E-03   2.886751410500000E+01   5.762511900800000E-01
   1.272424327500000E+00   6.108183390200000E-02   2.886751410500000E+01   2.886751410500000E+01   3.810364742700000E-01   9.999999776500000E-03   2.886751410500000E+01   5.941686939300000E-01
   1.272760769800000E+00   6.290074858899999E-02   2.886751410500000E+01   2.886751410500000E+01   3.926327438800000E-01   9.999999776500000E-03   2.886751410500000E+01   6.120784952300000E-01
   1.273107305900000E+00   6.471680820000000E-02   2.886751410500000E+01   2.886751410500000E+01   4.042333943700000E-01   9.999999776500000E-03   2.886751410500000E+01   6.299797755800000E-01
   1.273463939900000E+00   6.653070009800000E-02   2.886751410500000E+01   2.886751410500000E+01   4.158388239600000E-01   9.999999776500000E-03   2.886751410500000E+01   6.478780992099999E-01
   1.273830675900000E+00   6.834082540700000E-02   2.886751410500000E+01   2.886751410500000E+01   4.274485574900000E-01   9.999999776500000E-03   2.886751410500000E+01   6.657617555999999E-01
   1.274207518000000E+00   7.014785105800000E-02   2.886751410500000E+01   2.886751410500000E+01   4.390630218200000E-01   9.999999776500000E-03   2.886751410500000E+01   6.836361471500000E-01
   1.274594470700000E+00   7.195177496000001E-02   2.886751410500000E+01   2.886751410500000E+01   4.506812341800000E-01   9.999999776500000E-03   2.886751410500000E+01   7.015016250900000E-01
   1.274991538100000E+00   7.375236021200000E-02   2.886751410500000E+01   2.886751410500000E+01   4.623055617500000E-01   9.999999776500000E-03   2.886751410500000E+01   7.193567604200000E-01
   1.275398724600000E+00   7.554960321199999E-02   2.886751410500000E+01   2.886751410500000E+01   4.739349712000000E-01   9.999999776500000E-03   2.886751410500000E+01   7.372018895000000E-01
   1.275816034600000E+00   7.734241923000000E-02   2.886751410500000E+01   2.886751410500000E+01   4.855706383200000E-01   9.999999776500000E-03   2.886751410500000E+01   7.550291328800000E-01
   1.276243472600000E+00   7.913271372100000E-02   2.886751410500000E+01   2.886751410500000E+01   4.972104985800000E-01   9.999999776500000E-03   2.886751410500000E+01   7.728533271400000E-01
   1.276681042900000E+00   8.091942556700001E-02   2.886751410500000E+01   2.886751410500000E+01   5.088557721600000E-01   9.999999776500000E-03   2.886751410500000E+01   7.906667765800000E-01
   1.277128750100000E+00   8.270262635400000E-02   2.886751410500000E+01   2.886751410500000E+01   5.205031026800000E-01   9.999999776500000E-03   2.886751410500000E+01   8.084703886800000E-01
   1.277586598700000E+00   8.448193747600000E-02   2.886751410500000E+01   2.886751410500000E+01   5.321593342499999E-01   9.999999776500000E-03   2.886751410500000E+01   8.262616384200000E-01
   1.278054593100000E+00   8.625742782800000E-02   2.886751410500000E+01   2.886751410500000E+01   5.438212987500000E-01   9.999999776500000E-03   2.886751410500000E+01   8.440414082600000E-01
   1.278532737900000E+00   8.802972949900000E-02   2.886751410500000E+01   2.886751410500000E+01   5.554842454400000E-01   9.999999776500000E-03   2.886751410500000E+01   8.618148919500001E-01
   1.279021037700000E+00   8.979735624800000E-02   2.886751410500000E+01   2.886751410500000E+01   5.671582959400000E-01   9.999999776500000E-03   2.886751410500000E+01   8.795710842700000E-01

