   3.514882596700000E-15   0.000000000000000E+00   3.000000000000000E+00   3.000000000000000E+00   0.000000000000000E+00  -6.293821561300000E+01   8.680555361500000E+02   0.000000000000000E+00
   5.372815864200000E-10   3.598999936900000E-04   3.000000000000000E+00   3.000000000000000E+00   9.777325928200000E-06  -6.293821552400000E+01   8.680555361500000E+02   1.156275936300000E-05
   2.149131722300000E-09   7.197999794900000E-04   3.000000000000000E+00   3.000000000000000E+00   1.955465177900000E-05  -6.293821526100000E+01   8.680555361500000E+02   2.312551852300000E-05
   4.835562594300000E-09   1.079699125400000E-03   3.000000000000000E+00   3.000000000000000E+00   2.933443730900000E-05  -6.293821482200000E+01   8.680555361500000E+02   3.468825375000000E-05
   8.596547035000001E-09   1.439598786500000E-03   3.000000000000000E+00   3.000000000000000E+00   3.911258243100000E-05  -6.293821420700000E+01   8.680555361500000E+02   4.625100371700000E-05
   1.343209844200000E-08   1.799498406200000E-03   3.000000000000000E+00   3.000000000000000E+00   4.889072697900000E-05  -6.293821341700000E+01   8.680555361500000E+02   5.781375256100000E-05
   1.934221818800000E-08   2.159387956100000E-03   3.000000000000000E+00   3.000000000000000E+00   5.866867842700000E-05  -6.293821245100000E+01   8.680555361500000E+02   6.937621417700000E-05
   2.632690219600000E-08   2.519285792500000E-03   3.000000000000000E+00   3.000000000000000E+00   6.844678933100000E-05  -6.293821130900000E+01   8.680555361500000E+02   8.093891229700001E-05
   3.438614464500000E-08   2.879183556500000E-03   3.000000000000000E+00   3.000000000000000E+00   7.822489923099999E-05  -6.293820999200000E+01   8.680555361500000E+02   9.250160845299999E-05
   4.351996385800000E-08   3.238956018400000E-03   3.000000000000000E+00   3.000000000000000E+00   8.800256695400000E-05  -6.293820849900000E+01   8.680555361500000E+02   1.040607297300000E-04
   5.372834437300000E-08   3.598839693500000E-03   3.000000000000000E+00   3.000000000000000E+00   9.778062540699999E-05  -6.293820683000000E+01   8.680555361500000E+02   1.156230241500000E-04
   6.501128863900000E-08   3.958723265200000E-03   3.000000000000000E+00   3.000000000000000E+00   1.075586824200000E-04  -6.293820498600000E+01   8.680555361500000E+02   1.271853157700000E-04
   7.736878897900000E-08   4.318661509600000E-03   3.000000000000000E+00   3.000000000000000E+00   1.173357510200000E-04  -6.293820296600000E+01   8.680555361500000E+02   1.387491674200000E-04
   9.080086207999999E-08   4.678549409200000E-03   3.000000000000000E+00   3.000000000000000E+00   1.271137225100000E-04  -6.293820077100000E+01   8.680555361500000E+02   1.503115828500000E-04
   1.053074934600000E-07   5.038437174400000E-03   3.000000000000000E+00   3.000000000000000E+00   1.368916921300000E-04  -6.293819839900000E+01   8.680555361500000E+02   1.618739946300000E-04
   1.208886778100000E-07   5.398417095000000E-03   3.000000000000000E+00   3.000000000000000E+00   1.466718713300000E-04  -6.293819585300000E+01   8.680555361500000E+02   1.734390359000000E-04
   1.375444352200000E-07   5.758310713900000E-03   3.000000000000000E+00   3.000000000000000E+00   1.564499842200000E-04  -6.293819313000000E+01   8.680555361500000E+02   1.850016151000000E-04
   1.552747440500000E-07   6.118204167300000E-03   3.000000000000000E+00   3.000000000000000E+00   1.662280948100000E-04  -6.293819023200000E+01   8.680555361500000E+02   1.965641898200000E-04
   1.740796144400000E-07   6.477785850700000E-03   3.000000000000000E+00   3.000000000000000E+00   1.760064912700000E-04  -6.293818715900000E+01   8.680555361500000E+02   2.081178696400000E-04
   1.939590380400000E-07   6.837661631700000E-03   3.000000000000000E+00   3.000000000000000E+00   1.857846128600000E-04  -6.293818390900000E+01   8.680555361500000E+02   2.196799406400000E-04
   2.149130197400000E-07   7.197537216400000E-03   3.000000000000000E+00   3.000000000000000E+00   1.955627317200000E-04  -6.293818048400000E+01   8.680555361500000E+02   2.312420063100000E-04
   2.369415534600000E-07   7.556975469200000E-03   3.000000000000000E+00   3.000000000000000E+00   2.053321532600000E-04  -6.293817688400000E+01   8.680555361500000E+02   2.427915947000000E-04
   2.600446427300000E-07   7.916829814800000E-03   3.000000000000000E+00   3.000000000000000E+00   2.151098522500000E-04  -6.293817310700000E+01   8.680555361500000E+02   2.543530549800000E-04
   2.842222824100000E-07   8.276683933100000E-03   3.000000000000000E+00   3.000000000000000E+00   2.248875480800000E-04  -6.293816915500000E+01   8.680555361500000E+02   2.659145090900000E-04
   3.094744708000000E-07   8.637569706800000E-03   3.000000000000000E+00   3.000000000000000E+00   2.346716889300000E-04  -6.293816502800000E+01   8.680555361500000E+02   2.775053977900000E-04
   3.358012117800000E-07   8.997466334699999E-03   3.000000000000000E+00   3.000000000000000E+00   2.444496466400000E-04  -6.293816072500000E+01   8.680555361500000E+02   2.890680654100000E-04
   3.632024973000000E-07   9.357362704200000E-03   3.000000000000000E+00   3.000000000000000E+00   2.542276007600000E-04  -6.293815624600000E+01   8.680555361500000E+02   3.006307260200000E-04
   3.916783281000000E-07   9.717240239200000E-03   3.000000000000000E+00   3.000000000000000E+00   2.640042416200000E-04  -6.293815159200000E+01   8.680555361500000E+02   3.121928496400000E-04
   4.212287050500000E-07   1.007713537300000E-02   3.000000000000000E+00   3.000000000000000E+00   2.737821396900000E-04  -6.293814676200000E+01   8.680555361500000E+02   3.237554757600000E-04
   4.518536214300000E-07   1.043703021800000E-02   3.000000000000000E+00   3.000000000000000E+00   2.835600337400000E-04  -6.293814175600000E+01   8.680555361500000E+02   3.353180940300000E-04
   4.835530782200000E-07   1.079664455500000E-02   3.000000000000000E+00   3.000000000000000E+00   2.933424163500000E-04  -6.293813657500000E+01   8.680555361500000E+02   3.468727095200000E-04
   5.163270779900000E-07   1.115652945000000E-02   3.000000000000000E+00   3.000000000000000E+00   3.031204516400000E-04  -6.293813121800000E+01   8.680555361500000E+02   3.584350447500000E-04
   5.501756080600000E-07   1.151641402400000E-02   3.000000000000000E+00   3.000000000000000E+00   3.128984824800000E-04  -6.293812568600000E+01   8.680555361500000E+02   3.699973712800000E-04
   5.850986765900000E-07   1.187663715000000E-02   3.000000000000000E+00   3.000000000000000E+00   3.226706239100000E-04  -6.293811997600000E+01   8.680555361500000E+02   3.815693575000000E-04
   6.210962755100000E-07   1.223653132200000E-02   3.000000000000000E+00   3.000000000000000E+00   3.324484670600000E-04  -6.293811409300000E+01   8.680555361500000E+02   3.931319587800000E-04
   6.581684039300000E-07   1.259642514200000E-02   3.000000000000000E+00   3.000000000000000E+00   3.422263053200000E-04  -6.293810803300000E+01   8.680555361500000E+02   4.046945505200000E-04
   6.963150662200000E-07   1.295628106800000E-02   3.000000000000000E+00   3.000000000000000E+00   3.520028080100000E-04  -6.293810179800000E+01   8.680555361500000E+02   4.162560615700000E-04
   7.355362464200000E-07   1.331617311200000E-02   3.000000000000000E+00   3.000000000000000E+00   3.617805991100000E-04  -6.293809538700000E+01   8.680555361500000E+02   4.278186036500000E-04
   7.758319570100000E-07   1.367606477400000E-02   3.000000000000000E+00   3.000000000000000E+00   3.715583848900000E-04  -6.293808880100000E+01   8.680555361500000E+02   4.393811353500000E-04
   8.172021863900000E-07   1.403593473500000E-02   3.000000000000000E+00   3.000000000000000E+00   3.813462839200000E-04  -6.293808203900000E+01   8.680555361500000E+02   4.509430484400000E-04
   8.596469328599999E-07   1.439582505400000E-02   3.000000000000000E+00   3.000000000000000E+00   3.911243181700000E-04  -6.293807510100000E+01   8.680555361500000E+02   4.625055429400000E-04
   9.031661966700000E-07   1.475571496100000E-02   3.000000000000000E+00   3.000000000000000E+00   4.009023466900000E-04  -6.293806798800000E+01   8.680555361500000E+02   4.740680262200000E-04
   9.477599689700000E-07   1.511522187900000E-02   3.000000000000000E+00   3.000000000000000E+00   4.106728128100000E-04  -6.293806070000000E+01   8.680555361500000E+02   4.856195830000000E-04
   9.934282629400000E-07   1.547510181900000E-02   3.000000000000000E+00   3.000000000000000E+00   4.204506494100000E-04  -6.293805323500000E+01   8.680555361500000E+02   4.971817831100000E-04
   1.040171053700000E-06   1.583498131500000E-02   3.000000000000000E+00   3.000000000000000E+00   4.302284798400000E-04  -6.293804559500000E+01   8.680555361500000E+02   5.087439711700000E-04
   1.087988356400000E-06   1.619430109600000E-02   3.000000000000000E+00   3.000000000000000E+00   4.400013530000000E-04  -6.293803777800000E+01   8.680555361500000E+02   5.202901905200000E-04
   1.136880155900000E-06   1.655416724400000E-02   3.000000000000000E+00   3.000000000000000E+00   4.497790608300000E-04  -6.293802978700000E+01   8.680555361500000E+02   5.318519990200000E-04
   1.186846465200000E-06   1.691403291700000E-02   3.000000000000000E+00   3.000000000000000E+00   4.595567620600000E-04  -6.293802162000000E+01   8.680555361500000E+02   5.434137946200000E-04
   1.237887259200000E-06   1.727394654700000E-02   3.000000000000000E+00   3.000000000000000E+00   4.693477668200000E-04  -6.293801327800000E+01   8.680555361500000E+02   5.549769591500000E-04
   1.290002553300000E-06   1.763381224700000E-02   3.000000000000000E+00   3.000000000000000E+00   4.791257315700000E-04  -6.293800476000000E+01   8.680555361500000E+02   5.665387568900000E-04
   1.343192337100000E-06   1.799367744200000E-02   3.000000000000000E+00   3.000000000000000E+00   4.889036892800000E-04  -6.293799606600000E+01   8.680555361500000E+02   5.781005408900000E-04
   1.397456609600000E-06   1.835263788100000E-02   3.000000000000000E+00   3.000000000000000E+00   4.986818447500000E-04  -6.293798719800000E+01   8.680555361500000E+02   5.896365117800000E-04
   1.452795365000000E-06   1.871248430200000E-02   3.000000000000000E+00   3.000000000000000E+00   5.084597920400001E-04  -6.293797815300000E+01   8.680555361500000E+02   6.011977615900000E-04
   1.509208599100000E-06   1.907233018600000E-02   3.000000000000000E+00   3.000000000000000E+00   5.182377318700000E-04  -6.293796893200000E+01   8.680555361500000E+02   6.127589968100000E-04
   1.566696315400000E-06   1.943418435900000E-02   3.000000000000000E+00   3.000000000000000E+00   5.279873632200000E-04  -6.293795953500000E+01   8.680555361500000E+02   6.243775318400000E-04
   1.625258498400000E-06   1.979406633600000E-02   3.000000000000000E+00   3.000000000000000E+00   5.377647633600000E-04  -6.293794996400000E+01   8.680555361500000E+02   6.359397984100000E-04
   1.684895157400000E-06   2.015394774600000E-02   3.000000000000000E+00   3.000000000000000E+00   5.475421555800000E-04  -6.293794021600000E+01   8.680555361500000E+02   6.475020495400000E-04
   1.745606282300000E-06   2.051289329300000E-02   3.000000000000000E+00   3.000000000000000E+00   5.573302059500000E-04  -6.293793029300000E+01   8.680555361500000E+02   6.590376001400000E-04
   1.807391868300000E-06   2.087275712600000E-02   3.000000000000000E+00   3.000000000000000E+00   5.671077691000000E-04  -6.293792019500000E+01   8.680555361500000E+02   6.705993514300000E-04
   1.870251915200000E-06   2.123262036100000E-02   3.000000000000000E+00   3.000000000000000E+00   5.768853239300000E-04  -6.293790992000000E+01   8.680555361500000E+02   6.821610864500000E-04
   1.934186423100000E-06   2.159351528400000E-02   3.000000000000000E+00   3.000000000000000E+00   5.866833574100000E-04  -6.293789946700000E+01   8.680555361500000E+02   6.937522577100000E-04
   1.999195377000000E-06   2.195339449300000E-02   3.000000000000000E+00   3.000000000000000E+00   5.964612368300000E-04  -6.293788884200000E+01   8.680555361500000E+02   7.053144502200000E-04
   2.065278783200000E-06   2.231327307100000E-02   3.000000000000000E+00   3.000000000000000E+00   6.062391075000000E-04  -6.293787804000000E+01   8.680555361500000E+02   7.168766256100000E-04
   2.132436627200000E-06   2.267307615600000E-02   3.000000000000000E+00   3.000000000000000E+00   6.160064422300000E-04  -6.293786706400000E+01   8.680555361500000E+02   7.284366479400000E-04
   2.200668919600000E-06   2.303295225500000E-02   3.000000000000000E+00   3.000000000000000E+00   6.257841276600000E-04  -6.293785591200000E+01   8.680555361500000E+02   7.399987543700000E-04
   2.269975644100000E-06   2.339282769300000E-02   3.000000000000000E+00   3.000000000000000E+00   6.355618039000000E-04  -6.293784458400000E+01   8.680555361500000E+02   7.515608428400000E-04
   2.340356804100000E-06   2.375110980100000E-02   3.000000000000000E+00   3.000000000000000E+00   6.453468402000001E-04  -6.293783307800000E+01   8.680555361500000E+02   7.630774723900000E-04
   2.411812392700000E-06   2.411095975500000E-02   3.000000000000000E+00   3.000000000000000E+00   6.551246095900000E-04  -6.293782139900000E+01   8.680555361500000E+02   7.746388356400000E-04
   2.484342400000000E-06   2.447080901700000E-02   3.000000000000000E+00   3.000000000000000E+00   6.649023693700000E-04  -6.293780954400000E+01   8.680555361500000E+02   7.862001801000000E-04
   2.557946828900000E-06   2.483251326100000E-02   3.000000000000000E+00   3.000000000000000E+00   6.746837793400000E-04  -6.293779751300000E+01   8.680555361500000E+02   7.978144507400000E-04
   2.632625674700000E-06   2.519238800000000E-02   3.000000000000000E+00   3.000000000000000E+00   6.844615723400000E-04  -6.293778530700000E+01   8.680555361500000E+02   8.093765240600000E-04
   2.708378930500000E-06   2.555226201600000E-02   3.000000000000000E+00   3.000000000000000E+00   6.942393553000000E-04  -6.293777292500000E+01   8.680555361500000E+02   8.209385777500000E-04
   2.785206590700000E-06   2.591034362200000E-02   3.000000000000000E+00   3.000000000000000E+00   7.040160756000000E-04  -6.293776036800000E+01   8.680555361500000E+02   8.324494924700000E-04
   2.863108654100000E-06   2.627019127700000E-02   3.000000000000000E+00   3.000000000000000E+00   7.137938235400000E-04  -6.293774763500000E+01   8.680555361500000E+02   8.440107960800000E-04
   2.942085115200000E-06   2.663003817800000E-02   3.000000000000000E+00   3.000000000000000E+00   7.235715610100000E-04  -6.293773472600000E+01   8.680555361500000E+02   8.555720792200000E-04
   3.022135965000000E-06   2.699139749300000E-02   3.000000000000000E+00   3.000000000000000E+00   7.333509304000000E-04  -6.293772164100000E+01   8.680555361500000E+02   8.671765147900000E-04
   3.103261203000000E-06   2.735126302900000E-02   3.000000000000000E+00   3.000000000000000E+00   7.431286683100000E-04  -6.293770838200000E+01   8.680555361500000E+02   8.787383317500000E-04
   3.185460828000000E-06   2.771112778000000E-02   3.000000000000000E+00   3.000000000000000E+00   7.529063953100000E-04  -6.293769494600000E+01   8.680555361500000E+02   8.903001274000000E-04
   3.268734825400000E-06   2.807137166400000E-02   3.000000000000000E+00   3.000000000000000E+00   7.626805921000000E-04  -6.293768133500000E+01   8.680555361500000E+02   9.018727413800000E-04
   3.353083199000000E-06   2.843123968400000E-02   3.000000000000000E+00   3.000000000000000E+00   7.724582516000000E-04  -6.293766754800000E+01   8.680555361500000E+02   9.134346325100000E-04
   3.438505942300000E-06   2.879110688700000E-02   3.000000000000000E+00   3.000000000000000E+00   7.822358997600000E-04  -6.293765358600000E+01   8.680555361500000E+02   9.249965014900000E-04
   3.525003044000000E-06   2.914986775100000E-02   3.000000000000000E+00   3.000000000000000E+00   7.919822173000000E-04  -6.293763945200000E+01   8.680555361500000E+02   9.365268060800000E-04
   3.612574507300000E-06   2.950971964400000E-02   3.000000000000000E+00   3.000000000000000E+00   8.017594563100000E-04  -6.293762513900000E+01   8.680555361500000E+02   9.480882405000000E-04
   3.701220319600000E-06   2.986957069000000E-02   3.000000000000000E+00   3.000000000000000E+00   8.115366835700000E-04  -6.293761065000000E+01   8.680555361500000E+02   9.596496519300000E-04
   3.790940481700000E-06   3.022897588900000E-02   3.000000000000000E+00   3.000000000000000E+00   8.213444673400000E-04  -6.293759598100000E+01   8.680555361500000E+02   9.711983438400000E-04
   3.881734985400000E-06   3.058881991200000E-02   3.000000000000000E+00   3.000000000000000E+00   8.311220338900000E-04  -6.293758114100000E+01   8.680555361500000E+02   9.827595572900001E-04
   3.973603826000000E-06   3.094866305800000E-02   3.000000000000000E+00   3.000000000000000E+00   8.408995882300000E-04  -6.293756612600000E+01   8.680555361500000E+02   9.943207469000001E-04
   4.066546996200000E-06   3.130969702700000E-02   3.000000000000000E+00   3.000000000000000E+00   8.506592854400000E-04  -6.293755093700000E+01   8.680555361500000E+02   1.005915913800000E-03
   4.160564494600000E-06   3.166955208100000E-02   3.000000000000000E+00   3.000000000000000E+00   8.604366096300000E-04  -6.293753557000000E+01   8.680555361500000E+02   1.017477445700000E-03
   4.255656310800000E-06   3.202940622600000E-02   3.000000000000000E+00   3.000000000000000E+00   8.702139211800000E-04  -6.293752002700000E+01   8.680555361500000E+02   1.029038952900000E-03
   4.351822438700000E-06   3.238740728100000E-02   3.000000000000000E+00   3.000000000000000E+00   8.799803549500000E-04  -6.293750431300000E+01   8.680555361500000E+02   1.040547589700000E-03
   4.449062878100000E-06   3.274723900000000E-02   3.000000000000000E+00   3.000000000000000E+00   8.897575199799999E-04  -6.293748841900000E+01   8.680555361500000E+02   1.052108459500000E-03
   4.547377615000000E-06   3.310706977800000E-02   3.000000000000000E+00   3.000000000000000E+00   8.995346719300000E-04  -6.293747235000000E+01   8.680555361500000E+02   1.063669303900000E-03
   4.646766658000000E-06   3.346879532600000E-02   3.000000000000000E+00   3.000000000000000E+00   9.093468550400000E-04  -6.293745609900000E+01   8.680555361500000E+02   1.075284210500000E-03
   4.747229987700000E-06   3.382864457500000E-02   3.000000000000000E+00   3.000000000000000E+00   9.191243579200000E-04  -6.293743967800000E+01   8.680555361500000E+02   1.086845584500000E-03
   4.848767599100000E-06   3.418849285300000E-02   3.000000000000000E+00   3.000000000000000E+00   9.289018473100000E-04  -6.293742308200000E+01   8.680555361500000E+02   1.098406932200000E-03
   4.951379493200000E-06   3.454886010300000E-02   3.000000000000000E+00   3.000000000000000E+00   9.386775830600000E-04  -6.293740631100000E+01   8.680555361500000E+02   1.109983088300000E-03
   5.055065661200000E-06   3.490871182400000E-02   3.000000000000000E+00   3.000000000000000E+00   9.484550266300000E-04  -6.293738936400000E+01   8.680555361500000E+02   1.121544536900000E-03
   5.159826095000000E-06   3.526856254300000E-02   3.000000000000000E+00   3.000000000000000E+00   9.582324562700000E-04  -6.293737224100000E+01   8.680555361500000E+02   1.133105958300000E-03
   5.265660787200000E-06   3.562746135900000E-02   3.000000000000000E+00   3.000000000000000E+00   9.680116512800000E-04  -6.293735494300000E+01   8.680555361500000E+02   1.144640221700000E-03
   5.372569734500000E-06   3.598730043900000E-02   3.000000000000000E+00   3.000000000000000E+00   9.777890706800000E-04  -6.293733746900000E+01   8.680555361500000E+02   1.156201313800000E-03
   5.480552930700000E-06   3.634713848600000E-02   3.000000000000000E+00   3.000000000000000E+00   9.875664757299999E-04  -6.293731982000000E+01   8.680555361500000E+02   1.167762377900000E-03
   5.589610372100000E-06   3.670757048200000E-02   3.000000000000000E+00   3.000000000000000E+00   9.973453938400001E-04  -6.293730199400000E+01   8.680555361500000E+02   1.179340389900000E-03
   5.699742041700000E-06   3.706741226400000E-02   3.000000000000000E+00   3.000000000000000E+00   1.007122784900000E-03  -6.293728399400000E+01   8.680555361500000E+02   1.190901563400000E-03
   5.810947942900000E-06   3.742725298200000E-02   3.000000000000000E+00   3.000000000000000E+00   1.016900161200000E-03  -6.293726581800000E+01   8.680555361500000E+02   1.202462708100000E-03
   5.923228066700000E-06   3.778673631200000E-02   3.000000000000000E+00   3.000000000000000E+00   1.026676963900000E-03  -6.293724746600000E+01   8.680555361500000E+02   1.214013657300000E-03
   6.036582404600000E-06   3.814657147800000E-02   3.000000000000000E+00   3.000000000000000E+00   1.036454305000000E-03  -6.293722893900000E+01   8.680555361500000E+02   1.225574646600000E-03
   6.151010948000000E-06   3.850640555000000E-02   3.000000000000000E+00   3.000000000000000E+00   1.046231630900000E-03  -6.293721023600000E+01   8.680555361500000E+02   1.237135606100000E-03
   6.266513699000000E-06   3.886430782800000E-02   3.000000000000000E+00   3.000000000000000E+00   1.056008838800000E-03  -6.293719136700000E+01   8.680555361500000E+02   1.248641449500000E-03
   6.383090636100000E-06   3.922412180400000E-02   3.000000000000000E+00   3.000000000000000E+00   1.065786132900000E-03  -6.293717231300000E+01   8.680555361500000E+02   1.260201838700000E-03
   6.500741772800000E-06   3.958393465500000E-02   3.000000000000000E+00   3.000000000000000E+00   1.075563411400000E-03  -6.293715308400000E+01   8.680555361500000E+02   1.271762197400000E-03
   6.619467081900000E-06   3.994638734800000E-02   3.000000000000000E+00   3.000000000000000E+00   1.085340124700000E-03  -6.293713367000000E+01   8.680555361500000E+02   1.283397877400000E-03
   6.739266566500000E-06   4.030622170400000E-02   3.000000000000000E+00   3.000000000000000E+00   1.095117366200000E-03  -6.293711408900000E+01   8.680555361500000E+02   1.294958852900000E-03
   6.860140217600000E-06   4.066605490400000E-02   3.000000000000000E+00   3.000000000000000E+00   1.104894591700000E-03  -6.293709433300000E+01   8.680555361500000E+02   1.306519797000000E-03
   6.982088030500000E-06   4.102588238500000E-02   3.000000000000000E+00   3.000000000000000E+00   1.114667841300000E-03  -6.293707440100000E+01   8.680555361500000E+02   1.318080579500000E-03
   7.105109992800000E-06   4.138571320000000E-02   3.000000000000000E+00   3.000000000000000E+00   1.124444999400000E-03  -6.293705429400000E+01   8.680555361500000E+02   1.329641458800000E-03
   7.229206102700000E-06   4.174554282800000E-02   3.000000000000000E+00   3.000000000000000E+00   1.134222140900000E-03  -6.293703401100000E+01   8.680555361500000E+02   1.341202305800000E-03
   7.354376355100000E-06   4.210444385100000E-02   3.000000000000000E+00   3.000000000000000E+00   1.143994946300000E-03  -6.293701355300000E+01   8.680555361500000E+02   1.352736659500000E-03
   7.480620731900000E-06   4.246426314700000E-02   3.000000000000000E+00   3.000000000000000E+00   1.153772018200000E-03  -6.293699291900000E+01   8.680555361500000E+02   1.364297215100000E-03
   7.607939229600000E-06   4.282408122400000E-02   3.000000000000000E+00   3.000000000000000E+00   1.163549073200000E-03  -6.293697210900000E+01   8.680555361500000E+02   1.375857737600000E-03
   7.736331843500001E-06   4.318501583000000E-02   3.000000000000000E+00   3.000000000000000E+00   1.173276248200000E-03  -6.293695112500000E+01   8.680555361500000E+02   1.387450118600000E-03
   7.865798561900000E-06   4.354484075200000E-02   3.000000000000000E+00   3.000000000000000E+00   1.183052851900000E-03  -6.293692996400000E+01   8.680555361500000E+02   1.399010839800000E-03
   7.996339388400000E-06   4.390466442400000E-02   3.000000000000000E+00   3.000000000000000E+00   1.192829438300000E-03  -6.293690862800000E+01   8.680555361500000E+02   1.410571527100000E-03
   8.127954300300000E-06   4.426418101100000E-02   3.000000000000000E+00   3.000000000000000E+00   1.202650105900000E-03  -6.293688711700000E+01   8.680555361500000E+02   1.422123454400000E-03
   8.260643298500000E-06   4.462399966700000E-02   3.000000000000000E+00   3.000000000000000E+00   1.212427016100000E-03  -6.293686543000000E+01   8.680555361500000E+02   1.433684002000000E-03
   8.394406372199999E-06   4.498381704200000E-02   3.000000000000000E+00   3.000000000000000E+00   1.222203908400000E-03  -6.293684356700000E+01   8.680555361500000E+02   1.445244514900000E-03
   8.529243514100000E-06   4.534386834100000E-02   3.000000000000000E+00   3.000000000000000E+00   1.231977365400000E-03  -6.293682153300000E+01   8.680555361500000E+02   1.456811703900000E-03
   8.665154716800001E-06   4.570368499100000E-02   3.000000000000000E+00   3.000000000000000E+00   1.241754194500000E-03  -6.293679932000000E+01   8.680555361500000E+02   1.468372199700000E-03
   8.802139974699999E-06   4.606350032800000E-02   3.000000000000000E+00   3.000000000000000E+00   1.251531005500000E-03  -6.293677693100000E+01   8.680555361500000E+02   1.479932659900000E-03
   8.940199276100000E-06   4.642262894300000E-02   3.000000000000000E+00   3.000000000000000E+00   1.261327879700000E-03  -6.293675436100000E+01   8.680555361500000E+02   1.491473528100000E-03
   9.079332613499999E-06   4.678243631500000E-02   3.000000000000000E+00   3.000000000000000E+00   1.271104810300000E-03  -6.293673162100000E+01   8.680555361500000E+02   1.503033764600000E-03
   9.219539978699999E-06   4.714224234300000E-02   3.000000000000000E+00   3.000000000000000E+00   1.280881722300000E-03  -6.293670870600000E+01   8.680555361500000E+02   1.514593964700000E-03
   9.360821360899999E-06   4.750283807200000E-02   3.000000000000000E+00   3.000000000000000E+00   1.290647038100000E-03  -6.293668561400000E+01   8.680555361500000E+02   1.526176698600000E-03
   9.503176754400000E-06   4.786264737700000E-02   3.000000000000000E+00   3.000000000000000E+00   1.300423823800000E-03  -6.293666234800000E+01   8.680555361500000E+02   1.537736995900000E-03
   9.646606149500000E-06   4.822245530800000E-02   3.000000000000000E+00   3.000000000000000E+00   1.310200590500000E-03  -6.293663890500000E+01   8.680555361500000E+02   1.549297256000000E-03
   9.791109543300000E-06   4.858129521600000E-02   3.000000000000000E+00   3.000000000000000E+00   1.319990676000000E-03  -6.293661529800000E+01   8.680555361500000E+02   1.560829897900000E-03
   9.936686919000000E-06   4.894109321000000E-02   3.000000000000000E+00   3.000000000000000E+00   1.329767503400000E-03  -6.293659150500000E+01   8.680555361500000E+02   1.572389878300000E-03
   1.008333827400000E-05   4.930088980000000E-02   3.000000000000000E+00   3.000000000000000E+00   1.339544311300000E-03  -6.293656753700000E+01   8.680555361500000E+02   1.583949820500000E-03
   1.023106359700000E-05   4.966133952100000E-02   3.000000000000000E+00   3.000000000000000E+00   1.349317777000000E-03  -6.293654338200000E+01   8.680555361500000E+02   1.595528400100000E-03
   1.037986288200000E-05   5.002113801300000E-02   3.000000000000000E+00   3.000000000000000E+00   1.359094521800000E-03  -6.293651906200000E+01   8.680555361500000E+02   1.607088400500000E-03
   1.052973611000000E-05   5.038093507000000E-02   3.000000000000000E+00   3.000000000000000E+00   1.368871246700000E-03  -6.293649456700000E+01   8.680555361500000E+02   1.618648362000000E-03
   1.068068328300000E-05   5.074023069100000E-02   3.000000000000000E+00   3.000000000000000E+00   1.378649649800000E-03  -6.293646989600000E+01   8.680555361500000E+02   1.630194018300000E-03
   1.083270439100000E-05   5.110002130100000E-02   3.000000000000000E+00   3.000000000000000E+00   1.388426346400000E-03  -6.293644505000000E+01   8.680555361500000E+02   1.641753799800000E-03
   1.098579941800000E-05   5.145981044500000E-02   3.000000000000000E+00   3.000000000000000E+00   1.398203022600000E-03  -6.293642002800000E+01   8.680555361500000E+02   1.653313541500000E-03
   1.113996836200000E-05   5.181371991400000E-02   3.000000000000000E+00   3.000000000000000E+00   1.407968296400000E-03  -6.293639485100000E+01   8.680555361500000E+02   1.664705522900000E-03
   1.129521121200000E-05   5.217346528400000E-02   3.000000000000000E+00   3.000000000000000E+00   1.417744851500000E-03  -6.293636947900000E+01   8.680555361500000E+02   1.676264019700000E-03
   1.145152795900000E-05   5.253320915800000E-02   3.000000000000000E+00   3.000000000000000E+00   1.427521385800000E-03  -6.293634393100000E+01   8.680555361500000E+02   1.687822475800000E-03
   1.160891859600000E-05   5.289982908500000E-02   3.000000000000000E+00   3.000000000000000E+00   1.437311596900000E-03  -6.293631818700000E+01   8.680555361500000E+02   1.699577126000000E-03
   1.176738311100000E-05   5.325961670800000E-02   3.000000000000000E+00   3.000000000000000E+00   1.447088183100000E-03  -6.293629228800000E+01   8.680555361500000E+02   1.711136834700000E-03
   1.192692148700000E-05   5.361940280100000E-02   3.000000000000000E+00   3.000000000000000E+00   1.456864748000000E-03  -6.293626621300000E+01   8.680555361500000E+02   1.722696501900000E-03
   1.208753372500000E-05   5.397915520600000E-02   3.000000000000000E+00   3.000000000000000E+00   1.466641315200000E-03  -6.293623996400000E+01   8.680555361500000E+02   1.734255210000000E-03
   1.224921981000000E-05   5.433893799800000E-02   3.000000000000000E+00   3.000000000000000E+00   1.476417837500000E-03  -6.293621353900000E+01   8.680555361500000E+02   1.745814787300000E-03
   1.241197973500000E-05   5.469871923200000E-02   3.000000000000000E+00   3.000000000000000E+00   1.486194338100000E-03  -6.293618693800000E+01   8.680555361500000E+02   1.757374322200000E-03
   1.257581349000000E-05   5.505815918800000E-02   3.000000000000000E+00   3.000000000000000E+00   1.495970743300000E-03  -6.293616015900000E+01   8.680555361500000E+02   1.768924121800000E-03
   1.274072107100000E-05   5.541793505300000E-02   3.000000000000000E+00   3.000000000000000E+00   1.505747199600000E-03  -6.293613320700000E+01   8.680555361500000E+02   1.780483508000000E-03
   1.290670245900000E-05   5.577770932800000E-02   3.000000000000000E+00   3.000000000000000E+00   1.515523633800000E-03  -6.293610607900000E+01   8.680555361500000E+02   1.792042850900000E-03
   1.307375764800000E-05   5.613751318800000E-02   3.000000000000000E+00   3.000000000000000E+00   1.525295159300000E-03  -6.293607877600000E+01   8.680555361500000E+02   1.803603040300000E-03
   1.324188662700000E-05   5.649728445200000E-02   3.000000000000000E+00   3.000000000000000E+00   1.535071518100000E-03  -6.293605129800000E+01   8.680555361500000E+02   1.815162301800000E-03
   1.341108938900000E-05   5.685705409600000E-02   3.000000000000000E+00   3.000000000000000E+00   1.544847854500000E-03  -6.293602364400000E+01   8.680555361500000E+02   1.826721519300000E-03
   1.358136591100000E-05   5.721649030000000E-02   3.000000000000000E+00   3.000000000000000E+00   1.554556988700000E-03  -6.293599583500000E+01   8.680555361500000E+02   1.838271225100000E-03
   1.375271620400000E-05   5.757625458500000E-02   3.000000000000000E+00   3.000000000000000E+00   1.564332854900000E-03  -6.293596783100000E+01   8.680555361500000E+02   1.849830294300000E-03
   1.392514024500000E-05   5.793601721800000E-02   3.000000000000000E+00   3.000000000000000E+00   1.574108698100000E-03  -6.293593965100000E+01   8.680555361500000E+02   1.861389318600000E-03
   1.409863802700000E-05   5.829596577700000E-02   3.000000000000000E+00   3.000000000000000E+00   1.583939310500000E-03  -6.293591127800000E+01   8.680555361500000E+02   1.872953650200000E-03
   1.427320953700000E-05   5.865572623300000E-02   3.000000000000000E+00   3.000000000000000E+00   1.593715446500000E-03  -6.293588274700000E+01   8.680555361500000E+02   1.884512617100000E-03
   1.444885476900000E-05   5.901548500700000E-02   3.000000000000000E+00   3.000000000000000E+00   1.603491559100000E-03  -6.293585404000000E+01   8.680555361500000E+02   1.896071538200000E-03
   1.462557370900000E-05   5.937512448300000E-02   3.000000000000000E+00   3.000000000000000E+00   1.613286812600000E-03  -6.293582515500000E+01   8.680555361500000E+02   1.907627057800000E-03
   1.480336634600000E-05   5.973487914800000E-02   3.000000000000000E+00   3.000000000000000E+00   1.623062995100000E-03  -6.293579609800000E+01   8.680555361500000E+02   1.919185866400000E-03
   1.498223267400000E-05   6.009463209900000E-02   3.000000000000000E+00   3.000000000000000E+00   1.632839153700000E-03  -6.293576686500000E+01   8.680555361500000E+02   1.930744628500000E-03
   1.516217268000000E-05   6.045497573700000E-02   3.000000000000000E+00   3.000000000000000E+00   1.642572746900000E-03  -6.293573745600000E+01   8.680555361500000E+02   1.942320247100000E-03
   1.534318635300000E-05   6.081472875600000E-02   3.000000000000000E+00   3.000000000000000E+00   1.652348605900000E-03  -6.293570787200000E+01   8.680555361500000E+02   1.953879016000000E-03
   1.552527367500000E-05   6.117448003000000E-02   3.000000000000000E+00   3.000000000000000E+00   1.662124440700000E-03  -6.293567811300000E+01   8.680555361500000E+02   1.965437737400000E-03
   1.570843465300000E-05   6.153428350300000E-02   3.000000000000000E+00   3.000000000000000E+00   1.671940233800000E-03  -6.293564817800000E+01   8.680555361500000E+02   1.976997950700000E-03
   1.589266926000000E-05   6.189403157200000E-02   3.000000000000000E+00   3.000000000000000E+00   1.681716252400000E-03  -6.293561806800000E+01   8.680555361500000E+02   1.988556585600000E-03
   1.607797749100000E-05   6.225377786700000E-02   3.000000000000000E+00   3.000000000000000E+00   1.691492246400000E-03  -6.293558778300000E+01   8.680555361500000E+02   2.000115172400000E-03
   1.626435933500000E-05   6.261286395200000E-02   3.000000000000000E+00   3.000000000000000E+00   1.701271599100000E-03  -6.293555732200000E+01   8.680555361500000E+02   2.011654923700000E-03
   1.645181477400000E-05   6.297260288300000E-02   3.000000000000000E+00   3.000000000000000E+00   1.711047562400000E-03  -6.293552668500000E+01   8.680555361500000E+02   2.023213305200000E-03
   1.664034381300000E-05   6.333234000700000E-02   3.000000000000000E+00   3.000000000000000E+00   1.720823500600000E-03  -6.293549587300000E+01   8.680555361500000E+02   2.034771637800000E-03
   1.682994642300000E-05   6.369274961500000E-02   3.000000000000000E+00   3.000000000000000E+00   1.730577185700000E-03  -6.293546488800000E+01   8.680555361500000E+02   2.046349161000000E-03
   1.702062260300000E-05   6.405248690500000E-02   3.000000000000000E+00   3.000000000000000E+00   1.740352948900000E-03  -6.293543372600000E+01   8.680555361500000E+02   2.057907503300000E-03
   1.721237234300000E-05   6.441222235700000E-02   3.000000000000000E+00   3.000000000000000E+00   1.750128686600000E-03  -6.293540238800000E+01   8.680555361500000E+02   2.069465795700000E-03
   1.740519562900000E-05   6.477178511100000E-02   3.000000000000000E+00   3.000000000000000E+00   1.759924721100000E-03  -6.293537087200000E+01   8.680555361500000E+02   2.081019163100000E-03
   1.759909244400000E-05   6.513151591000001E-02   3.000000000000000E+00   3.000000000000000E+00   1.769700519500000E-03  -6.293533918400000E+01   8.680555361500000E+02   2.092577327900000E-03
   1.779406278700000E-05   6.549124484000000E-02   3.000000000000000E+00   3.000000000000000E+00   1.779476292000000E-03  -6.293530731900000E+01   8.680555361500000E+02   2.104135441900000E-03
   1.799010663300000E-05   6.585097072700000E-02   3.000000000000000E+00   3.000000000000000E+00   1.789216418100000E-03  -6.293527528600000E+01   8.680555361500000E+02   2.115693471800000E-03
   1.818722398200000E-05   6.621069588400000E-02   3.000000000000000E+00   3.000000000000000E+00   1.798991941600000E-03  -6.293524307200000E+01   8.680555361500000E+02   2.127251483400000E-03
   1.838541482100000E-05   6.657041914300001E-02   3.000000000000000E+00   3.000000000000000E+00   1.808767438800000E-03  -6.293521068100000E+01   8.680555361500000E+02   2.138809443500000E-03
   1.858467913200000E-05   6.692993693900000E-02   3.000000000000000E+00   3.000000000000000E+00   1.818574911200000E-03  -6.293517810900000E+01   8.680555361500000E+02   2.150361543600000E-03
   1.878501690800000E-05   6.728965527500000E-02   3.000000000000000E+00   3.000000000000000E+00   1.828350529500000E-03  -6.293514536800000E+01   8.680555361500000E+02   2.161919368600000E-03
   1.898642813300000E-05   6.764937168100001E-02   3.000000000000000E+00   3.000000000000000E+00   1.838126121100000E-03  -6.293511245100000E+01   8.680555361500000E+02   2.173477141100000E-03
   1.918891280400000E-05   6.800167173900000E-02   3.000000000000000E+00   3.000000000000000E+00   1.847907430900000E-03  -6.293507937300000E+01   8.680555361500000E+02   2.184823300600000E-03
   1.939247090300000E-05   6.836134504300000E-02   3.000000000000000E+00   3.000000000000000E+00   1.857682997900000E-03  -6.293504610600000E+01   8.680555361500000E+02   2.196379848500000E-03
   1.959710241500000E-05   6.872101638700000E-02   3.000000000000000E+00   3.000000000000000E+00   1.867458537700000E-03  -6.293501266300000E+01   8.680555361500000E+02   2.207936343200000E-03
   1.980280733400000E-05   6.908841279300000E-02   3.000000000000000E+00   3.000000000000000E+00   1.877231115600000E-03  -6.293497903500000E+01   8.680555361500000E+02   2.219713265700000E-03
   2.000958564200000E-05   6.944812041200001E-02   3.000000000000000E+00   3.000000000000000E+00   1.887006584900000E-03  -6.293494524200000E+01   8.680555361500000E+02   2.231270801100000E-03
   2.021743733300000E-05   6.980782604000001E-02   3.000000000000000E+00   3.000000000000000E+00   1.896782026600000E-03  -6.293491127300000E+01   8.680555361500000E+02   2.242828282500000E-03
   2.042636238300000E-05   7.016483422899999E-02   3.000000000000000E+00   3.000000000000000E+00   1.906558999500000E-03  -6.293487712500000E+01   8.680555361500000E+02   2.254308798400000E-03
   2.063636079100000E-05   7.052452202700001E-02   3.000000000000000E+00   3.000000000000000E+00   1.916334393500000E-03  -6.293484280600000E+01   8.680555361500000E+02   2.265865776500000E-03
   2.084743254500000E-05   7.088420780300000E-02   3.000000000000000E+00   3.000000000000000E+00   1.926109759500000E-03  -6.293480831100000E+01   8.680555361500000E+02   2.277422699700000E-03
   2.105957762700000E-05   7.124649975800000E-02   3.000000000000000E+00   3.000000000000000E+00   1.935864260900000E-03  -6.293477364100000E+01   8.680555361500000E+02   2.289053990200000E-03
   2.127279602200000E-05   7.160619462499999E-02   3.000000000000000E+00   3.000000000000000E+00   1.945639464100000E-03  -6.293473879500000E+01   8.680555361500000E+02   2.300611178600000E-03
   2.148708772400000E-05   7.196588743900000E-02   3.000000000000000E+00   3.000000000000000E+00   1.955414638800000E-03  -6.293470377400000E+01   8.680555361500000E+02   2.312168311200000E-03
   2.170245272400000E-05   7.232237270700000E-02   3.000000000000000E+00   3.000000000000000E+00   1.965213006100000E-03  -6.293466858600000E+01   8.680555361500000E+02   2.323633922500000E-03
   2.191889099500000E-05   7.268204544400000E-02   3.000000000000000E+00   3.000000000000000E+00   1.974988240500000E-03  -6.293463321500000E+01   8.680555361500000E+02   2.335190487900000E-03
   2.213640253700000E-05   7.304171609800000E-02   3.000000000000000E+00   3.000000000000000E+00   1.984763445900000E-03  -6.293459766800000E+01   8.680555361500000E+02   2.346746996800000E-03
   2.235498733300000E-05   7.340172429100000E-02   3.000000000000000E+00   3.000000000000000E+00   1.994521696900000E-03  -6.293456195200000E+01   8.680555361500000E+02   2.358313139900000E-03
   2.257464536600000E-05   7.376139241000000E-02   3.000000000000000E+00   3.000000000000000E+00   2.004296762200000E-03  -6.293452605400000E+01   8.680555361500000E+02   2.369869582300000E-03
   2.279537663100000E-05   7.412105841500000E-02   3.000000000000000E+00   3.000000000000000E+00   2.014071798100000E-03  -6.293448998200000E+01   8.680555361500000E+02   2.381425967200000E-03
   2.301718109900000E-05   7.448368561400000E-02   3.000000000000000E+00   3.000000000000000E+00   2.023862952200000E-03  -6.293445372000000E+01   8.680555361500000E+02   2.393066850300000E-03
   2.324005877900000E-05   7.484336166600000E-02   3.000000000000000E+00   3.000000000000000E+00   2.033638005300000E-03  -6.293441729600000E+01   8.680555361500000E+02   2.404623528000000E-03
   2.346400964200000E-05   7.520303557300000E-02   3.000000000000000E+00   3.000000000000000E+00   2.043413028700000E-03  -6.293438069800000E+01   8.680555361500000E+02   2.416180147400000E-03
   2.368903368200000E-05   7.555291968699999E-02   3.000000000000000E+00   3.000000000000000E+00   2.053185183200000E-03  -6.293434396300000E+01   8.680555361500000E+02   2.427457424900000E-03
   2.391513088100000E-05   7.591254269000000E-02   3.000000000000000E+00   3.000000000000000E+00   2.062960134000000E-03  -6.293430701400000E+01   8.680555361500000E+02   2.439012597500000E-03
   2.414230123200000E-05   7.627216351700000E-02   3.000000000000000E+00   3.000000000000000E+00   2.072735054700000E-03  -6.293426989000000E+01   8.680555361500000E+02   2.450567711000000E-03
   2.437054471600000E-05   7.664202031099999E-02   3.000000000000000E+00   3.000000000000000E+00   2.082513445300000E-03  -6.293423255400000E+01   8.680555361500000E+02   2.462414904700000E-03
   2.459986132000000E-05   7.700168479400001E-02   3.000000000000000E+00   3.000000000000000E+00   2.092288320500000E-03  -6.293419507800000E+01   8.680555361500000E+02   2.473971270300000E-03
   2.483025103600000E-05   7.736134707000000E-02   3.000000000000000E+00   3.000000000000000E+00   2.102063165200000E-03  -6.293415742800000E+01   8.680555361500000E+02   2.485527576000000E-03
   2.506171384000000E-05   7.772092953199999E-02   3.000000000000000E+00   3.000000000000000E+00   2.111804297200000E-03  -6.293411960000000E+01   8.680555361500000E+02   2.497081607400000E-03
   2.529424972600000E-05   7.808058700400000E-02   3.000000000000000E+00   3.000000000000000E+00   2.121578926500000E-03  -6.293408159900000E+01   8.680555361500000E+02   2.508637782200000E-03
   2.552785867900000E-05   7.844024223700000E-02   3.000000000000000E+00   3.000000000000000E+00   2.131353524700000E-03  -6.293404342200000E+01   8.680555361500000E+02   2.520193896200000E-03
   2.576254067800000E-05   7.879971009599999E-02   3.000000000000000E+00   3.000000000000000E+00   2.141157723100000E-03  -6.293400506400000E+01   8.680555361500000E+02   2.531744666800000E-03
   2.599829572500000E-05   7.915935997800000E-02   3.000000000000000E+00   3.000000000000000E+00   2.150932391300000E-03  -6.293396653700000E+01   8.680555361500000E+02   2.543300634300000E-03
   2.623512379100000E-05   7.951900759100000E-02   3.000000000000000E+00   3.000000000000000E+00   2.160707028000000E-03  -6.293392783500000E+01   8.680555361500000E+02   2.554856540300000E-03
   2.647302486900000E-05   7.987059438300000E-02   3.000000000000000E+00   3.000000000000000E+00   2.170471917500000E-03  -6.293388903100000E+01   8.680555361500000E+02   2.566182436700000E-03
   2.671199894700000E-05   8.023020115000000E-02   3.000000000000000E+00   3.000000000000000E+00   2.180246449200000E-03  -6.293384997900000E+01   8.680555361500000E+02   2.577737183200000E-03
   2.695204600500000E-05   8.058980561800000E-02   3.000000000000000E+00   3.000000000000000E+00   2.190020948900000E-03  -6.293381075100000E+01   8.680555361500000E+02   2.589291867300000E-03
   2.719316602700000E-05   8.095762627700000E-02   3.000000000000000E+00   3.000000000000000E+00   2.199803439900000E-03  -6.293377127400000E+01   8.680555361500000E+02   2.601081001800000E-03
   2.743535900500000E-05   8.131726261900001E-02   3.000000000000000E+00   3.000000000000000E+00   2.209577908700000E-03  -6.293373169500000E+01   8.680555361500000E+02   2.612636602200000E-03
   2.767862492500000E-05   8.167689663000000E-02   3.000000000000000E+00   3.000000000000000E+00   2.219352345100000E-03  -6.293369194100000E+01   8.680555361500000E+02   2.624192139200000E-03
   2.792296376700000E-05   8.203191662500001E-02   3.000000000000000E+00   3.000000000000000E+00   2.229133880900000E-03  -6.293365202300000E+01   8.680555361500000E+02   2.635616019300000E-03
   2.816837552500000E-05   8.239152573100000E-02   3.000000000000000E+00   3.000000000000000E+00   2.238908284300000E-03  -6.293361191800000E+01   8.680555361500000E+02   2.647170852100000E-03
   2.841486017600000E-05   8.275113247599999E-02   3.000000000000000E+00   3.000000000000000E+00   2.248682654900000E-03  -6.293357163800000E+01   8.680555361500000E+02   2.658725620800000E-03
   2.866241770900000E-05   8.311251146800000E-02   3.000000000000000E+00   3.000000000000000E+00   2.258449444700000E-03  -6.293353118200000E+01   8.680555361500000E+02   2.670330963800000E-03
   2.891104810600000E-05   8.347212113700000E-02   3.000000000000000E+00   3.000000000000000E+00   2.268223715900000E-03  -6.293349055200000E+01   8.680555361500000E+02   2.681885822600000E-03
   2.916075136100000E-05   8.383172841500000E-02   3.000000000000000E+00   3.000000000000000E+00   2.277997953700000E-03  -6.293344974600000E+01   8.680555361500000E+02   2.693440616500000E-03
   2.941152744700000E-05   8.418593520700000E-02   3.000000000000000E+00   3.000000000000000E+00   2.287744041100000E-03  -6.293340881600000E+01   8.680555361500000E+02   2.704841310400000E-03
   2.966337636000000E-05   8.454551461699999E-02   3.000000000000000E+00   3.000000000000000E+00   2.297518095300000E-03  -6.293336766000000E+01   8.680555361500000E+02   2.716395315600000E-03
   2.991629807500000E-05   8.490509160400000E-02   3.000000000000000E+00   3.000000000000000E+00   2.307292115800000E-03  -6.293332632900000E+01   8.680555361500000E+02   2.727949255000000E-03
   3.017029258500000E-05   8.526966951900000E-02   3.000000000000000E+00   3.000000000000000E+00   2.317076077500000E-03  -6.293328476500000E+01   8.680555361500000E+02   2.739645900200000E-03
   3.042535987700000E-05   8.562926272700000E-02   3.000000000000000E+00   3.000000000000000E+00   2.326850068300000E-03  -6.293324308300000E+01   8.680555361500000E+02   2.751200309500000E-03
   3.068149992800000E-05   8.598885348099999E-02   3.000000000000000E+00   3.000000000000000E+00   2.336624025000000E-03  -6.293320122600000E+01   8.680555361500000E+02   2.762754652100000E-03
   3.093871272100000E-05   8.635056699099999E-02   3.000000000000000E+00   3.000000000000000E+00   2.346424838300000E-03  -6.293315918700000E+01   8.680555361500000E+02   2.774369571500000E-03
   3.119699825900000E-05   8.671016165600000E-02   3.000000000000000E+00   3.000000000000000E+00   2.356198840500000E-03  -6.293311697900000E+01   8.680555361500000E+02   2.785924032600000E-03
   3.145635650800000E-05   8.706975383700000E-02   3.000000000000000E+00   3.000000000000000E+00   2.365972808200000E-03  -6.293307459700000E+01   8.680555361500000E+02   2.797478426400000E-03
   3.171678745600000E-05   8.741936101200000E-02   3.000000000000000E+00   3.000000000000000E+00   2.375744427500000E-03  -6.293303208300000E+01   8.680555361500000E+02   2.808747897400000E-03
   3.197829109200000E-05   8.777890714400000E-02   3.000000000000000E+00   3.000000000000000E+00   2.385518316900000E-03  -6.293298935000000E+01   8.680555361500000E+02   2.820300983700000E-03
   3.224086739700000E-05   8.813845076100001E-02   3.000000000000000E+00   3.000000000000000E+00   2.395292171300000E-03  -6.293294644200000E+01   8.680555361500000E+02   2.831854001700000E-03
   3.250451635900000E-05   8.850509430400000E-02   3.000000000000000E+00   3.000000000000000E+00   2.405060310900000E-03  -6.293290332000000E+01   8.680555361500000E+02   2.843609623300000E-03
   3.276923796100000E-05   8.886466171000000E-02   3.000000000000000E+00   3.000000000000000E+00   2.414834072600000E-03  -6.293286006100000E+01   8.680555361500000E+02   2.855163327500000E-03
   3.303503218200000E-05   8.922422657100000E-02   3.000000000000000E+00   3.000000000000000E+00   2.424607798900000E-03  -6.293281662700000E+01   8.680555361500000E+02   2.866716962500000E-03
   3.330189901400000E-05   8.958060716200000E-02   3.000000000000000E+00   3.000000000000000E+00   2.434343138000000E-03  -6.293277311400000E+01   8.680555361500000E+02   2.878179736000000E-03
   3.356983844100000E-05   8.994015413200000E-02   3.000000000000000E+00   3.000000000000000E+00   2.444116640900000E-03  -6.293272933100000E+01   8.680555361500000E+02   2.889732867500000E-03
   3.383885044500000E-05   9.029969852600001E-02   3.000000000000000E+00   3.000000000000000E+00   2.453890108100000E-03  -6.293268537200000E+01   8.680555361500000E+02   2.901285929100000E-03
   3.410893500800000E-05   9.066690434900000E-02   3.000000000000000E+00   3.000000000000000E+00   2.463706866000000E-03  -6.293264113700000E+01   8.680555361500000E+02   2.913057618600000E-03
   3.438009211500000E-05   9.102647394900000E-02   3.000000000000000E+00   3.000000000000000E+00   2.473480429500000E-03  -6.293259682700000E+01   8.680555361500000E+02   2.924611406900000E-03
   3.465232174600000E-05   9.138604094000000E-02   3.000000000000000E+00   3.000000000000000E+00   2.483253956800000E-03  -6.293255234200000E+01   8.680555361500000E+02   2.936165124500000E-03
   3.492562389700000E-05   9.174587808600000E-02   3.000000000000000E+00   3.000000000000000E+00   2.493031185300000E-03  -6.293250767900000E+01   8.680555361500000E+02   2.947726554700000E-03
   3.519999853800000E-05   9.210544090099999E-02   3.000000000000000E+00   3.000000000000000E+00   2.502804655300000E-03  -6.293246284400000E+01   8.680555361500000E+02   2.959280160400000E-03
   3.547544566500000E-05   9.246500107800000E-02   3.000000000000000E+00   3.000000000000000E+00   2.512578088700000E-03  -6.293241783300000E+01   8.680555361500000E+02   2.970833694500000E-03
   3.575196525100000E-05   9.282107337600000E-02   3.000000000000000E+00   3.000000000000000E+00   2.522348125400000E-03  -6.293237264900000E+01   8.680555361500000E+02   2.982287702500000E-03
   3.602955729000000E-05   9.318061474900000E-02   3.000000000000000E+00   3.000000000000000E+00   2.532121471300000E-03  -6.293232728800000E+01   8.680555361500000E+02   2.993840707200000E-03
   3.630822175700000E-05   9.354015345300000E-02   3.000000000000000E+00   3.000000000000000E+00   2.541894780100000E-03  -6.293228175200000E+01   8.680555361500000E+02   3.005393639500000E-03
   3.658795863800000E-05   9.390224214499999E-02   3.000000000000000E+00   3.000000000000000E+00   2.551602862800000E-03  -6.293223603800000E+01   8.680555361500000E+02   3.017019342000000E-03
   3.686876791700000E-05   9.426178525200000E-02   3.000000000000000E+00   3.000000000000000E+00   2.561375844500000E-03  -6.293219015200000E+01   8.680555361500000E+02   3.028572407500000E-03
   3.715064957600000E-05   9.462132566000001E-02   3.000000000000000E+00   3.000000000000000E+00   2.571148788800000E-03  -6.293214409000000E+01   8.680555361500000E+02   3.040125399800000E-03
   3.743360360200000E-05   9.496950127800000E-02   3.000000000000000E+00   3.000000000000000E+00   2.580991100000000E-03  -6.293209789100000E+01   8.680555361500000E+02   3.051354088000000E-03
   3.771762997500000E-05   9.532899325600000E-02   3.000000000000000E+00   3.000000000000000E+00   2.590764235400000E-03  -6.293205147900000E+01   8.680555361500000E+02   3.062905705400000E-03
   3.800272868200000E-05   9.568848250400000E-02   3.000000000000000E+00   3.000000000000000E+00   2.600537332900000E-03  -6.293200489300000E+01   8.680555361500000E+02   3.074457248600000E-03
   3.828889970300000E-05   9.606039296799999E-02   3.000000000000000E+00   3.000000000000000E+00   2.610307217000000E-03  -6.293195810100000E+01   8.680555361500000E+02   3.086363251200000E-03
   3.857614301800000E-05   9.641992321600000E-02   3.000000000000000E+00   3.000000000000000E+00   2.620080227200000E-03  -6.293191116400000E+01   8.680555361500000E+02   3.097915972500000E-03
   3.886445861600000E-05   9.677945070200000E-02   3.000000000000000E+00   3.000000000000000E+00   2.629853199000000E-03  -6.293186405200000E+01   8.680555361500000E+02   3.109468618900000E-03
   3.915384647400000E-05   9.713780522200000E-02   3.000000000000000E+00   3.000000000000000E+00   2.639628959400000E-03  -6.293181675700000E+01   8.680555361500000E+02   3.120987796900000E-03
   3.944430658200000E-05   9.749732282600000E-02   3.000000000000000E+00   3.000000000000000E+00   2.649401863600000E-03  -6.293176929400000E+01   8.680555361500000E+02   3.132540169000000E-03
   3.973583891600000E-05   9.785683763700000E-02   3.000000000000000E+00   3.000000000000000E+00   2.659174729000000E-03  -6.293172165700000E+01   8.680555361500000E+02   3.144092465300000E-03
   4.002844346500000E-05   9.821271544100001E-02   3.000000000000000E+00   3.000000000000000E+00   2.668930360300000E-03  -6.293167385700000E+01   8.680555361500000E+02   3.155540977900000E-03
   4.032212020800000E-05   9.857221133900000E-02   3.000000000000000E+00   3.000000000000000E+00   2.678703083100000E-03  -6.293162586900000E+01   8.680555361500000E+02   3.167092742200000E-03
   4.061686912800000E-05   9.893170441400000E-02   3.000000000000000E+00   3.000000000000000E+00   2.688475766800000E-03  -6.293157770700000E+01   8.680555361500000E+02   3.178644429800000E-03
   4.091269020500000E-05   9.929613660100001E-02   3.000000000000000E+00   3.000000000000000E+00   2.698226058000000E-03  -6.293152935600000E+01   8.680555361500000E+02   3.190337066900000E-03
   4.120958342700000E-05   9.965564188999999E-02   3.000000000000000E+00   3.000000000000000E+00   2.707998580900000E-03  -6.293148084300000E+01   8.680555361500000E+02   3.201889111100000E-03
   4.150754877300000E-05   1.000151443300000E-01   3.000000000000000E+00   3.000000000000000E+00   2.717771064100000E-03  -6.293143215500000E+01   8.680555361500000E+02   3.213441077900000E-03
   4.180658623300000E-05   1.003712683000000E-01   3.000000000000000E+00   3.000000000000000E+00   2.727579478700000E-03  -6.293138329400000E+01   8.680555361500000E+02   3.224896638300000E-03
   4.210669577800000E-05   1.007307529100000E-01   3.000000000000000E+00   3.000000000000000E+00   2.737352013300000E-03  -6.293133425600000E+01   8.680555361500000E+02   3.236448104300000E-03
   4.240787739100000E-05   1.010902346400000E-01   3.000000000000000E+00   3.000000000000000E+00   2.747124507700000E-03  -6.293128504200000E+01   8.680555361500000E+02   3.247999492000000E-03
   4.271013106400000E-05   1.014455268500000E-01   3.000000000000000E+00   3.000000000000000E+00   2.756882974300000E-03  -6.293123567200000E+01   8.680555361500000E+02   3.259431328000000E-03
   4.301345676600000E-05   1.018049879400000E-01   3.000000000000000E+00   3.000000000000000E+00   2.766655337700000E-03  -6.293118610900000E+01   8.680555361500000E+02   3.270982134900000E-03
   4.331785449100000E-05   1.021644461300000E-01   3.000000000000000E+00   3.000000000000000E+00   2.776427660500000E-03  -6.293113637000000E+01   8.680555361500000E+02   3.282532862700000E-03
   4.362332421700000E-05   1.025310932200000E-01   3.000000000000000E+00   3.000000000000000E+00   2.786217761300000E-03  -6.293108644100000E+01   8.680555361500000E+02   3.294288744600000E-03
   4.392986592200000E-05   1.028905707600000E-01   3.000000000000000E+00   3.000000000000000E+00   2.795990067000000E-03  -6.293103635200000E+01   8.680555361500000E+02   3.305840033100000E-03
   4.423747959700000E-05   1.032500453500000E-01   3.000000000000000E+00   3.000000000000000E+00   2.805762331800000E-03  -6.293098608900000E+01   8.680555361500000E+02   3.317391241600000E-03
   4.454616521000000E-05   1.036073169400000E-01   3.000000000000000E+00   3.000000000000000E+00   2.815532343900000E-03  -6.293093565000000E+01   8.680555361500000E+02   3.328879587000000E-03
   4.485592275800000E-05   1.039667779700000E-01   3.000000000000000E+00   3.000000000000000E+00   2.825304518400000E-03  -6.293088503700000E+01   8.680555361500000E+02   3.340430416900000E-03
   4.516675220700000E-05   1.043262360300000E-01   3.000000000000000E+00   3.000000000000000E+00   2.835076651700000E-03  -6.293083424800000E+01   8.680555361500000E+02   3.351981166100000E-03
   4.547865355400000E-05   1.046870434200000E-01   3.000000000000000E+00   3.000000000000000E+00   2.844851743800000E-03  -6.293078329500000E+01   8.680555361500000E+02   3.363570425400000E-03
   4.579162677400000E-05   1.050465001400000E-01   3.000000000000000E+00   3.000000000000000E+00   2.854623805000000E-03  -6.293073215600000E+01   8.680555361500000E+02   3.375121144700000E-03
   4.610567184300000E-05   1.054059538500000E-01   3.000000000000000E+00   3.000000000000000E+00   2.864395824500000E-03  -6.293068084300000E+01   8.680555361500000E+02   3.386671782500000E-03
   4.642078875400000E-05   1.057591777800000E-01   3.000000000000000E+00   3.000000000000000E+00   2.874168102400000E-03  -6.293062940500000E+01   8.680555361500000E+02   3.398044642700000E-03
   4.673697747700000E-05   1.061186043000000E-01   3.000000000000000E+00   3.000000000000000E+00   2.883940039300000E-03  -6.293057774200000E+01   8.680555361500000E+02   3.409594512400000E-03
   4.705423800200000E-05   1.064780277800000E-01   3.000000000000000E+00   3.000000000000000E+00   2.893711934000000E-03  -6.293052590400000E+01   8.680555361500000E+02   3.421144299600000E-03
   4.737257030400000E-05   1.068321953600000E-01   3.000000000000000E+00   3.000000000000000E+00   2.903455210800000E-03  -6.293047396200000E+01   8.680555361500000E+02   3.432544100900000E-03
   4.769197436800000E-05   1.071915950700000E-01   3.000000000000000E+00   3.000000000000000E+00   2.913226927500000E-03  -6.293042177400000E+01   8.680555361500000E+02   3.444093218000000E-03
   4.801245017500000E-05   1.075509917100000E-01   3.000000000000000E+00   3.000000000000000E+00   2.922998601700000E-03  -6.293036941100000E+01   8.680555361500000E+02   3.455642251900000E-03
   4.833399770900000E-05   1.079168490600000E-01   3.000000000000000E+00   3.000000000000000E+00   2.932776456700000E-03  -6.293031673400000E+01   8.680555361500000E+02   3.467375664000000E-03
   4.865661694100000E-05   1.082762610600000E-01   3.000000000000000E+00   3.000000000000000E+00   2.942548065800000E-03  -6.293026402100000E+01   8.680555361500000E+02   3.478925145000000E-03
   4.898030785800000E-05   1.086356699600000E-01   3.000000000000000E+00   3.000000000000000E+00   2.952319631900000E-03  -6.293021113200000E+01   8.680555361500000E+02   3.490474541900000E-03
   4.930507044500000E-05   1.089972573200000E-01   3.000000000000000E+00   3.000000000000000E+00   2.962024523000000E-03  -6.293015812600000E+01   8.680555361500000E+02   3.502086111600000E-03
   4.963090467600000E-05   1.093566671800000E-01   3.000000000000000E+00   3.000000000000000E+00   2.971795785500000E-03  -6.293010488800000E+01   8.680555361500000E+02   3.513635544800000E-03
   4.995781053300000E-05   1.097160739100000E-01   3.000000000000000E+00   3.000000000000000E+00   2.981567004600000E-03  -6.293005147500000E+01   8.680555361500000E+02   3.525184893100000E-03
   5.028578800100000E-05   1.100742196100000E-01   3.000000000000000E+00   3.000000000000000E+00   2.991425280900000E-03  -6.292999788900000E+01   8.680555361500000E+02   3.536698258400000E-03
   5.061483705900000E-05   1.104336159400000E-01   3.000000000000000E+00   3.000000000000000E+00   3.001196693200000E-03  -6.292994412600000E+01   8.680555361500000E+02   3.548247318700000E-03
   5.094495768600000E-05   1.107930091200000E-01   3.000000000000000E+00   3.000000000000000E+00   3.010968061600000E-03  -6.292989018800000E+01   8.680555361500000E+02   3.559796293300000E-03
   5.127614986300000E-05   1.111519708800000E-01   3.000000000000000E+00   3.000000000000000E+00   3.020705492300000E-03  -6.292983612300000E+01   8.680555361500000E+02   3.571332960600000E-03
   5.160841356300000E-05   1.115113563300000E-01   3.000000000000000E+00   3.000000000000000E+00   3.030476665400000E-03  -6.292978183600000E+01   8.680555361500000E+02   3.582881723300000E-03
   5.194174878400000E-05   1.118707385800000E-01   3.000000000000000E+00   3.000000000000000E+00   3.040247794300000E-03  -6.292972737400000E+01   8.680555361500000E+02   3.594430399400000E-03
   5.227615549400000E-05   1.122333133900000E-01   3.000000000000000E+00   3.000000000000000E+00   3.049984424000000E-03  -6.292967262400000E+01   8.680555361500000E+02   3.606070189700000E-03
   5.261163367700000E-05   1.125926994600000E-01   3.000000000000000E+00   3.000000000000000E+00   3.059755354900000E-03  -6.292961781100000E+01   8.680555361500000E+02   3.617618983900000E-03
   5.294818330700000E-05   1.129520823200000E-01   3.000000000000000E+00   3.000000000000000E+00   3.069526241200000E-03  -6.292956282300000E+01   8.680555361500000E+02   3.629167690700000E-03
   5.328580437200000E-05   1.133031797700000E-01   3.000000000000000E+00   3.000000000000000E+00   3.079365890400000E-03  -6.292950771200000E+01   8.680555361500000E+02   3.640479950500000E-03
   5.362449684900000E-05   1.136625298900000E-01   3.000000000000000E+00   3.000000000000000E+00   3.089136899200000E-03  -6.292945237400000E+01   8.680555361500000E+02   3.652027731900000E-03
   5.396426071800000E-05   1.140218767600000E-01   3.000000000000000E+00   3.000000000000000E+00   3.098907862900000E-03  -6.292939686200000E+01   8.680555361500000E+02   3.663575425000000E-03
   5.430509595500000E-05   1.143878222000000E-01   3.000000000000000E+00   3.000000000000000E+00   3.108648576300000E-03  -6.292934116200000E+01   8.680555361500000E+02   3.675311435600000E-03
   5.464700254700000E-05   1.147471832700000E-01   3.000000000000000E+00   3.000000000000000E+00   3.118419359000000E-03  -6.292928530000000E+01   8.680555361500000E+02   3.686859543400000E-03
   5.498998047500000E-05   1.151065410600000E-01   3.000000000000000E+00   3.000000000000000E+00   3.128190096200000E-03  -6.292922926300000E+01   8.680555361500000E+02   3.698407562100000E-03
   5.533402970500000E-05   1.154663206100000E-01   3.000000000000000E+00   3.000000000000000E+00   3.137993258900000E-03  -6.292917303700000E+01   8.680555361500000E+02   3.709967622000000E-03
   5.567915023200000E-05   1.158256731300000E-01   3.000000000000000E+00   3.000000000000000E+00   3.147764001400000E-03  -6.292911665000000E+01   8.680555361500000E+02   3.721515499500000E-03
   5.602534203400000E-05   1.161850223300000E-01   3.000000000000000E+00   3.000000000000000E+00   3.157534698000000E-03  -6.292906008800000E+01   8.680555361500000E+02   3.733063287100000E-03
   5.637260508200000E-05   1.165389394500000E-01   3.000000000000000E+00   3.000000000000000E+00   3.167283655000000E-03  -6.292900346000000E+01   8.680555361500000E+02   3.744456054200000E-03
   5.672093935400000E-05   1.168982652600000E-01   3.000000000000000E+00   3.000000000000000E+00   3.177054196100000E-03  -6.292894654900000E+01   8.680555361500000E+02   3.756003183300000E-03
   5.707034484400000E-05   1.172575877300000E-01   3.000000000000000E+00   3.000000000000000E+00   3.186824690900000E-03  -6.292888946300000E+01   8.680555361500000E+02   3.767550221600000E-03
   5.742082152000000E-05   1.176265562700000E-01   3.000000000000000E+00   3.000000000000000E+00   3.196617316400000E-03  -6.292883207000000E+01   8.680555361500000E+02   3.779372552800000E-03
   5.777236936500000E-05   1.179859015000000E-01   3.000000000000000E+00   3.000000000000000E+00   3.206387783600000E-03  -6.292877463400000E+01   8.680555361500000E+02   3.790920250400000E-03
   5.812498835500000E-05   1.183452433500000E-01   3.000000000000000E+00   3.000000000000000E+00   3.216158204000000E-03  -6.292871702300000E+01   8.680555361500000E+02   3.802467856400000E-03
   5.847867847800000E-05   1.186936288200000E-01   3.000000000000000E+00   3.000000000000000E+00   3.225929882600000E-03  -6.292865929500000E+01   8.680555361500000E+02   3.813702782600000E-03
   5.883343969800000E-05   1.190529307500000E-01   3.000000000000000E+00   3.000000000000000E+00   3.235700211700000E-03  -6.292860133500000E+01   8.680555361500000E+02   3.825249258100000E-03
   5.918927201300000E-05   1.194122292700000E-01   3.000000000000000E+00   3.000000000000000E+00   3.245470493600000E-03  -6.292854320000000E+01   8.680555361500000E+02   3.836795641200000E-03
   5.954617538300000E-05   1.197687808700000E-01   3.000000000000000E+00   3.000000000000000E+00   3.255237188700000E-03  -6.292848489600000E+01   8.680555361500000E+02   3.848263633900000E-03
   5.990414980000000E-05   1.201280643200000E-01   3.000000000000000E+00   3.000000000000000E+00   3.265007366800000E-03  -6.292842641100000E+01   8.680555361500000E+02   3.859809596500000E-03
   6.026319523700000E-05   1.204873443500000E-01   3.000000000000000E+00   3.000000000000000E+00   3.274777497100000E-03  -6.292836775100000E+01   8.680555361500000E+02   3.871355465800000E-03
   6.062331167700000E-05   1.208579697800000E-01   3.000000000000000E+00   3.000000000000000E+00   3.284550267800000E-03  -6.292830883900000E+01   8.680555361500000E+02   3.883225130900000E-03
   6.098449909500000E-05   1.212172766400000E-01   3.000000000000000E+00   3.000000000000000E+00   3.294320309900000E-03  -6.292824982900000E+01   8.680555361500000E+02   3.894771776100000E-03
   6.134675747000000E-05   1.215765800200000E-01   3.000000000000000E+00   3.000000000000000E+00   3.304090303900000E-03  -6.292819064400000E+01   8.680555361500000E+02   3.906318327300000E-03
   6.171008678699999E-05   1.219302685100000E-01   3.000000000000000E+00   3.000000000000000E+00   3.313858346800000E-03  -6.292813132900000E+01   8.680555361500000E+02   3.917704637100000E-03
   6.207448701800000E-05   1.222895484000000E-01   3.000000000000000E+00   3.000000000000000E+00   3.323628236700000E-03  -6.292807179500000E+01   8.680555361500000E+02   3.929250527300000E-03
   6.243995814200000E-05   1.226488248000000E-01   3.000000000000000E+00   3.000000000000000E+00   3.333398078200000E-03  -6.292801208600000E+01   8.680555361500000E+02   3.940796322700000E-03
   6.280650013300000E-05   1.230150624300000E-01   3.000000000000000E+00   3.000000000000000E+00   3.343142694600000E-03  -6.292795216200000E+01   8.680555361500000E+02   3.952540793800000E-03
   6.317411298100001E-05   1.233743521500000E-01   3.000000000000000E+00   3.000000000000000E+00   3.352912362700000E-03  -6.292789210300000E+01   8.680555361500000E+02   3.964086979300000E-03
   6.354279666000000E-05   1.237336383300000E-01   3.000000000000000E+00   3.000000000000000E+00   3.362681981900000E-03  -6.292783187000000E+01   8.680555361500000E+02   3.975633069000000E-03
   6.391255114300001E-05   1.240851480700000E-01   3.000000000000000E+00   3.000000000000000E+00   3.372432765500000E-03  -6.292777150700000E+01   8.680555361500000E+02   3.986957225500000E-03
   6.428337641299999E-05   1.244444046700000E-01   3.000000000000000E+00   3.000000000000000E+00   3.382202230800000E-03  -6.292771092400000E+01   8.680555361500000E+02   3.998502480600000E-03
   6.465527244800000E-05   1.248036577200000E-01   3.000000000000000E+00   3.000000000000000E+00   3.391971646900000E-03  -6.292765016700000E+01   8.680555361500000E+02   4.010047639100000E-03
   6.502823922100000E-05   1.251654307200000E-01   3.000000000000000E+00   3.000000000000000E+00   3.401757228400000E-03  -6.292758926700000E+01   8.680555361500000E+02   4.021664721800000E-03
   6.540227671200000E-05   1.255246838600000E-01   3.000000000000000E+00   3.000000000000000E+00   3.411526600300000E-03  -6.292752816000000E+01   8.680555361500000E+02   4.033209893200000E-03
   6.577738490799999E-05   1.258839334200000E-01   3.000000000000000E+00   3.000000000000000E+00   3.421295922400000E-03  -6.292746687800000E+01   8.680555361500000E+02   4.044754967200000E-03
   6.615356378200000E-05   1.262382359600000E-01   3.000000000000000E+00   3.000000000000000E+00   3.431094988000000E-03  -6.292740545300000E+01   8.680555361500000E+02   4.056158857800000E-03
   6.653081330299999E-05   1.265974642500000E-01   3.000000000000000E+00   3.000000000000000E+00   3.440864290300000E-03  -6.292734382200000E+01   8.680555361500000E+02   4.067703334600000E-03
   6.690913345500000E-05   1.269566889200000E-01   3.000000000000000E+00   3.000000000000000E+00   3.450633542300000E-03  -6.292728201700000E+01   8.680555361500000E+02   4.079247713300000E-03
   6.728852422399999E-05   1.273231317600000E-01   3.000000000000000E+00   3.000000000000000E+00   3.460401837600000E-03  -6.292721994300000E+01   8.680555361500000E+02   4.090998105300000E-03
   6.766898557300001E-05   1.276823695300000E-01   3.000000000000000E+00   3.000000000000000E+00   3.470170986100000E-03  -6.292715778700000E+01   8.680555361500000E+02   4.102542868400000E-03
   6.805051748700000E-05   1.280416036600000E-01   3.000000000000000E+00   3.000000000000000E+00   3.479940083900000E-03  -6.292709545700000E+01   8.680555361500000E+02   4.114087532600000E-03
   6.843311994800001E-05   1.284049388100000E-01   3.000000000000000E+00   3.000000000000000E+00   3.489679729700000E-03  -6.292703292800000E+01   8.680555361500000E+02   4.125749246700000E-03
   6.881679292800001E-05   1.287641770900000E-01   3.000000000000000E+00   3.000000000000000E+00   3.499448640900000E-03  -6.292697024800000E+01   8.680555361500000E+02   4.137294039800000E-03
   6.920153640200000E-05   1.291234116900000E-01   3.000000000000000E+00   3.000000000000000E+00   3.509217500900000E-03  -6.292690739300000E+01   8.680555361500000E+02   4.148838733100000E-03
   6.958735035300000E-05   1.294794951300000E-01   3.000000000000000E+00   3.000000000000000E+00   3.518978052700000E-03  -6.292684454600000E+01   8.680555361500000E+02   4.160293495800000E-03
   6.997423475000000E-05   1.298387136100000E-01   3.000000000000000E+00   3.000000000000000E+00   3.528746795900000E-03  -6.292678134300000E+01   8.680555361500000E+02   4.171837739200000E-03
   7.036218958300000E-05   1.301979283800000E-01   3.000000000000000E+00   3.000000000000000E+00   3.538515487700000E-03  -6.292671796500000E+01   8.680555361500000E+02   4.183381882000000E-03
   7.075121482000001E-05   1.305580475000000E-01   3.000000000000000E+00   3.000000000000000E+00   3.548268137900000E-03  -6.292665422800000E+01   8.680555361500000E+02   4.194951840700000E-03
   7.114131044400000E-05   1.309172573200000E-01   3.000000000000000E+00   3.000000000000000E+00   3.558036683300000E-03  -6.292659050000000E+01   8.680555361500000E+02   4.206495852600000E-03
   7.153247642100000E-05   1.312764634000000E-01   3.000000000000000E+00   3.000000000000000E+00   3.567805176800000E-03  -6.292652659800000E+01   8.680555361500000E+02   4.218039763000000E-03
   7.192471273300000E-05   1.316355042100000E-01   3.000000000000000E+00   3.000000000000000E+00   3.577589302300000E-03  -6.292646253200000E+01   8.680555361500000E+02   4.229578961600000E-03
   7.231801936900000E-05   1.319947023400000E-01   3.000000000000000E+00   3.000000000000000E+00   3.587357724300000E-03  -6.292639828000000E+01   8.680555361500000E+02   4.241122655600000E-03
   7.271239629299999E-05   1.323538967000000E-01   3.000000000000000E+00   3.000000000000000E+00   3.597126093900000E-03  -6.292633385300000E+01   8.680555361500000E+02   4.252666247300000E-03
   7.310784348300000E-05   1.327051533800000E-01   3.000000000000000E+00   3.000000000000000E+00   3.606914255300000E-03  -6.292626944700000E+01   8.680555361500000E+02   4.263983294700000E-03
   7.350436091800000E-05   1.330643187000000E-01   3.000000000000000E+00   3.000000000000000E+00   3.616682582000000E-03  -6.292620467200000E+01   8.680555361500000E+02   4.275526067800000E-03
   7.390194857500000E-05   1.334234802200000E-01   3.000000000000000E+00   3.000000000000000E+00   3.626450855900000E-03  -6.292613972300000E+01   8.680555361500000E+02   4.287068737800000E-03
   7.430060643400000E-05   1.337937005800000E-01   3.000000000000000E+00   3.000000000000000E+00   3.636206484800000E-03  -6.292607439700000E+01   8.680555361500000E+02   4.298927045400000E-03
   7.470033446399999E-05   1.341528841500000E-01   3.000000000000000E+00   3.000000000000000E+00   3.645974611100000E-03  -6.292600909800000E+01   8.680555361500000E+02   4.310470356200000E-03
   7.510113264500000E-05   1.345120639000000E-01   3.000000000000000E+00   3.000000000000000E+00   3.655742684200000E-03  -6.292594362300000E+01   8.680555361500000E+02   4.322013563000000E-03
   7.550300095100001E-05   1.348572148100000E-01   3.000000000000000E+00   3.000000000000000E+00   3.665535124000000E-03  -6.292587801300000E+01   8.680555361500000E+02   4.333156373000000E-03
   7.590593936200000E-05   1.352163495300000E-01   3.000000000000000E+00   3.000000000000000E+00   3.675303157400000E-03  -6.292581218900000E+01   8.680555361500000E+02   4.344698304700000E-03
   7.630994785600001E-05   1.355754803900000E-01   3.000000000000000E+00   3.000000000000000E+00   3.685071137300000E-03  -6.292574619100000E+01   8.680555361500000E+02   4.356240131500000E-03
   7.671502640700000E-05   1.359350880200000E-01   3.000000000000000E+00   3.000000000000000E+00   3.694845440200000E-03  -6.292568005000000E+01   8.680555361500000E+02   4.367795571600000E-03
   7.712117498800000E-05   1.362942123900000E-01   3.000000000000000E+00   3.000000000000000E+00   3.704613330200000E-03  -6.292561370300000E+01   8.680555361500000E+02   4.379337224300000E-03
   7.752839357700000E-05   1.366533328700000E-01   3.000000000000000E+00   3.000000000000000E+00   3.714381166200000E-03  -6.292554718100000E+01   8.680555361500000E+02   4.390878771400000E-03
   7.793668215200000E-05   1.370230646900000E-01   3.000000000000000E+00   3.000000000000000E+00   3.724152974700000E-03  -6.292548041600000E+01   8.680555361500000E+02   4.402723189600000E-03
   7.834604068800001E-05   1.373822051700000E-01   3.000000000000000E+00   3.000000000000000E+00   3.733920713900000E-03  -6.292541354500000E+01   8.680555361500000E+02   4.414265318900000E-03
   7.875646916300000E-05   1.377413417300000E-01   3.000000000000000E+00   3.000000000000000E+00   3.743688398700000E-03  -6.292534649900000E+01   8.680555361500000E+02   4.425807341800000E-03
   7.916796754799999E-05   1.380979994600000E-01   3.000000000000000E+00   3.000000000000000E+00   3.753436494700000E-03  -6.292527931300000E+01   8.680555361500000E+02   4.437278620000000E-03
   7.958053582300000E-05   1.384571217000000E-01   3.000000000000000E+00   3.000000000000000E+00   3.763204016600000E-03  -6.292521191800000E+01   8.680555361500000E+02   4.448820245400000E-03
   7.999417396200000E-05   1.388162400000000E-01   3.000000000000000E+00   3.000000000000000E+00   3.772971483700000E-03  -6.292514434900000E+01   8.680555361500000E+02   4.460361763500000E-03
   8.040888194100000E-05   1.391745427300000E-01   3.000000000000000E+00   3.000000000000000E+00   3.782725993000000E-03  -6.292507662100000E+01   8.680555361500000E+02   4.471880009400000E-03
   8.082465973800000E-05   1.395336509900000E-01   3.000000000000000E+00   3.000000000000000E+00   3.792493315600000E-03  -6.292500870300000E+01   8.680555361500000E+02   4.483421252300000E-03
   8.124150732200001E-05   1.398927552700000E-01   3.000000000000000E+00   3.000000000000000E+00   3.802260583000000E-03  -6.292494061000000E+01   8.680555361500000E+02   4.494962387100000E-03
   8.165942467700000E-05   1.402495954300000E-01   3.000000000000000E+00   3.000000000000000E+00   3.812060637500000E-03  -6.292487235500000E+01   8.680555361500000E+02   4.506438904400000E-03
   8.207841176700000E-05   1.406086859300000E-01   3.000000000000000E+00   3.000000000000000E+00   3.821827883600000E-03  -6.292480391300000E+01   8.680555361500000E+02   4.517979657000000E-03
   8.249846858300001E-05   1.409677724100000E-01   3.000000000000000E+00   3.000000000000000E+00   3.831595074000000E-03  -6.292473529700000E+01   8.680555361500000E+02   4.529520300700000E-03
   8.291959508300000E-05   1.413284234700000E-01   3.000000000000000E+00   3.000000000000000E+00   3.841340751100000E-03  -6.292466646900000E+01   8.680555361500000E+02   4.541105606600000E-03
   8.334179125800000E-05   1.416875058800000E-01   3.000000000000000E+00   3.000000000000000E+00   3.851107770500000E-03  -6.292459750300000E+01   8.680555361500000E+02   4.552646145400000E-03
   8.376505707600000E-05   1.420465842500000E-01   3.000000000000000E+00   3.000000000000000E+00   3.860874733900000E-03  -6.292452836300000E+01   8.680555361500000E+02   4.564186574400000E-03
   8.418939250600000E-05   1.424015014000000E-01   3.000000000000000E+00   3.000000000000000E+00   3.870661671000000E-03  -6.292445916200000E+01   8.680555361500000E+02   4.575608237400000E-03
   8.461479753900000E-05   1.427605611800000E-01   3.000000000000000E+00   3.000000000000000E+00   3.880428574900000E-03  -6.292438967300000E+01   8.680555361500000E+02   4.587148146800000E-03
   8.504127213600000E-05   1.431196168700000E-01   3.000000000000000E+00   3.000000000000000E+00   3.890195422200000E-03  -6.292432001000000E+01   8.680555361500000E+02   4.598687945600000E-03
   8.546881627600000E-05   1.434909050600000E-01   3.000000000000000E+00   3.000000000000000E+00   3.899907266300000E-03  -6.292425001800000E+01   8.680555361500000E+02   4.610576898800000E-03
   8.589742993700000E-05   1.438499831900000E-01   3.000000000000000E+00   3.000000000000000E+00   3.909673857600000E-03  -6.292418000500000E+01   8.680555361500000E+02   4.622117349900000E-03
   8.632711308800000E-05   1.442090572100000E-01   3.000000000000000E+00   3.000000000000000E+00   3.919440392000000E-03  -6.292410981800000E+01   8.680555361500000E+02   4.633657689700000E-03
   8.675786570999999E-05   1.445680706700000E-01   3.000000000000000E+00   3.000000000000000E+00   3.929245181400000E-03  -6.292403945800000E+01   8.680555361500000E+02   4.645196306800000E-03
   8.718968777100000E-05   1.449271363100000E-01   3.000000000000000E+00   3.000000000000000E+00   3.939011699400000E-03  -6.292396892200000E+01   8.680555361500000E+02   4.656736419000000E-03
   8.762257925800000E-05   1.452861978200000E-01   3.000000000000000E+00   3.000000000000000E+00   3.948778159900000E-03  -6.292389821200000E+01   8.680555361500000E+02   4.668276418900000E-03
   8.805654012900000E-05   1.456401097400000E-01   3.000000000000000E+00   3.000000000000000E+00   3.958553896900000E-03  -6.292382732900000E+01   8.680555361500000E+02   4.679669440000000E-03
   8.849157037000000E-05   1.459991502700000E-01   3.000000000000000E+00   3.000000000000000E+00   3.968320266300000E-03  -6.292375627000000E+01   8.680555361500000E+02   4.691208852500000E-03
   8.892766995400000E-05   1.463581866300000E-01   3.000000000000000E+00   3.000000000000000E+00   3.978086578000000E-03  -6.292368503600000E+01   8.680555361500000E+02   4.702748151900000E-03
   8.936483884999999E-05   1.467117938700000E-01   3.000000000000000E+00   3.000000000000000E+00   3.987863377900000E-03  -6.292361376700000E+01   8.680555361500000E+02   4.714132492300000E-03
   8.980307703600000E-05   1.470708085900000E-01   3.000000000000000E+00   3.000000000000000E+00   3.997629602600000E-03  -6.292354218500000E+01   8.680555361500000E+02   4.725671185800000E-03
   9.024238449000000E-05   1.474298191300000E-01   3.000000000000000E+00   3.000000000000000E+00   4.007395769200000E-03  -6.292347042900000E+01   8.680555361500000E+02   4.737209765400000E-03
   9.068276118000000E-05   1.477928104700000E-01   3.000000000000000E+00   3.000000000000000E+00   4.017161512500000E-03  -6.292339839100000E+01   8.680555361500000E+02   4.748861976900000E-03
   9.112420708400000E-05   1.481518222600000E-01   3.000000000000000E+00   3.000000000000000E+00   4.026927561700000E-03  -6.292332628500000E+01   8.680555361500000E+02   4.760400604400000E-03
   9.156672217100000E-05   1.485108298200000E-01   3.000000000000000E+00   3.000000000000000E+00   4.036693552200000E-03  -6.292325400500000E+01   8.680555361500000E+02   4.771939117100000E-03
   9.201030641700000E-05   1.488598013200000E-01   3.000000000000000E+00   3.000000000000000E+00   4.046457791200000E-03  -6.292318170300000E+01   8.680555361500000E+02   4.783191170100000E-03
   9.245495980400000E-05   1.492187762200000E-01   3.000000000000000E+00   3.000000000000000E+00   4.056223660700000E-03  -6.292310907500000E+01   8.680555361500000E+02   4.794728761800000E-03
   9.290068229599999E-05   1.495777468600000E-01   3.000000000000000E+00   3.000000000000000E+00   4.065989471300000E-03  -6.292303627200000E+01   8.680555361500000E+02   4.806266238100000E-03
   9.334747387500000E-05   1.499440452300000E-01   3.000000000000000E+00   3.000000000000000E+00   4.075757365700000E-03  -6.292296317700000E+01   8.680555361500000E+02   4.818012882000000E-03
   9.379533450700000E-05   1.503030248800000E-01   3.000000000000000E+00   3.000000000000000E+00   4.085523061300000E-03  -6.292289002500000E+01   8.680555361500000E+02   4.829550627700000E-03
   9.424426416600000E-05   1.506620002300000E-01   3.000000000000000E+00   3.000000000000000E+00   4.095288697500000E-03  -6.292281669900000E+01   8.680555361500000E+02   4.841088257000000E-03
   9.469426283400001E-05   1.510160573000000E-01   3.000000000000000E+00   3.000000000000000E+00   4.105049679100000E-03  -6.292274337900000E+01   8.680555361500000E+02   4.852485504600000E-03
   9.514533047900000E-05   1.513750123800000E-01   3.000000000000000E+00   3.000000000000000E+00   4.114815187300000E-03  -6.292266970500000E+01   8.680555361500000E+02   4.864022567000000E-03
   9.559746707800000E-05   1.517339631400000E-01   3.000000000000000E+00   3.000000000000000E+00   4.124580635700000E-03  -6.292259585700000E+01   8.680555361500000E+02   4.875559512200000E-03
   9.605067259600000E-05   1.520984139600000E-01   3.000000000000000E+00   3.000000000000000E+00   4.134350721600000E-03  -6.292252162300000E+01   8.680555361500000E+02   4.887253458200000E-03
   9.650494701100000E-05   1.524573690400000E-01   3.000000000000000E+00   3.000000000000000E+00   4.144116059200000E-03  -6.292244742500000E+01   8.680555361500000E+02   4.898790539200000E-03
   9.696029030300000E-05   1.528163197800000E-01   3.000000000000000E+00   3.000000000000000E+00   4.153881336500000E-03  -6.292237305300000E+01   8.680555361500000E+02   4.910327502200000E-03
   9.741670243299999E-05   1.531838794800000E-01   3.000000000000000E+00   3.000000000000000E+00   4.163582776500000E-03  -6.292229845600000E+01   8.680555361500000E+02   4.922110208800000E-03
   9.787418338499999E-05   1.535428416600000E-01   3.000000000000000E+00   3.000000000000000E+00   4.173347775800000E-03  -6.292222373400000E+01   8.680555361500000E+02   4.933647511400000E-03
   9.833273313000001E-05   1.539017994700000E-01   3.000000000000000E+00   3.000000000000000E+00   4.183112714300000E-03  -6.292214883900000E+01   8.680555361500000E+02   4.945184695300000E-03
   9.879235163500001E-05   1.542596340200000E-01   3.000000000000000E+00   3.000000000000000E+00   4.192843895500000E-03  -6.292207376800000E+01   8.680555361500000E+02   4.956689822400000E-03
   9.925303888000000E-05   1.546185804300000E-01   3.000000000000000E+00   3.000000000000000E+00   4.202608631900000E-03  -6.292199852400000E+01   8.680555361500000E+02   4.968226693500000E-03
   9.971479483200000E-05   1.549775224400000E-01   3.000000000000000E+00   3.000000000000000E+00   4.212373307200000E-03  -6.292192310500000E+01   8.680555361500000E+02   4.979763444900000E-03
   1.001776194700000E-04   1.553256674900000E-01   3.000000000000000E+00   3.000000000000000E+00   4.222203036100000E-03  -6.292184757600000E+01   8.680555361500000E+02   4.990992006300000E-03
   1.006415127700000E-04   1.556845757300000E-01   3.000000000000000E+00   3.000000000000000E+00   4.231967743100000E-03  -6.292177180900000E+01   8.680555361500000E+02   5.002527805500000E-03
   1.011064746900000E-04   1.560434795300000E-01   3.000000000000000E+00   3.000000000000000E+00   4.241732388500000E-03  -6.292169586800000E+01   8.680555361500000E+02   5.014063484300000E-03
   1.015725052100000E-04   1.564053667300000E-01   3.000000000000000E+00   3.000000000000000E+00   4.251505212200000E-03  -6.292161973800000E+01   8.680555361500000E+02   5.025684330600000E-03
   1.020396043100000E-04   1.567642684800000E-01   3.000000000000000E+00   3.000000000000000E+00   4.261269753800000E-03  -6.292154344900000E+01   8.680555361500000E+02   5.037219963500000E-03
   1.025077719600000E-04   1.571231657600000E-01   3.000000000000000E+00   3.000000000000000E+00   4.271034233400000E-03  -6.292146698500000E+01   8.680555361500000E+02   5.048755475200000E-03
   1.029770081300000E-04   1.574861523600000E-01   3.000000000000000E+00   3.000000000000000E+00   4.280793967200000E-03  -6.292139037900000E+01   8.680555361500000E+02   5.060407723400000E-03
   1.034473127800000E-04   1.578450499900000E-01   3.000000000000000E+00   3.000000000000000E+00   4.290558311300000E-03  -6.292131356700000E+01   8.680555361500000E+02   5.071943258200000E-03
   1.039186859000000E-04   1.582039431300000E-01   3.000000000000000E+00   3.000000000000000E+00   4.300322593000000E-03  -6.292123658000000E+01   8.680555361500000E+02   5.083478670800000E-03
   1.043911274700000E-04   1.585501911300000E-01   3.000000000000000E+00   3.000000000000000E+00   4.310093233300000E-03  -6.292115955000000E+01   8.680555361500000E+02   5.094653130200000E-03
   1.048646374400000E-04   1.589090466400000E-01   3.000000000000000E+00   3.000000000000000E+00   4.319857414500000E-03  -6.292108221600000E+01   8.680555361500000E+02   5.106187480900000E-03
   1.053392157900000E-04   1.592678976300000E-01   3.000000000000000E+00   3.000000000000000E+00   4.329621532900000E-03  -6.292100470700000E+01   8.680555361500000E+02   5.117721708700000E-03
   1.058148624900000E-04   1.596250415500000E-01   3.000000000000000E+00   3.000000000000000E+00   4.339409937400000E-03  -6.292092706100000E+01   8.680555361500000E+02   5.129207213600000E-03
   1.062915775200000E-04   1.599838796200000E-01   3.000000000000000E+00   3.000000000000000E+00   4.349173979700000E-03  -6.292084920400000E+01   8.680555361500000E+02   5.140741085500000E-03
   1.067693608600000E-04   1.603427131300000E-01   3.000000000000000E+00   3.000000000000000E+00   4.358937958800000E-03  -6.292077117300000E+01   8.680555361500000E+02   5.152274833700000E-03
   1.072482124600000E-04   1.607144603100000E-01   3.000000000000000E+00   3.000000000000000E+00   4.368700158200000E-03  -6.292069280800000E+01   8.680555361500000E+02   5.164177218200000E-03
   1.077281323100000E-04   1.610733135100000E-01   3.000000000000000E+00   3.000000000000000E+00   4.378464005600000E-03  -6.292061442800000E+01   8.680555361500000E+02   5.175711541900000E-03
   1.082091203600000E-04   1.614321621100000E-01   3.000000000000000E+00   3.000000000000000E+00   4.388227789400000E-03  -6.292053587400000E+01   8.680555361500000E+02   5.187245741100000E-03
   1.086911766000000E-04   1.617779810400000E-01   3.000000000000000E+00   3.000000000000000E+00   4.397979595500000E-03  -6.292045724700000E+01   8.680555361500000E+02   5.198408002500000E-03
   1.091743010100000E-04   1.621367915700000E-01   3.000000000000000E+00   3.000000000000000E+00   4.407743222800000E-03  -6.292037834500000E+01   8.680555361500000E+02   5.209941126800000E-03
   1.096584935300000E-04   1.624955974800000E-01   3.000000000000000E+00   3.000000000000000E+00   4.417506786100000E-03  -6.292029926900000E+01   8.680555361500000E+02   5.221474125700000E-03
   1.101437541700000E-04   1.628534194800000E-01   3.000000000000000E+00   3.000000000000000E+00   4.427252034700000E-03  -6.292021995700000E+01   8.680555361500000E+02   5.232979044400000E-03
   1.106300828700000E-04   1.632122139600000E-01   3.000000000000000E+00   3.000000000000000E+00   4.437015438700000E-03  -6.292014053200000E+01   8.680555361500000E+02   5.244511730200000E-03
   1.111174796200000E-04   1.635710037900000E-01   3.000000000000000E+00   3.000000000000000E+00   4.446778778200000E-03  -6.292006093300000E+01   8.680555361500000E+02   5.256044289900000E-03
   1.116059443900000E-04   1.639463254300000E-01   3.000000000000000E+00   3.000000000000000E+00   4.456573084000000E-03  -6.291998106900000E+01   8.680555361500000E+02   5.268048778400000E-03
   1.120954771400000E-04   1.643051421100000E-01   3.000000000000000E+00   3.000000000000000E+00   4.466336355400000E-03  -6.291990112100000E+01   8.680555361500000E+02   5.279582118600000E-03
   1.125860778500000E-04   1.646639541000000E-01   3.000000000000000E+00   3.000000000000000E+00   4.476099562000000E-03  -6.291982100000000E+01   8.680555361500000E+02   5.291115331700000E-03
   1.130777465000000E-04   1.650156097000000E-01   3.000000000000000E+00   3.000000000000000E+00   4.485831301200000E-03  -6.291974100400000E+01   8.680555361500000E+02   5.302444261300000E-03
   1.135704830400000E-04   1.653743967600000E-01   3.000000000000000E+00   3.000000000000000E+00   4.495594316300000E-03  -6.291966053500000E+01   8.680555361500000E+02   5.313976775600000E-03
   1.140642874600000E-04   1.657331791200000E-01   3.000000000000000E+00   3.000000000000000E+00   4.505357266100000E-03  -6.291957989300000E+01   8.680555361500000E+02   5.325509162100000E-03
   1.145591597100000E-04   1.660908916300000E-01   3.000000000000000E+00   3.000000000000000E+00   4.515152018000000E-03  -6.291949892100000E+01   8.680555361500000E+02   5.337011014800000E-03
   1.150550997900000E-04   1.664496622400000E-01   3.000000000000000E+00   3.000000000000000E+00   4.524914900900000E-03  -6.291941793000000E+01   8.680555361500000E+02   5.348543079200000E-03
   1.155521076500000E-04   1.668084281100000E-01   3.000000000000000E+00   3.000000000000000E+00   4.534677718200000E-03  -6.291933676400000E+01   8.680555361500000E+02   5.360075014900000E-03
   1.160501832700000E-04   1.671720133700000E-01   3.000000000000000E+00   3.000000000000000E+00   4.544345627800000E-03  -6.291925536900000E+01   8.680555361500000E+02   5.371744536300000E-03
   1.165493266100000E-04   1.675307800800000E-01   3.000000000000000E+00   3.000000000000000E+00   4.554108118700000E-03  -6.291917385500000E+01   8.680555361500000E+02   5.383276509700000E-03
   1.170495376500000E-04   1.678895420100000E-01   3.000000000000000E+00   3.000000000000000E+00   4.563870543600000E-03  -6.291909216700000E+01   8.680555361500000E+02   5.394808353600000E-03
   1.175508163700000E-04   1.682556236800000E-01   3.000000000000000E+00   3.000000000000000E+00   4.573616735100000E-03  -6.291901015600000E+01   8.680555361500000E+02   5.406549161600000E-03
   1.180531627200000E-04   1.686143916500000E-01   3.000000000000000E+00   3.000000000000000E+00   4.583378971400000E-03  -6.291892812000000E+01   8.680555361500000E+02   5.418081191900000E-03
   1.185565766900000E-04   1.689731548200000E-01   3.000000000000000E+00   3.000000000000000E+00   4.593141141200000E-03  -6.291884590900000E+01   8.680555361500000E+02   5.429613091900000E-03
   1.190610582300000E-04   1.693291242100000E-01   3.000000000000000E+00   3.000000000000000E+00   4.602993576400000E-03  -6.291876358800000E+01   8.680555361500000E+02   5.441065244000000E-03
   1.195666073300000E-04   1.696878718400000E-01   3.000000000000000E+00   3.000000000000000E+00   4.612755820500000E-03  -6.291868102900000E+01   8.680555361500000E+02   5.452596713900000E-03
   1.200732239500000E-04   1.700466146400000E-01   3.000000000000000E+00   3.000000000000000E+00   4.622517997800000E-03  -6.291859829600000E+01   8.680555361500000E+02   5.464128052800000E-03
   1.205809080600000E-04   1.704000418800000E-01   3.000000000000000E+00   3.000000000000000E+00   4.632290622100000E-03  -6.291851537200000E+01   8.680555361500000E+02   5.475507652200000E-03
   1.210896596400000E-04   1.707587638200000E-01   3.000000000000000E+00   3.000000000000000E+00   4.642052686000000E-03  -6.291843229100000E+01   8.680555361500000E+02   5.487038408800000E-03
   1.215994786400000E-04   1.711174809000000E-01   3.000000000000000E+00   3.000000000000000E+00   4.651814682600000E-03  -6.291834903700000E+01   8.680555361500000E+02   5.498569033500000E-03
   1.221103650600000E-04   1.714819173700000E-01   3.000000000000000E+00   3.000000000000000E+00   4.661584659100000E-03  -6.291826565700000E+01   8.680555361500000E+02   5.510262941000000E-03
   1.226223188400000E-04   1.718406366700000E-01   3.000000000000000E+00   3.000000000000000E+00   4.671346531200000E-03  -6.291818205400000E+01   8.680555361500000E+02   5.521793643200000E-03
   1.231353399800000E-04   1.721993510700000E-01   3.000000000000000E+00   3.000000000000000E+00   4.681108335600000E-03  -6.291809827800000E+01   8.680555361500000E+02   5.533324212600000E-03
   1.236494284200000E-04   1.725478226300000E-01   3.000000000000000E+00   3.000000000000000E+00   4.690822176000000E-03  -6.291801432800000E+01   8.680555361500000E+02   5.544562376800000E-03
   1.241645841400000E-04   1.729065059500000E-01   3.000000000000000E+00   3.000000000000000E+00   4.700583739200000E-03  -6.291793020300000E+01   8.680555361500000E+02   5.556092072200000E-03
   1.246808071300000E-04   1.732651843600000E-01   3.000000000000000E+00   3.000000000000000E+00   4.710345234100000E-03  -6.291784590500000E+01   8.680555361500000E+02   5.567621634000000E-03
   1.251980973400000E-04   1.736371356600000E-01   3.000000000000000E+00   3.000000000000000E+00   4.719852316300000E-03  -6.291776133500000E+01   8.680555361500000E+02   5.579530119600000E-03
   1.257164547300000E-04   1.739958316000000E-01   3.000000000000000E+00   3.000000000000000E+00   4.729613136900000E-03  -6.291767668900000E+01   8.680555361500000E+02   5.591060197000000E-03
   1.262358793000000E-04   1.743545225900000E-01   3.000000000000000E+00   3.000000000000000E+00   4.739373888800000E-03  -6.291759186800000E+01   8.680555361500000E+02   5.602590140100000E-03
   1.267563709900000E-04   1.747014642000000E-01   3.000000000000000E+00   3.000000000000000E+00   4.749416203500000E-03  -6.291750693100000E+01   8.680555361500000E+02   5.613784664600000E-03
   1.272779297900000E-04   1.750601211600000E-01   3.000000000000000E+00   3.000000000000000E+00   4.759177410300000E-03  -6.291742176300000E+01   8.680555361500000E+02   5.625313649600000E-03
   1.278005556600000E-04   1.754187731400000E-01   3.000000000000000E+00   3.000000000000000E+00   4.768938548000000E-03  -6.291733642100000E+01   8.680555361500000E+02   5.636842499400000E-03
   1.283242485700000E-04   1.757818954100000E-01   3.000000000000000E+00   3.000000000000000E+00   4.778717060100000E-03  -6.291725092200000E+01   8.680555361500000E+02   5.648498976400000E-03
   1.288490085000000E-04   1.761405465200000E-01   3.000000000000000E+00   3.000000000000000E+00   4.788478097300000E-03  -6.291716523200000E+01   8.680555361500000E+02   5.660027815900000E-03
   1.293748354000000E-04   1.764991926300000E-01   3.000000000000000E+00   3.000000000000000E+00   4.798239065100000E-03  -6.291707936900000E+01   8.680555361500000E+02   5.671556519500000E-03
   1.299017292600000E-04   1.768626685100000E-01   3.000000000000000E+00   3.000000000000000E+00   4.808006706300000E-03  -6.291699337900000E+01   8.680555361500000E+02   5.683223114500000E-03
   1.304296900400000E-04   1.772213143600000E-01   3.000000000000000E+00   3.000000000000000E+00   4.817767554300000E-03  -6.291690716800000E+01   8.680555361500000E+02   5.694751825400000E-03
   1.309587177000000E-04   1.775799551700000E-01   3.000000000000000E+00   3.000000000000000E+00   4.827528332400000E-03  -6.291682078300000E+01   8.680555361500000E+02   5.706280399500000E-03
   1.314888122100000E-04   1.779384095000000E-01   3.000000000000000E+00   3.000000000000000E+00   4.837273431200000E-03  -6.291673410800000E+01   8.680555361500000E+02   5.717803656800000E-03
   1.320199735600000E-04   1.782970398300000E-01   3.000000000000000E+00   3.000000000000000E+00   4.847034040600000E-03  -6.291664737500000E+01   8.680555361500000E+02   5.729331946100000E-03
   1.325522017000000E-04   1.786556650900000E-01   3.000000000000000E+00   3.000000000000000E+00   4.856794579800000E-03  -6.291656046800000E+01   8.680555361500000E+02   5.740860097800000E-03
   1.330854966100000E-04   1.789984769600000E-01   3.000000000000000E+00   3.000000000000000E+00   4.866555473400000E-03  -6.291647368300000E+01   8.680555361500000E+02   5.751936796100000E-03
   1.336198582600000E-04   1.793570604000000E-01   3.000000000000000E+00   3.000000000000000E+00   4.876315862500000E-03  -6.291638643000000E+01   8.680555361500000E+02   5.763463767200000E-03

