   1.139445055700000E+00   0.000000000000000E+00   1.443375705200000E+01   1.443375705200000E+01   0.000000000000000E+00   1.000000047500000E-03   1.443375705200000E+01   0.000000000000000E+00
   1.147387991900000E+00   0.000000000000000E+00   1.443375705200000E+01   1.443375705200000E+01   0.000000000000000E+00   1.000000047500000E-03   1.443375705200000E+01   0.000000000000000E+00
   1.155371503400000E+00   0.000000000000000E+00   1.443375705200000E+01   1.443375705200000E+01   0.000000000000000E+00   1.000000047500000E-03   1.443375705200000E+01   0.000000000000000E+00
   1.163394871600000E+00   0.000000000000000E+00   1.443375705200000E+01   1.443375705200000E+01   0.000000000000000E+00   1.000000047500000E-03   1.443375705200000E+01   0.000000000000000E+00
   1.171457507800000E+00   0.000000000000000E+00   1.443375705200000E+01   1.443375705200000E+01   0.000000000000000E+00   1.000000047500000E-03   1.443375705200000E+01   0.000000000000000E+00
   1.179558819700000E+00   0.000000000000000E+00   1.443375705200000E+01   1.443375705200000E+01   0.000000000000000E+00   1.000000047500000E-03   1.443375705200000E+01   0.000000000000000E+00
   1.187698212200000E+00   0.000000000000000E+00   1.443375705200000E+01   1.443375705200000E+01   0.000000000000000E+00   1.000000047500000E-03   1.443375705200000E+01   0.000000000000000E+00
   1.195875087500000E+00   0.000000000000000E+00   1.443375705200000E+01   1.443375705200000E+01   0.000000000000000E+00   1.000000047500000E-03   1.443375705200000E+01   0.000000000000000E+00
   1.204088846500000E+00   0.000000000000000E+00   1.443375705200000E+01   1.443375705200000E+01   0.000000000000000E+00   1.000000047500000E-03   1.443375705200000E+01   0.000000000000000E+00
   1.212338888900000E+00   0.000000000000000E+00   1.443375705200000E+01   1.443375705200000E+01   0.000000000000000E+00   1.000000047500000E-03   1.443375705200000E+01   0.000000000000000E+00
   1.214891871400000E+00   0.000000000000000E+00   1.443375705200000E+01   1.443375705200000E+01   0.000000000000000E+00   1.000000047500000E-03   1.443375705200000E+01   0.000000000000000E+00
   1.223188360700000E+00   0.000000000000000E+00   1.443375705200000E+01   1.443375705200000E+01   0.000000000000000E+00   1.000000047500000E-03   1.443375705200000E+01   0.000000000000000E+00
   1.231519871300000E+00   0.000000000000000E+00   1.443375705200000E+01   1.443375705200000E+01   0.000000000000000E+00   1.000000047500000E-03   1.443375705200000E+01   0.000000000000000E+00
   1.239885679100000E+00   0.000000000000000E+00   1.443375705200000E+01   1.443375705200000E+01   0.000000000000000E+00   1.000000047500000E-03   1.443375705200000E+01   0.000000000000000E+00
   1.248285185900000E+00   0.000000000000000E+00   1.443375705200000E+01   1.443375705200000E+01   0.000000000000000E+00   1.000000047500000E-03   1.443375705200000E+01   0.000000000000000E+00
   1.256717795400000E+00   0.000000000000000E+00   1.443375705200000E+01   1.443375705200000E+01   0.000000000000000E+00   1.000000047500000E-03   1.443375705200000E+01   0.000000000000000E+00
   1.265182913700000E+00   0.000000000000000E+00   1.443375705200000E+01   1.443375705200000E+01   0.000000000000000E+00   1.000000047500000E-03   1.443375705200000E+01   0.000000000000000E+00
   1.273679949900000E+00   0.000000000000000E+00   1.443375705200000E+01   1.443375705200000E+01   0.000000000000000E+00   1.000000047500000E-03   1.443375705200000E+01   0.000000000000000E+00
   1.282208316400000E+00   0.000000000000000E+00   1.443375705200000E+01   1.443375705200000E+01   0.000000000000000E+00   1.000000047500000E-03   1.443375705200000E+01   0.000000000000000E+00
   1.290767429300000E+00   0.000000000000000E+00   1.443375705200000E+01   1.443375705200000E+01   0.000000000000000E+00   1.000000047500000E-03   1.443375705200000E+01   0.000000000000000E+00
   1.299356709000000E+00   0.000000000000000E+00   1.443375705200000E+01   1.443375705200000E+01   0.000000000000000E+00   1.000000047500000E-03   1.443375705200000E+01   0.000000000000000E+00
   1.307975580400000E+00   0.000000000000000E+00   1.443375705200000E+01   1.443375705200000E+01   0.000000000000000E+00   1.000000047500000E-03   1.443375705200000E+01   0.000000000000000E+00
   1.316623473400000E+00   0.000000000000000E+00   1.443375705200000E+01   1.443375705200000E+01   0.000000000000000E+00   1.000000047500000E-03   1.443375705200000E+01   0.000000000000000E+00
   1.325299823000000E+00   0.000000000000000E+00   1.443375705200000E+01   1.443375705200000E+01   0.000000000000000E+00   1.000000047500000E-03   1.443375705200000E+01   0.000000000000000E+00
   1.334004069900000E+00   0.000000000000000E+00   1.443375705200000E+01   1.443375705200000E+01   0.000000000000000E+00   1.000000047500000E-03   1.443375705200000E+01   0.000000000000000E+00
   1.342735660700000E+00   0.000000000000000E+00   1.443375705200000E+01   1.443375705200000E+01   0.000000000000000E+00   1.000000047500000E-03   1.443375705200000E+01   0.000000000000000E+00
   1.351494047900000E+00   0.000000000000000E+00   1.443375705200000E+01   1.443375705200000E+01   0.000000000000000E+00   1.000000047500000E-03   1.443375705200000E+01   0.000000000000000E+00
   1.360278690600000E+00   0.000000000000000E+00   1.443375705200000E+01   1.443375705200000E+01   0.000000000000000E+00   1.000000047500000E-03   1.443375705200000E+01   0.000000000000000E+00
   1.369089054600000E+00   0.000000000000000E+00   1.443375705200000E+01   1.443375705200000E+01   0.000000000000000E+00   1.000000047500000E-03   1.443375705200000E+01   0.000000000000000E+00
   1.377924612200000E+00   0.000000000000000E+00   1.443375705200000E+01   1.443375705200000E+01   0.000000000000000E+00   1.000000047500000E-03   1.443375705200000E+01   0.000000000000000E+00
   1.386784843000000E+00   0.000000000000000E+00   1.443375705200000E+01   1.443375705200000E+01   0.000000000000000E+00   1.000000047500000E-03   1.443375705200000E+01   0.000000000000000E+00
   1.395669233500000E+00   0.000000000000000E+00   1.443375705200000E+01   1.443375705200000E+01   0.000000000000000E+00   1.000000047500000E-03   1.443375705200000E+01   0.000000000000000E+00
   1.404577277900000E+00   0.000000000000000E+00   1.443375705200000E+01   1.443375705200000E+01   0.000000000000000E+00   1.000000047500000E-03   1.443375705200000E+01   0.000000000000000E+00
   1.413508477500000E+00   0.000000000000000E+00   1.443375705200000E+01   1.443375705200000E+01   0.000000000000000E+00   1.000000047500000E-03   1.443375705200000E+01   0.000000000000000E+00
   1.422462341300000E+00   0.000000000000000E+00   1.443375705200000E+01   1.443375705200000E+01   0.000000000000000E+00   1.000000047500000E-03   1.443375705200000E+01   0.000000000000000E+00
   1.431438386100000E+00   0.000000000000000E+00   1.443375705200000E+01   1.443375705200000E+01   0.000000000000000E+00   1.000000047500000E-03   1.443375705200000E+01   0.000000000000000E+00
   1.438315076000000E+00   0.000000000000000E+00   1.443375705200000E+01   1.443375705200000E+01   0.000000000000000E+00   1.000000047500000E-03   1.443375705200000E+01   0.000000000000000E+00
   1.447329021900000E+00   0.000000000000000E+00   1.443375705200000E+01   1.443375705200000E+01   0.000000000000000E+00   1.000000047500000E-03   1.443375705200000E+01   0.000000000000000E+00
   1.456363934600000E+00   0.000000000000000E+00   1.443375705200000E+01   1.443375705200000E+01   0.000000000000000E+00   1.000000047500000E-03   1.443375705200000E+01   0.000000000000000E+00
   1.465419278700000E+00   0.000000000000000E+00   1.443375705200000E+01   1.443375705200000E+01   0.000000000000000E+00   1.000000047500000E-03   1.443375705200000E+01   0.000000000000000E+00
   1.474494608400000E+00   0.000000000000000E+00   1.443375705200000E+01   1.443375705200000E+01   0.000000000000000E+00   1.000000047500000E-03   1.443375705200000E+01   0.000000000000000E+00
   1.483589485700000E+00   0.000000000000000E+00   1.443375705200000E+01   1.443375705200000E+01   0.000000000000000E+00   1.000000047500000E-03   1.443375705200000E+01   0.000000000000000E+00
   1.492703480600000E+00   0.000000000000000E+00   1.443375705200000E+01   1.443375705200000E+01   0.000000000000000E+00   1.000000047500000E-03   1.443375705200000E+01   0.000000000000000E+00
   1.501836171100000E+00   0.000000000000000E+00   1.443375705200000E+01   1.443375705200000E+01   0.000000000000000E+00   1.000000047500000E-03   1.443375705200000E+01   0.000000000000000E+00
   1.510987143000000E+00   0.000000000000000E+00   1.443375705200000E+01   1.443375705200000E+01   0.000000000000000E+00   1.000000047500000E-03   1.443375705200000E+01   0.000000000000000E+00
   1.520155990000000E+00   0.000000000000000E+00   1.443375705200000E+01   1.443375705200000E+01   0.000000000000000E+00   1.000000047500000E-03   1.443375705200000E+01   0.000000000000000E+00
   1.529342313900000E+00   0.000000000000000E+00   1.443375705200000E+01   1.443375705200000E+01   0.000000000000000E+00   1.000000047500000E-03   1.443375705200000E+01   0.000000000000000E+00
   1.538545724000000E+00   0.000000000000000E+00   1.443375705200000E+01   1.443375705200000E+01   0.000000000000000E+00   1.000000047500000E-03   1.443375705200000E+01   0.000000000000000E+00
   1.547765837700000E+00   0.000000000000000E+00   1.443375705200000E+01   1.443375705200000E+01   0.000000000000000E+00   1.000000047500000E-03   1.443375705200000E+01   0.000000000000000E+00
   1.557002279900000E+00   0.000000000000000E+00   1.443375705200000E+01   1.443375705200000E+01   0.000000000000000E+00   1.000000047500000E-03   1.443375705200000E+01   0.000000000000000E+00

