   1.145089673900000E+00   0.000000000000000E+00   2.886751410500000E+01   2.886751410500000E+01   0.000000000000000E+00   2.499999944100000E-03   2.886751410500000E+01   0.000000000000000E+00
   1.145092283400000E+00   1.003472630500000E-03   2.886751410500000E+01   2.886751410500000E+01   1.503321593600000E-02   2.499999944100000E-03   2.886751410500000E+01   1.503321593600000E-02
   1.145100112400000E+00   2.006924748600000E-03   2.886751410500000E+01   2.886751410500000E+01   3.006643028900000E-02   2.499999944100000E-03   2.886751410500000E+01   3.006643028900000E-02
   1.145113160700000E+00   3.010309903000000E-03   2.886751410500000E+01   2.886751410500000E+01   4.509973135700000E-02   2.499999944100000E-03   2.886751410500000E+01   4.509974155500000E-02
   1.145131428300000E+00   4.013646410500000E-03   2.886751410500000E+01   2.886751410500000E+01   6.013290265700000E-02   2.499999944100000E-03   2.886751410500000E+01   6.013291654000000E-02
   1.145154915100000E+00   5.016896818800000E-03   2.886751410500000E+01   2.886751410500000E+01   7.516600754699999E-02   2.499999944100000E-03   2.886751410500000E+01   7.516602535899999E-02
   1.145183621000000E+00   6.020089172600000E-03   2.886751410500000E+01   2.886751410500000E+01   9.019881514300000E-02   2.499999944100000E-03   2.886751410500000E+01   9.019910717800000E-02
   1.145217546100000E+00   7.023111388500000E-03   2.886751410500000E+01   2.886751410500000E+01   1.052317027200000E-01   2.499999944100000E-03   2.886751410500000E+01   1.052320424100000E-01
   1.145256690200000E+00   8.025983117400000E-03   2.886751410500000E+01   2.886751410500000E+01   1.202644745000000E-01   2.499999944100000E-03   2.886751410500000E+01   1.202648613900000E-01
   1.145301053200000E+00   9.028637557800000E-03   2.886751410500000E+01   2.886751410500000E+01   1.352968553200000E-01   2.499999944100000E-03   2.886751410500000E+01   1.352968553200000E-01
   1.145350635000000E+00   1.003113835500000E-02   2.886751410500000E+01   2.886751410500000E+01   1.503293172300000E-01   2.499999944100000E-03   2.886751410500000E+01   1.503293172300000E-01
   1.145405435500000E+00   1.103342413100000E-02   2.886751410500000E+01   2.886751410500000E+01   1.653616136300000E-01   2.499999944100000E-03   2.886751410500000E+01   1.653616136300000E-01
   1.145465454600000E+00   1.203531791000000E-02   2.886751410500000E+01   2.886751410500000E+01   1.803941147600000E-01   2.499999944100000E-03   2.886751410500000E+01   1.803951301900000E-01
   1.145530692000000E+00   1.303709780000000E-02   2.886751410500000E+01   2.886751410500000E+01   1.954260579800000E-01   2.499999944100000E-03   2.886751410500000E+01   1.954271597400000E-01
   1.145601147700000E+00   1.403859873000000E-02   2.886751410500000E+01   2.886751410500000E+01   2.104577847000000E-01   2.499999944100000E-03   2.886751410500000E+01   2.104589731900000E-01
   1.145676821400000E+00   1.504012215800000E-02   2.886751410500000E+01   2.886751410500000E+01   2.254886818300000E-01   2.499999944100000E-03   2.886751410500000E+01   2.254894979300000E-01
   1.145757713000000E+00   1.604102131200000E-02   2.886751410500000E+01   2.886751410500000E+01   2.405198848100000E-01   2.499999944100000E-03   2.886751410500000E+01   2.405207621500000E-01
   1.145843822300000E+00   1.704157722300000E-02   2.886751410500000E+01   2.886751410500000E+01   2.555508207900000E-01   2.499999944100000E-03   2.886751410500000E+01   2.555517606900000E-01
   1.145935149000000E+00   1.804171322900000E-02   2.886751410500000E+01   2.886751410500000E+01   2.705828190800000E-01   2.499999944100000E-03   2.886751410500000E+01   2.705836215600000E-01
   1.146031693000000E+00   1.904151632600000E-02   2.886751410500000E+01   2.886751410500000E+01   2.856132472900000E-01   2.499999944100000E-03   2.886751410500000E+01   2.856140964200000E-01
   1.146133453900000E+00   2.004091242300000E-02   2.886751410500000E+01   2.886751410500000E+01   3.006433582000000E-01   2.499999944100000E-03   2.886751410500000E+01   3.006442543300000E-01
   1.146240431500000E+00   2.103950464500000E-02   2.886751410500000E+01   2.886751410500000E+01   3.156700657900000E-01   2.499999944100000E-03   2.886751410500000E+01   3.156700657900000E-01
   1.146352625500000E+00   2.203800183600000E-02   2.886751410500000E+01   2.886751410500000E+01   3.306993590100000E-01   2.499999944100000E-03   2.886751410500000E+01   3.306993590100000E-01
   1.146470035700000E+00   2.303602796500000E-02   2.886751410500000E+01   2.886751410500000E+01   3.457282859900000E-01   2.499999944100000E-03   2.886751410500000E+01   3.457282859900000E-01
   1.146592661800000E+00   2.403364519800000E-02   2.886751410500000E+01   2.886751410500000E+01   3.607595358600000E-01   2.499999944100000E-03   2.886751410500000E+01   3.607595358600000E-01
   1.146720503400000E+00   2.503067542800000E-02   2.886751410500000E+01   2.886751410500000E+01   3.757877727100000E-01   2.499999944100000E-03   2.886751410500000E+01   3.757877727100000E-01
   1.146853560200000E+00   2.602717198800000E-02   2.886751410500000E+01   2.886751410500000E+01   3.908155899800000E-01   2.499999944100000E-03   2.886751410500000E+01   3.908155899800000E-01
   1.146991831900000E+00   2.702312087700000E-02   2.886751410500000E+01   2.886751410500000E+01   4.058451682000000E-01   2.499999944100000E-03   2.886751410500000E+01   4.058451682000000E-01
   1.147135318000000E+00   2.801848000200000E-02   2.886751410500000E+01   2.886751410500000E+01   4.208721834900000E-01   2.499999944100000E-03   2.886751410500000E+01   4.208721834900000E-01
   1.147284018300000E+00   2.901324171700000E-02   2.886751410500000E+01   2.886751410500000E+01   4.358987283900000E-01   2.499999944100000E-03   2.886751410500000E+01   4.358987283900000E-01
   1.147437932400000E+00   3.000788742300000E-02   2.886751410500000E+01   2.886751410500000E+01   4.509170571300000E-01   2.499999944100000E-03   2.886751410500000E+01   4.509184551500000E-01
   1.147597059800000E+00   3.100141182000000E-02   2.886751410500000E+01   2.886751410500000E+01   4.659423335700000E-01   2.499999944100000E-03   2.886751410500000E+01   4.659438184900000E-01
   1.147761400100000E+00   3.199427649400000E-02   2.886751410500000E+01   2.886751410500000E+01   4.809670858800000E-01   2.499999944100000E-03   2.886751410500000E+01   4.809686616600000E-01
   1.147930952900000E+00   3.298595717600000E-02   2.886751410500000E+01   2.886751410500000E+01   4.959984802900000E-01   2.499999944100000E-03   2.886751410500000E+01   4.959984802900000E-01
   1.148105717700000E+00   3.397743138300000E-02   2.886751410500000E+01   2.886751410500000E+01   5.110223646900000E-01   2.499999944100000E-03   2.886751410500000E+01   5.110223646900000E-01
   1.148285694100000E+00   3.496818423400000E-02   2.886751410500000E+01   2.886751410500000E+01   5.260456737100000E-01   2.499999944100000E-03   2.886751410500000E+01   5.260456737100000E-01
   1.148470881600000E+00   3.595875500600000E-02   2.886751410500000E+01   2.886751410500000E+01   5.410672526500000E-01   2.499999944100000E-03   2.886751410500000E+01   5.410690230800000E-01
   1.148661279700000E+00   3.694801306600000E-02   2.886751410500000E+01   2.886751410500000E+01   5.560893227400000E-01   2.499999944100000E-03   2.886751410500000E+01   5.560911486600000E-01
   1.148856887900000E+00   3.793648757300000E-02   2.886751410500000E+01   2.886751410500000E+01   5.711107641700000E-01   2.499999944100000E-03   2.886751410500000E+01   5.711126461000000E-01
   1.149057705600000E+00   3.892364040000000E-02   2.886751410500000E+01   2.886751410500000E+01   5.861301360200000E-01   2.499999944100000E-03   2.886751410500000E+01   5.861301360200000E-01
   1.149263732400000E+00   3.991047948400000E-02   2.886751410500000E+01   2.886751410500000E+01   6.011502733200000E-01   2.499999944100000E-03   2.886751410500000E+01   6.011502733200000E-01
   1.149474967500000E+00   4.089647422000000E-02   2.886751410500000E+01   2.886751410500000E+01   6.161697316500000E-01   2.499999944100000E-03   2.886751410500000E+01   6.161697316500000E-01
   1.149691410600000E+00   4.188179442600000E-02   2.886751410500000E+01   2.886751410500000E+01   6.311918244300000E-01   2.499999944100000E-03   2.886751410500000E+01   6.311918244300000E-01
   1.149913060900000E+00   4.286604263400000E-02   2.886751410500000E+01   2.886751410500000E+01   6.462099391400000E-01   2.499999944100000E-03   2.886751410500000E+01   6.462099391400000E-01
   1.150139917900000E+00   4.384938566600000E-02   2.886751410500000E+01   2.886751410500000E+01   6.612273201600000E-01   2.499999944100000E-03   2.886751410500000E+01   6.612273201600000E-01
   1.150371980800000E+00   4.483193269900000E-02   2.886751410500000E+01   2.886751410500000E+01   6.762455944600000E-01   2.499999944100000E-03   2.886751410500000E+01   6.762455944600000E-01
   1.150609249200000E+00   4.581339584400000E-02   2.886751410500000E+01   2.886751410500000E+01   6.912614698400000E-01   2.499999944100000E-03   2.886751410500000E+01   6.912614698400000E-01
   1.150851722300000E+00   4.679389284600000E-02   2.886751410500000E+01   2.886751410500000E+01   7.062765555600000E-01   2.499999944100000E-03   2.886751410500000E+01   7.062765555600000E-01
   1.151099399400000E+00   4.777315310500000E-02   2.886751410500000E+01   2.886751410500000E+01   7.212907301200000E-01   2.499999944100000E-03   2.886751410500000E+01   7.212907301200000E-01
   1.151352279800000E+00   4.875165034100000E-02   2.886751410500000E+01   2.886751410500000E+01   7.363041889300000E-01   2.499999944100000E-03   2.886751410500000E+01   7.363041889300000E-01

