   1.307370895800000E+00   0.000000000000000E+00   2.000000000000000E+01   2.000000000000000E+01   0.000000000000000E+00   9.999999776500000E-03   2.000000000000000E+01   0.000000000000000E+00
   1.307370940100000E+00   1.777163185200000E-04   2.000000000000000E+01   2.000000000000000E+01   1.452321968400000E-03   9.999999776500000E-03   2.000000000000000E+01   1.452321968400000E-03
   1.307371073300000E+00   3.554325778100000E-04   2.000000000000000E+01   2.000000000000000E+01   2.904643952800000E-03   9.999999776500000E-03   2.000000000000000E+01   2.904643952800000E-03
   1.307371295400000E+00   5.331439462899999E-04   2.000000000000000E+01   2.000000000000000E+01   4.356962361600000E-03   9.999999776500000E-03   2.000000000000000E+01   4.357029064100000E-03
   1.307371606400000E+00   7.108583051600000E-04   2.000000000000000E+01   2.000000000000000E+01   5.809283110200000E-03   9.999999776500000E-03   2.000000000000000E+01   5.809372046700000E-03
   1.307372006100000E+00   8.885724146200000E-04   2.000000000000000E+01   2.000000000000000E+01   7.261603818400000E-03   9.999999776500000E-03   2.000000000000000E+01   7.261714988600000E-03
   1.307372494700000E+00   1.066297894100000E-03   2.000000000000000E+01   2.000000000000000E+01   8.714073365100000E-03   9.999999776500000E-03   2.000000000000000E+01   8.714073365100000E-03
   1.307373072200000E+00   1.244013263600000E-03   2.000000000000000E+01   2.000000000000000E+01   1.016641877500000E-02   9.999999776500000E-03   2.000000000000000E+01   1.016641877500000E-02
   1.307373738400000E+00   1.421728196000000E-03   2.000000000000000E+01   2.000000000000000E+01   1.161876411400000E-02   9.999999776500000E-03   2.000000000000000E+01   1.161876411400000E-02
   1.307374493500000E+00   1.599441538000000E-03   2.000000000000000E+01   2.000000000000000E+01   1.307107982600000E-02   9.999999776500000E-03   2.000000000000000E+01   1.307107982600000E-02
   1.307375337500000E+00   1.777155287800000E-03   2.000000000000000E+01   2.000000000000000E+01   1.452342171000000E-02   9.999999776500000E-03   2.000000000000000E+01   1.452342171000000E-02
   1.307376270300000E+00   1.954868413400000E-03   2.000000000000000E+01   2.000000000000000E+01   1.597576349200000E-02   9.999999776500000E-03   2.000000000000000E+01   1.597576349200000E-02
   1.307377291900000E+00   2.132563138500000E-03   2.000000000000000E+01   2.000000000000000E+01   1.742808984300000E-02   9.999999776500000E-03   2.000000000000000E+01   1.742808984300000E-02
   1.307378402300000E+00   2.310273350800000E-03   2.000000000000000E+01   2.000000000000000E+01   1.888043011100000E-02   9.999999776500000E-03   2.000000000000000E+01   1.888043011100000E-02
   1.307379601600000E+00   2.487982751400000E-03   2.000000000000000E+01   2.000000000000000E+01   2.033277024500000E-02   9.999999776500000E-03   2.000000000000000E+01   2.033277024500000E-02
   1.307380889800000E+00   2.665704361400000E-03   2.000000000000000E+01   2.000000000000000E+01   2.178518562000000E-02   9.999999776500000E-03   2.000000000000000E+01   2.178518562000000E-02
   1.307382266700000E+00   2.843412824000000E-03   2.000000000000000E+01   2.000000000000000E+01   2.323753048700000E-02   9.999999776500000E-03   2.000000000000000E+01   2.323753048700000E-02
   1.307383732500000E+00   3.021120287700000E-03   2.000000000000000E+01   2.000000000000000E+01   2.468987519000000E-02   9.999999776500000E-03   2.000000000000000E+01   2.468987519000000E-02
   1.307385287200000E+00   3.198784217600000E-03   2.000000000000000E+01   2.000000000000000E+01   2.614182875400000E-02   9.999999776500000E-03   2.000000000000000E+01   2.614218638900000E-02
   1.307386930700000E+00   3.376487133300000E-03   2.000000000000000E+01   2.000000000000000E+01   2.759415137200000E-02   9.999999776500000E-03   2.000000000000000E+01   2.759452888000000E-02
   1.307388663000000E+00   3.554188862300000E-03   2.000000000000000E+01   2.000000000000000E+01   2.904647379300000E-02   9.999999776500000E-03   2.000000000000000E+01   2.904687117800000E-02
   1.307390484200000E+00   3.731947751500000E-03   2.000000000000000E+01   2.000000000000000E+01   3.049888582500000E-02   9.999999776500000E-03   2.000000000000000E+01   3.049888582500000E-02
   1.307392394200000E+00   3.909649706100000E-03   2.000000000000000E+01   2.000000000000000E+01   3.195121210300000E-02   9.999999776500000E-03   2.000000000000000E+01   3.195121210300000E-02
   1.307394393100000E+00   4.087350287200000E-03   2.000000000000000E+01   2.000000000000000E+01   3.340353815600000E-02   9.999999776500000E-03   2.000000000000000E+01   3.340353815600000E-02
   1.307396480800000E+00   4.264913026700000E-03   2.000000000000000E+01   2.000000000000000E+01   3.485562325300000E-02   9.999999776500000E-03   2.000000000000000E+01   3.485566442100000E-02
   1.307398657300000E+00   4.442605014100000E-03   2.000000000000000E+01   2.000000000000000E+01   3.630793882200000E-02   9.999999776500000E-03   2.000000000000000E+01   3.630798167300000E-02
   1.307400922700000E+00   4.620295443900000E-03   2.000000000000000E+01   2.000000000000000E+01   3.776025413600000E-02   9.999999776500000E-03   2.000000000000000E+01   3.776029866700000E-02
   1.307403276900000E+00   4.798033649000000E-03   2.000000000000000E+01   2.000000000000000E+01   3.921263524200000E-02   9.999999776500000E-03   2.000000000000000E+01   3.921263524200000E-02
   1.307405720000000E+00   4.975722602300000E-03   2.000000000000000E+01   2.000000000000000E+01   4.066495246600000E-02   9.999999776500000E-03   2.000000000000000E+01   4.066495246600000E-02
   1.307408251900000E+00   5.153409810500000E-03   2.000000000000000E+01   2.000000000000000E+01   4.211726940500000E-02   9.999999776500000E-03   2.000000000000000E+01   4.211726940500000E-02
   1.307410872700000E+00   5.331221170000000E-03   2.000000000000000E+01   2.000000000000000E+01   4.356985987800000E-02   9.999999776500000E-03   2.000000000000000E+01   4.357032734800000E-02
   1.307413582300000E+00   5.508908869400000E-03   2.000000000000000E+01   2.000000000000000E+01   4.502218530400000E-02   9.999999776500000E-03   2.000000000000000E+01   4.502266837300000E-02
   1.307416380800000E+00   5.686594634000000E-03   2.000000000000000E+01   2.000000000000000E+01   4.647451041100000E-02   9.999999776500000E-03   2.000000000000000E+01   4.647500908100000E-02
   1.307419268100000E+00   5.864263042800000E-03   2.000000000000000E+01   2.000000000000000E+01   4.792684125400000E-02   9.999999776500000E-03   2.000000000000000E+01   4.792715794600000E-02
   1.307422244300000E+00   6.041944305800000E-03   2.000000000000000E+01   2.000000000000000E+01   4.937916587700000E-02   9.999999776500000E-03   2.000000000000000E+01   4.937949217500000E-02
   1.307425309300000E+00   6.219623448600000E-03   2.000000000000000E+01   2.000000000000000E+01   5.083149015100000E-02   9.999999776500000E-03   2.000000000000000E+01   5.083182605500000E-02
   1.307428463100000E+00   6.397306689500000E-03   2.000000000000000E+01   2.000000000000000E+01   5.228351919100000E-02   9.999999776500000E-03   2.000000000000000E+01   5.228351919100000E-02
   1.307431705900000E+00   6.574981551600000E-03   2.000000000000000E+01   2.000000000000000E+01   5.373583453600000E-02   9.999999776500000E-03   2.000000000000000E+01   5.373583453600000E-02
   1.307435037400000E+00   6.752654104100000E-03   2.000000000000000E+01   2.000000000000000E+01   5.518814950100000E-02   9.999999776500000E-03   2.000000000000000E+01   5.518814950100000E-02
   1.307438457900000E+00   6.930264273300000E-03   2.000000000000000E+01   2.000000000000000E+01   5.664136716200000E-02   9.999999776500000E-03   2.000000000000000E+01   5.664136716200000E-02
   1.307441967200000E+00   7.107930523300000E-03   2.000000000000000E+01   2.000000000000000E+01   5.809370453600000E-02   9.999999776500000E-03   2.000000000000000E+01   5.809370453600000E-02
   1.307445565300000E+00   7.285594279700000E-03   2.000000000000000E+01   2.000000000000000E+01   5.954604150200000E-02   9.999999776500000E-03   2.000000000000000E+01   5.954604150200000E-02
   1.307449252300000E+00   7.463086009100000E-03   2.000000000000000E+01   2.000000000000000E+01   6.099750447600000E-02   9.999999776500000E-03   2.000000000000000E+01   6.099772323400000E-02
   1.307453028200000E+00   7.640740578000000E-03   2.000000000000000E+01   2.000000000000000E+01   6.244981974200000E-02   9.999999776500000E-03   2.000000000000000E+01   6.245004371500000E-02
   1.307456892900000E+00   7.818392468100000E-03   2.000000000000000E+01   2.000000000000000E+01   6.390213456500000E-02   9.999999776500000E-03   2.000000000000000E+01   6.390236375199999E-02
   1.307460846500000E+00   7.996321888999999E-03   2.000000000000000E+01   2.000000000000000E+01   6.535471419800000E-02   9.999999776500000E-03   2.000000000000000E+01   6.535540290500000E-02
   1.307464888900000E+00   8.173974409099999E-03   2.000000000000000E+01   2.000000000000000E+01   6.680703400500000E-02   9.999999776500000E-03   2.000000000000000E+01   6.680773806600000E-02
   1.307469020200000E+00   8.351624060000000E-03   2.000000000000000E+01   2.000000000000000E+01   6.825935333900000E-02   9.999999776500000E-03   2.000000000000000E+01   6.826007275700000E-02
   1.307473240400000E+00   8.529115736000001E-03   2.000000000000000E+01   2.000000000000000E+01   6.971194771300000E-02   9.999999776500000E-03   2.000000000000000E+01   6.971194771300000E-02
   1.307477549400000E+00   8.706756175900001E-03   2.000000000000000E+01   2.000000000000000E+01   7.116427189400000E-02   9.999999776500000E-03   2.000000000000000E+01   7.116427189400000E-02

