   1.863523168500000E-15   0.000000000000000E+00   4.000000000000000E+00   4.000000000000000E+00   0.000000000000000E+00  -6.833717480900000E+01   8.680555361500000E+02   0.000000000000000E+00
   5.335716807300000E-10   3.758418754400000E-04   4.000000000000000E+00   4.000000000000000E+00   1.108161014800000E-05  -6.833717473999999E+01   8.680555361500000E+02   1.108161014800000E-05
   2.134298125100000E-09   7.516837475100000E-04   4.000000000000000E+00   4.000000000000000E+00   2.216322025500000E-05  -6.833717453400000E+01   8.680555361500000E+02   2.216322025500000E-05
   4.802186694800000E-09   1.127284706900000E-03   4.000000000000000E+00   4.000000000000000E+00   3.324588390800000E-05  -6.833717419200001E+01   8.680555361500000E+02   3.324588390800000E-05
   8.537214806300001E-09   1.503046256600000E-03   4.000000000000000E+00   4.000000000000000E+00   4.432784489400000E-05  -6.833717371199999E+01   8.680555361500000E+02   4.432784489400000E-05
   1.333939507500000E-08   1.878807789400000E-03   4.000000000000000E+00   4.000000000000000E+00   5.540980560200000E-05  -6.833717309500000E+01   8.680555361500000E+02   5.540980560200000E-05
   1.920872099200000E-08   2.254878955400000E-03   4.000000000000000E+00   4.000000000000000E+00   6.649203440000001E-05  -6.833717234100000E+01   8.680555361500000E+02   6.649203440000001E-05
   2.614520301600000E-08   2.630692050600000E-03   4.000000000000000E+00   4.000000000000000E+00   7.757403907000000E-05  -6.833717145000000E+01   8.680555361500000E+02   7.757403907000000E-05
   3.414883249500000E-08   3.006505116000000E-03   4.000000000000000E+00   4.000000000000000E+00   8.865604324800000E-05  -6.833717042200000E+01   8.680555361500000E+02   8.865604324800000E-05
   4.321961227900000E-08   3.382340606300000E-03   4.000000000000000E+00   4.000000000000000E+00   9.973592298100000E-05  -6.833716925700000E+01   8.680555361500000E+02   9.973704660599999E-05
   5.335754162100000E-08   3.758156092000000E-03   4.000000000000000E+00   4.000000000000000E+00   1.108176900100000E-04  -6.833716795500000E+01   8.680555361500000E+02   1.108189384400000E-04
   6.456262185400000E-08   4.133971534400000E-03   4.000000000000000E+00   4.000000000000000E+00   1.218994563400000E-04  -6.833716651600000E+01   8.680555361500000E+02   1.219008295600000E-04
   7.683485078999999E-08   4.509573389900000E-03   4.000000000000000E+00   4.000000000000000E+00   1.329717320600000E-04  -6.833716493999999E+01   8.680555361500000E+02   1.329717320600000E-04
   9.017422754400000E-08   4.885370943500000E-03   4.000000000000000E+00   4.000000000000000E+00   1.440527060300000E-04  -6.833716322600000E+01   8.680555361500000E+02   1.440527060300000E-04
   1.045807561500000E-07   5.261168442200000E-03   4.000000000000000E+00   4.000000000000000E+00   1.551336791100000E-04  -6.833716137600000E+01   8.680555361500000E+02   1.551336791100000E-04
   1.200544293300000E-07   5.636256220400000E-03   4.000000000000000E+00   4.000000000000000E+00   1.662005441800000E-04  -6.833715938800000E+01   8.680555361500000E+02   1.662097698500000E-04
   1.365952505100000E-07   6.012006273200000E-03   4.000000000000000E+00   4.000000000000000E+00   1.772805744600000E-04  -6.833715726400000E+01   8.680555361500000E+02   1.772904152200000E-04
   1.542032208700000E-07   6.387756256100000E-03   4.000000000000000E+00   4.000000000000000E+00   1.883606035900000E-04  -6.833715500200000E+01   8.680555361500000E+02   1.883710594300000E-04
   1.728783458800000E-07   6.764915295200000E-03   4.000000000000000E+00   4.000000000000000E+00   1.994715151400000E-04  -6.833715260400000E+01   8.680555361500000E+02   1.994715151400000E-04
   1.926206080300000E-07   7.140743424200000E-03   4.000000000000000E+00   4.000000000000000E+00   2.105532578700000E-04  -6.833715006800000E+01   8.680555361500000E+02   2.105532578700000E-04
   2.134300197300000E-07   7.516571472300000E-03   4.000000000000000E+00   4.000000000000000E+00   2.216349992700000E-04  -6.833714739500000E+01   8.680555361500000E+02   2.216349992700000E-04
   2.353065713600000E-07   7.891525270500001E-03   4.000000000000000E+00   4.000000000000000E+00   2.326898926400000E-04  -6.833714458500000E+01   8.680555361500000E+02   2.326898926400000E-04
   2.582502754900000E-07   8.267311522900000E-03   4.000000000000000E+00   4.000000000000000E+00   2.437703529900000E-04  -6.833714163800001E+01   8.680555361500000E+02   2.437703529900000E-04
   2.822611235900000E-07   8.643097682500000E-03   4.000000000000000E+00   4.000000000000000E+00   2.548508118400000E-04  -6.833713855400001E+01   8.680555361500000E+02   2.548508118400000E-04
   3.073391089100000E-07   9.019387519900000E-03   4.000000000000000E+00   4.000000000000000E+00   2.659319602200000E-04  -6.833713533300001E+01   8.680555361500000E+02   2.659355926300000E-04
   3.334842454900000E-07   9.395194468700000E-03   4.000000000000000E+00   4.000000000000000E+00   2.770124438200000E-04  -6.833713197500001E+01   8.680555361500000E+02   2.770162284000000E-04
   3.606965221700000E-07   9.771001311700001E-03   4.000000000000000E+00   4.000000000000000E+00   2.880929256100000E-04  -6.833712848000000E+01   8.680555361500000E+02   2.880968624700000E-04
   3.889759469600000E-07   1.014717691800000E-02   4.000000000000000E+00   4.000000000000000E+00   2.991709347900000E-04  -6.833712484700000E+01   8.680555361500000E+02   2.991918364000000E-04
   4.183225096400000E-07   1.052299719500000E-02   4.000000000000000E+00   4.000000000000000E+00   3.102513223300000E-04  -6.833712107800000E+01   8.680555361500000E+02   3.102729979100000E-04
   4.487362104300000E-07   1.089881735400000E-02   4.000000000000000E+00   4.000000000000000E+00   3.213317079500000E-04  -6.833711717200001E+01   8.680555361500000E+02   3.213541575000000E-04
   4.802170558000000E-07   1.127462041200000E-02   4.000000000000000E+00   4.000000000000000E+00   3.324467943200000E-04  -6.833711313000001E+01   8.680555361500000E+02   3.324467943200000E-04
   5.127650385200000E-07   1.165043975400000E-02   4.000000000000000E+00   4.000000000000000E+00   3.435283323700000E-04  -6.833710894900000E+01   8.680555361500000E+02   3.435283323700000E-04
   5.463801626200000E-07   1.202625896400000E-02   4.000000000000000E+00   4.000000000000000E+00   3.546098682800000E-04  -6.833710463200001E+01   8.680555361500000E+02   3.546098682800000E-04
   5.810624202300000E-07   1.240266763300000E-02   4.000000000000000E+00   4.000000000000000E+00   3.656940113400000E-04  -6.833710017400000E+01   8.680555361500000E+02   3.656983807100000E-04
   6.168118185800000E-07   1.277850442400000E-02   4.000000000000000E+00   4.000000000000000E+00   3.767756210200000E-04  -6.833709558300001E+01   8.680555361500000E+02   3.767801235000000E-04
   6.536283545300000E-07   1.315434106900000E-02   4.000000000000000E+00   4.000000000000000E+00   3.878572282800000E-04  -6.833709085400000E+01   8.680555361500000E+02   3.878618639200000E-04
   6.915120218600000E-07   1.353005702100000E-02   4.000000000000000E+00   4.000000000000000E+00   3.989101185900000E-04  -6.833708598800000E+01   8.680555361500000E+02   3.989402030800000E-04
   7.304628287200000E-07   1.390589001800000E-02   4.000000000000000E+00   4.000000000000000E+00   4.099909228200000E-04  -6.833708098500000E+01   8.680555361500000E+02   4.100218442400000E-04
   7.704807644500000E-07   1.428172285700000E-02   4.000000000000000E+00   4.000000000000000E+00   4.210717243800000E-04  -6.833707584500000E+01   8.680555361500000E+02   4.211034828400000E-04
   8.115658378000000E-07   1.465770799400000E-02   4.000000000000000E+00   4.000000000000000E+00   4.321461756800000E-04  -6.833707056800000E+01   8.680555361500000E+02   4.321908790800000E-04
   8.537180424800000E-07   1.503354440800000E-02   4.000000000000000E+00   4.000000000000000E+00   4.432268109200000E-04  -6.833706515400000E+01   8.680555361500000E+02   4.432726599100000E-04
   8.969373735700000E-07   1.540938065200000E-02   4.000000000000000E+00   4.000000000000000E+00   4.543074434300000E-04  -6.833705960300000E+01   8.680555361500000E+02   4.543544379700000E-04
   9.412238347100000E-07   1.578505876300000E-02   4.000000000000000E+00   4.000000000000000E+00   4.653655665100000E-04  -6.833705391399999E+01   8.680555361500000E+02   4.654429689200000E-04
   9.865774311600001E-07   1.616089086900000E-02   4.000000000000000E+00   4.000000000000000E+00   4.764456577100000E-04  -6.833704808800000E+01   8.680555361500000E+02   4.765249014600000E-04
   1.032998149100000E-06   1.653672278900000E-02   4.000000000000000E+00   4.000000000000000E+00   4.875257459900000E-04  -6.833704212600000E+01   8.680555361500000E+02   4.876068309800000E-04
   1.080485998500000E-06   1.691280684500000E-02   4.000000000000000E+00   4.000000000000000E+00   4.986142466200000E-04  -6.833703602600001E+01   8.680555361500000E+02   4.986898659400000E-04
   1.129040967800000E-06   1.728864400100000E-02   4.000000000000000E+00   4.000000000000000E+00   5.096945127400000E-04  -6.833702979000000E+01   8.680555361500000E+02   5.097718140000000E-04
   1.178663070600000E-06   1.766448096000000E-02   4.000000000000000E+00   4.000000000000000E+00   5.207747755300000E-04  -6.833702341599999E+01   8.680555361500000E+02   5.208537588400000E-04
   1.229352288200000E-06   1.804016115100000E-02   4.000000000000000E+00   4.000000000000000E+00   5.318547556100000E-04  -6.833701690700001E+01   8.680555361500000E+02   5.319271996000000E-04
   1.281108634300000E-06   1.841599445800000E-02   4.000000000000000E+00   4.000000000000000E+00   5.429350091600000E-04  -6.833701025900000E+01   8.680555361500000E+02   5.430089612300000E-04
   1.333932093700000E-06   1.879182755600000E-02   4.000000000000000E+00   4.000000000000000E+00   5.540152593900000E-04  -6.833700347400000E+01   8.680555361500000E+02   5.540907194600000E-04
   1.387822682800000E-06   1.916747557300000E-02   4.000000000000000E+00   4.000000000000000E+00   5.651429401800000E-04  -6.833699655100000E+01   8.680555361500000E+02   5.651793819900000E-04
   1.442780379000000E-06   1.954330457700000E-02   4.000000000000000E+00   4.000000000000000E+00   5.762241103600000E-04  -6.833698949200000E+01   8.680555361500000E+02   5.762612677100000E-04
   1.498805198600000E-06   1.991913335500000E-02   4.000000000000000E+00   4.000000000000000E+00   5.873052768200000E-04  -6.833698229600000E+01   8.680555361500000E+02   5.873431497700000E-04
   1.555897138400000E-06   2.029485176800000E-02   4.000000000000000E+00   4.000000000000000E+00   5.983648955500000E-04  -6.833697496300000E+01   8.680555361500000E+02   5.984179783400000E-04
   1.614056190200000E-06   2.067067804200000E-02   4.000000000000000E+00   4.000000000000000E+00   6.094456550400000E-04  -6.833696749200000E+01   8.680555361500000E+02   6.094997219400000E-04
   1.673282351900000E-06   2.104650407900000E-02   4.000000000000000E+00   4.000000000000000E+00   6.205264105700000E-04  -6.833695988500000E+01   8.680555361500000E+02   6.205814616500000E-04
   1.733575622700000E-06   2.142215437000000E-02   4.000000000000000E+00   4.000000000000000E+00   6.315695428600000E-04  -6.833695214600000E+01   8.680555361500000E+02   6.316537137900000E-04
   1.794936008000000E-06   2.179797690800000E-02   4.000000000000000E+00   4.000000000000000E+00   6.426496347900000E-04  -6.833694426500000E+01   8.680555361500000E+02   6.427352809700001E-04
   1.857363504500000E-06   2.217379919900000E-02   4.000000000000000E+00   4.000000000000000E+00   6.537297227900000E-04  -6.833693624599999E+01   8.680555361500000E+02   6.538168441400000E-04
   1.920858104000000E-06   2.255002761900000E-02   4.000000000000000E+00   4.000000000000000E+00   6.648541007100000E-04  -6.833692808600000E+01   8.680555361500000E+02   6.649171912800000E-04
   1.985419813000000E-06   2.292585610900000E-02   4.000000000000000E+00   4.000000000000000E+00   6.759349139300000E-04  -6.833691979400000E+01   8.680555361500000E+02   6.759990578200000E-04
   2.051048623000000E-06   2.330168433600000E-02   4.000000000000000E+00   4.000000000000000E+00   6.870157227600000E-04  -6.833691136400000E+01   8.680555361500000E+02   6.870809200600000E-04
   2.117744541700000E-06   2.367785689300000E-02   4.000000000000000E+00   4.000000000000000E+00   6.981403295200000E-04  -6.833690279699999E+01   8.680555361500000E+02   6.981642274900000E-04
   2.185507555600000E-06   2.405369007800000E-02   4.000000000000000E+00   4.000000000000000E+00   7.092218255900000E-04  -6.833689409300000E+01   8.680555361500000E+02   7.092461044000000E-04
   2.254337672900000E-06   2.442952298800000E-02   4.000000000000000E+00   4.000000000000000E+00   7.203033170999999E-04  -6.833688525300001E+01   8.680555361500000E+02   7.203279768300000E-04
   2.324234891800000E-06   2.480450829000000E-02   4.000000000000000E+00   4.000000000000000E+00   7.313817662300000E-04  -6.833687627499999E+01   8.680555361500000E+02   7.313981734000001E-04
   2.395199202100000E-06   2.518032775300000E-02   4.000000000000000E+00   4.000000000000000E+00   7.424632022999999E-04  -6.833686716000000E+01   8.680555361500000E+02   7.424798586300000E-04
   2.467230610200000E-06   2.555614692700000E-02   4.000000000000000E+00   4.000000000000000E+00   7.535446335900000E-04  -6.833685790800000E+01   8.680555361500000E+02   7.535615391200000E-04
   2.540329103500000E-06   2.593270125400000E-02   4.000000000000000E+00   4.000000000000000E+00   7.646144401600000E-04  -6.833684851900000E+01   8.680555361500000E+02   7.646515706600000E-04
   2.614494693400000E-06   2.630853057100000E-02   4.000000000000000E+00   4.000000000000000E+00   7.756956929600000E-04  -6.833683899300000E+01   8.680555361500000E+02   7.757333643400000E-04
   2.689727381100000E-06   2.668435958900000E-02   4.000000000000000E+00   4.000000000000000E+00   7.867769407599999E-04  -6.833682933000000E+01   8.680555361500000E+02   7.868151531400000E-04
   2.766027148600000E-06   2.706017690400000E-02   4.000000000000000E+00   4.000000000000000E+00   7.978376755500000E-04  -6.833681952900000E+01   8.680555361500000E+02   7.978888316000000E-04
   2.843394002900000E-06   2.743600515300000E-02   4.000000000000000E+00   4.000000000000000E+00   8.089186278000000E-04  -6.833680959199999E+01   8.680555361500000E+02   8.089704983600000E-04
   2.921827942000000E-06   2.781183308900000E-02   4.000000000000000E+00   4.000000000000000E+00   8.199995748200001E-04  -6.833679951800001E+01   8.680555361500000E+02   8.200521600400000E-04
   3.001328966800000E-06   2.818713389900000E-02   4.000000000000000E+00   4.000000000000000E+00   8.311363337000000E-04  -6.833678930600000E+01   8.680555361500000E+02   8.311414003200000E-04
   3.081897071800000E-06   2.856295409200000E-02   4.000000000000000E+00   4.000000000000000E+00   8.422180160800000E-04  -6.833677895800000E+01   8.680555361500000E+02   8.422231505900000E-04
   3.163532253800000E-06   2.893877395700000E-02   4.000000000000000E+00   4.000000000000000E+00   8.532996930700000E-04  -6.833676847300001E+01   8.680555361500000E+02   8.533048955000000E-04
   3.246234508300000E-06   2.931524356500000E-02   4.000000000000000E+00   4.000000000000000E+00   8.643848975600000E-04  -6.833675785000000E+01   8.680555361500000E+02   8.643910854800000E-04
   3.330003846400000E-06   2.969107113400000E-02   4.000000000000000E+00   4.000000000000000E+00   8.754666091100001E-04  -6.833674709100001E+01   8.680555361500000E+02   8.754728770200000E-04
   3.414840251000000E-06   3.006689836300000E-02   4.000000000000000E+00   4.000000000000000E+00   8.865483150800000E-04  -6.833673619400000E+01   8.680555361500000E+02   8.865546630100000E-04
   3.500743737600000E-06   3.044269743500000E-02   4.000000000000000E+00   4.000000000000000E+00   8.976033565900000E-04  -6.833672516199999E+01   8.680555361500000E+02   8.976304534000000E-04
   3.587714283200000E-06   3.081852367600000E-02   4.000000000000000E+00   4.000000000000000E+00   9.086847207700000E-04  -6.833671399100000E+01   8.680555361500000E+02   9.087121556300000E-04
   3.675751900300000E-06   3.119434956500000E-02   4.000000000000000E+00   4.000000000000000E+00   9.197660791000000E-04  -6.833670268300000E+01   8.680555361500000E+02   9.197938521500000E-04
   3.764856575200000E-06   3.157017810500000E-02   4.000000000000000E+00   4.000000000000000E+00   9.307299801200000E-04  -6.833669123900000E+01   8.680555361500000E+02   9.308723912300000E-04
   3.855028318700000E-06   3.194600331600000E-02   4.000000000000000E+00   4.000000000000000E+00   9.418099255200000E-04  -6.833667965700000E+01   8.680555361500000E+02   9.419540388200000E-04
   3.946267124100000E-06   3.232182816300000E-02   4.000000000000000E+00   4.000000000000000E+00   9.528898647700000E-04  -6.833666793800001E+01   8.680555361500000E+02   9.530356805000000E-04
   4.038572987100000E-06   3.269520033600000E-02   4.000000000000000E+00   4.000000000000000E+00   9.639940536700000E-04  -6.833665608000000E+01   8.680555361500000E+02   9.640939505800000E-04
   4.131945902000000E-06   3.307099609700000E-02   4.000000000000000E+00   4.000000000000000E+00   9.750742596500000E-04  -6.833664408700000E+01   8.680555361500000E+02   9.751753074300000E-04
   4.226385874400000E-06   3.344679147700000E-02   4.000000000000000E+00   4.000000000000000E+00   9.861544592800000E-04  -6.833663195699999E+01   8.680555361500000E+02   9.862566580200001E-04
   4.321892903600000E-06   3.382520537200000E-02   4.000000000000000E+00   4.000000000000000E+00   9.972280738100000E-04  -6.833661969000001E+01   8.680555361500000E+02   9.973714298100000E-04
   4.418466979700000E-06   3.420102919500000E-02   4.000000000000000E+00   4.000000000000000E+00   1.008308187300000E-03  -6.833660728500000E+01   8.680555361500000E+02   1.008453141300000E-03
   4.516108105700000E-06   3.457685262700000E-02   4.000000000000000E+00   4.000000000000000E+00   1.019388294200000E-03  -6.833659474400000E+01   8.680555361500000E+02   1.019534846300000E-03
   4.614816279500000E-06   3.495254902600000E-02   4.000000000000000E+00   4.000000000000000E+00   1.030507106300000E-03  -6.833658206600001E+01   8.680555361500000E+02   1.030617583700000E-03
   4.714591494300000E-06   3.532837028300000E-02   4.000000000000000E+00   4.000000000000000E+00   1.041587617000000E-03  -6.833656925100000E+01   8.680555361500000E+02   1.041699287200000E-03
   4.815433745700000E-06   3.570419113600000E-02   4.000000000000000E+00   4.000000000000000E+00   1.052668120800000E-03  -6.833655629800000E+01   8.680555361500000E+02   1.052780984000000E-03
   4.917343031800000E-06   3.607923700000000E-02   4.000000000000000E+00   4.000000000000000E+00   1.063778487500000E-03  -6.833654320900000E+01   8.680555361500000E+02   1.063851958000000E-03
   5.020319362100000E-06   3.645504891100000E-02   4.000000000000000E+00   4.000000000000000E+00   1.074859289500000E-03  -6.833652998200000E+01   8.680555361500000E+02   1.074933528500000E-03
   5.124362722400000E-06   3.683086040200000E-02   4.000000000000000E+00   4.000000000000000E+00   1.085940084600000E-03  -6.833651661899999E+01   8.680555361500000E+02   1.086015092100000E-03
   5.229473116600000E-06   3.720754046700000E-02   4.000000000000000E+00   4.000000000000000E+00   1.097078234300000E-03  -6.833650311900000E+01   8.680555361500000E+02   1.097104108400000E-03
   5.335650540500000E-06   3.758336001600000E-02   4.000000000000000E+00   4.000000000000000E+00   1.108159596800000E-03  -6.833648948200000E+01   8.680555361500000E+02   1.108185736500000E-03
   5.442894991200000E-06   3.795917913700000E-02   4.000000000000000E+00   4.000000000000000E+00   1.119240952200000E-03  -6.833647570700001E+01   8.680555361500000E+02   1.119267357700000E-03
   5.551206459600000E-06   3.833417641100000E-02   4.000000000000000E+00   4.000000000000000E+00   1.130222668300000E-03  -6.833646179400000E+01   8.680555361500000E+02   1.130345750600000E-03
   5.660584954100000E-06   3.870998647500000E-02   4.000000000000000E+00   4.000000000000000E+00   1.141303029000000E-03  -6.833644774500000E+01   8.680555361500000E+02   1.141427323100000E-03
   5.771030467000000E-06   3.908579609500000E-02   4.000000000000000E+00   4.000000000000000E+00   1.152383382400000E-03  -6.833643355900000E+01   8.680555361500000E+02   1.152508888300000E-03
   5.882542995200000E-06   3.946219335800000E-02   4.000000000000000E+00   4.000000000000000E+00   1.163454454000000E-03  -6.833641923600000E+01   8.680555361500000E+02   1.163593727400000E-03
   5.995122532300000E-06   3.983800771600000E-02   4.000000000000000E+00   4.000000000000000E+00   1.174534703700000E-03  -6.833640477599999E+01   8.680555361500000E+02   1.174675309500000E-03
   6.108769087500000E-06   4.021382161700000E-02   4.000000000000000E+00   4.000000000000000E+00   1.185614945800000E-03  -6.833639017900001E+01   8.680555361500000E+02   1.185756884100000E-03
   6.223482650200000E-06   4.058948456300000E-02   4.000000000000000E+00   4.000000000000000E+00   1.196641931800000E-03  -6.833637544500000E+01   8.680555361500000E+02   1.196836531500000E-03
   6.339263220100000E-06   4.096529613200000E-02   4.000000000000000E+00   4.000000000000000E+00   1.207721664100000E-03  -6.833636057400000E+01   8.680555361500000E+02   1.207918073000000E-03
   6.456110787100000E-06   4.134110723200000E-02   4.000000000000000E+00   4.000000000000000E+00   1.218801388400000E-03  -6.833634556600001E+01   8.680555361500000E+02   1.218999606700000E-03
   6.574025355300000E-06   4.171719732800000E-02   4.000000000000000E+00   4.000000000000000E+00   1.229993475200000E-03  -6.833633042200000E+01   8.680555361500000E+02   1.230085625200000E-03
   6.693006924900000E-06   4.209301001800000E-02   4.000000000000000E+00   4.000000000000000E+00   1.241074199000000E-03  -6.833631513900001E+01   8.680555361500000E+02   1.241167184500000E-03
   6.813055487100000E-06   4.246882222700000E-02   4.000000000000000E+00   4.000000000000000E+00   1.252154914700000E-03  -6.833629972000000E+01   8.680555361500000E+02   1.252248735900000E-03
   6.934171042900000E-06   4.284469786900000E-02   4.000000000000000E+00   4.000000000000000E+00   1.263289338300000E-03  -6.833628416400001E+01   8.680555361500000E+02   1.263330845100000E-03
   7.056353579400000E-06   4.322050966900000E-02   4.000000000000000E+00   4.000000000000000E+00   1.274370511200000E-03  -6.833626846999999E+01   8.680555361500000E+02   1.274412385600000E-03
   7.179603113400000E-06   4.359632097400000E-02   4.000000000000000E+00   4.000000000000000E+00   1.285451675900000E-03  -6.833625264000000E+01   8.680555361500000E+02   1.285493918000000E-03
   7.303919627900000E-06   4.397125261500000E-02   4.000000000000000E+00   4.000000000000000E+00   1.296555026300000E-03  -6.833623667300000E+01   8.680555361500000E+02   1.296562842200000E-03
   7.429303114500000E-06   4.434705533100000E-02   4.000000000000000E+00   4.000000000000000E+00   1.307636365500000E-03  -6.833622056800000E+01   8.680555361500000E+02   1.307644248800000E-03
   7.555753585600000E-06   4.472285753700000E-02   4.000000000000000E+00   4.000000000000000E+00   1.318717696300000E-03  -6.833620432700000E+01   8.680555361500000E+02   1.318725647100000E-03
   7.683271033800000E-06   4.509898926300000E-02   4.000000000000000E+00   4.000000000000000E+00   1.329673421900000E-03  -6.833618794800000E+01   8.680555361500000E+02   1.329808764100000E-03
   7.811855450899999E-06   4.547479321000000E-02   4.000000000000000E+00   4.000000000000000E+00   1.340753683600000E-03  -6.833617143300000E+01   8.680555361500000E+02   1.340890160000000E-03
   7.941506832199999E-06   4.585059663400000E-02   4.000000000000000E+00   4.000000000000000E+00   1.351833936600000E-03  -6.833615478000000E+01   8.680555361500000E+02   1.351971547400000E-03
   8.072225183000000E-06   4.622586767700000E-02   4.000000000000000E+00   4.000000000000000E+00   1.362983935000000E-03  -6.833613799299999E+01   8.680555361500000E+02   1.363040721000000E-03
   8.204010494899999E-06   4.660166568600000E-02   4.000000000000000E+00   4.000000000000000E+00   1.374064740000000E-03  -6.833612106699999E+01   8.680555361500000E+02   1.374121990700000E-03
   8.336862766699999E-06   4.697746316000000E-02   4.000000000000000E+00   4.000000000000000E+00   1.385145536100000E-03  -6.833610400300000E+01   8.680555361500000E+02   1.385203251600000E-03
   8.470782003099999E-06   4.735374240200000E-02   4.000000000000000E+00   4.000000000000000E+00   1.396180543700000E-03  -6.833608680000000E+01   8.680555361500000E+02   1.396288001700000E-03
   8.605768181500000E-06   4.772954265000000E-02   4.000000000000000E+00   4.000000000000000E+00   1.407260956700000E-03  -6.833606946200000E+01   8.680555361500000E+02   1.407369272800000E-03
   8.741821316700000E-06   4.810534235100000E-02   4.000000000000000E+00   4.000000000000000E+00   1.418341360600000E-03  -6.833605198799999E+01   8.680555361500000E+02   1.418450535000000E-03
   8.878941392100001E-06   4.848205840900000E-02   4.000000000000000E+00   4.000000000000000E+00   1.429544281400000E-03  -6.833603437600000E+01   8.680555361500000E+02   1.429555557600000E-03
   9.017128412500001E-06   4.885786423500000E-02   4.000000000000000E+00   4.000000000000000E+00   1.440625623400000E-03  -6.833601662700001E+01   8.680555361500000E+02   1.440636989900000E-03
   9.156382376299999E-06   4.923366950300000E-02   4.000000000000000E+00   4.000000000000000E+00   1.451706956300000E-03  -6.833599874100000E+01   8.680555361500000E+02   1.451718413100000E-03
   9.296703277100000E-06   4.960945084200000E-02   4.000000000000000E+00   4.000000000000000E+00   1.462713099600000E-03  -6.833598071800000E+01   8.680555361500000E+02   1.462799687300000E-03
   9.438091108800000E-06   4.998525479100000E-02   4.000000000000000E+00   4.000000000000000E+00   1.473793839300000E-03  -6.833596255900000E+01   8.680555361500000E+02   1.473881091300000E-03
   9.580545875200000E-06   5.036105817000000E-02   4.000000000000000E+00   4.000000000000000E+00   1.484874569400000E-03  -6.833594426200000E+01   8.680555361500000E+02   1.484962485800000E-03
   9.724067566499999E-06   5.073628005800000E-02   4.000000000000000E+00   4.000000000000000E+00   1.495937004500000E-03  -6.833592582800000E+01   8.680555361500000E+02   1.496038363000000E-03
   9.868656182600001E-06   5.111207788400000E-02   4.000000000000000E+00   4.000000000000000E+00   1.507017579100000E-03  -6.833590725700000E+01   8.680555361500000E+02   1.507119695500000E-03
   1.001431171800000E-05   5.148787512500000E-02   4.000000000000000E+00   4.000000000000000E+00   1.518098144000000E-03  -6.833588854900000E+01   8.680555361500000E+02   1.518201018400000E-03
   1.016103417300000E-05   5.186395095900000E-02   4.000000000000000E+00   4.000000000000000E+00   1.529129943100000E-03  -6.833586970400000E+01   8.680555361500000E+02   1.529270910100000E-03
   1.030882354000000E-05   5.223974926200000E-02   4.000000000000000E+00   4.000000000000000E+00   1.540210133000000E-03  -6.833585072200000E+01   8.680555361500000E+02   1.540352136900000E-03
   1.045767981700000E-05   5.261554697000000E-02   4.000000000000000E+00   4.000000000000000E+00   1.551290313000000E-03  -6.833583160300000E+01   8.680555361500000E+02   1.551433353900000E-03
   1.060760300100000E-05   5.298892235900000E-02   4.000000000000000E+00   4.000000000000000E+00   1.562442258000000E-03  -6.833581234899999E+01   8.680555361500000E+02   1.562499675800000E-03
   1.075859309400000E-05   5.336470131400000E-02   4.000000000000000E+00   4.000000000000000E+00   1.573522929800000E-03  -6.833579295600001E+01   8.680555361500000E+02   1.573580758400000E-03
   1.091065007700000E-05   5.374047965400000E-02   4.000000000000000E+00   4.000000000000000E+00   1.584603591500000E-03  -6.833577342600000E+01   8.680555361500000E+02   1.584661830900000E-03
   1.106377395800000E-05   5.411830745400000E-02   4.000000000000000E+00   4.000000000000000E+00   1.595698641700000E-03  -6.833575375600000E+01   8.680555361500000E+02   1.595752571400000E-03
   1.121796473400000E-05   5.449409892400000E-02   4.000000000000000E+00   4.000000000000000E+00   1.606779383600000E-03  -6.833573395200000E+01   8.680555361500000E+02   1.606833691600000E-03
   1.137322240100000E-05   5.486988976900000E-02   4.000000000000000E+00   4.000000000000000E+00   1.617860115100000E-03  -6.833571401099999E+01   8.680555361500000E+02   1.617914801600000E-03
   1.152954695100000E-05   5.524643189000000E-02   4.000000000000000E+00   4.000000000000000E+00   1.628868741800000E-03  -6.833569393900000E+01   8.680555361500000E+02   1.629016698400000E-03
   1.168693838600000E-05   5.562222678700000E-02   4.000000000000000E+00   4.000000000000000E+00   1.639948958600000E-03  -6.833567372400000E+01   8.680555361500000E+02   1.640097935800000E-03
   1.184539669600000E-05   5.599802105000000E-02   4.000000000000000E+00   4.000000000000000E+00   1.651029164700000E-03  -6.833565337200000E+01   8.680555361500000E+02   1.651179162800000E-03
   1.200492188100000E-05   5.637300896900000E-02   4.000000000000000E+00   4.000000000000000E+00   1.662061720600000E-03  -6.833563287600001E+01   8.680555361500000E+02   1.662258926900000E-03
   1.216551393700000E-05   5.674879636800000E-02   4.000000000000000E+00   4.000000000000000E+00   1.673141585800000E-03  -6.833561225000000E+01   8.680555361500000E+02   1.673340119300000E-03
   1.232717285900000E-05   5.712458311500000E-02   4.000000000000000E+00   4.000000000000000E+00   1.684221440000000E-03  -6.833559148700000E+01   8.680555361500000E+02   1.684421301000000E-03
   1.248989864800000E-05   5.749689734200000E-02   4.000000000000000E+00   4.000000000000000E+00   1.695260889400000E-03  -6.833557059200000E+01   8.680555361500000E+02   1.695430306000000E-03
   1.265369129000000E-05   5.787265986800000E-02   4.000000000000000E+00   4.000000000000000E+00   1.706340456200000E-03  -6.833554955400000E+01   8.680555361500000E+02   1.706510987500000E-03
   1.281855079100000E-05   5.824842172600000E-02   4.000000000000000E+00   4.000000000000000E+00   1.717420011900000E-03  -6.833552838000000E+01   8.680555361500000E+02   1.717591658100000E-03
   1.298447714800000E-05   5.862839747700000E-02   4.000000000000000E+00   4.000000000000000E+00   1.728580228900000E-03  -6.833550707800001E+01   8.680555361500000E+02   1.728743734700000E-03
   1.315147034600000E-05   5.900418549900000E-02   4.000000000000000E+00   4.000000000000000E+00   1.739660282300000E-03  -6.833548562999999E+01   8.680555361500000E+02   1.739824853500000E-03
   1.331953039100000E-05   5.937997285000000E-02   4.000000000000000E+00   4.000000000000000E+00   1.750740324400000E-03  -6.833546404400001E+01   8.680555361500000E+02   1.750905961300000E-03
   1.348865727500000E-05   5.974883206300000E-02   4.000000000000000E+00   4.000000000000000E+00   1.761851476700000E-03  -6.833544231200000E+01   8.680555361500000E+02   1.761876791400000E-03
   1.365885099600000E-05   6.012457386500000E-02   4.000000000000000E+00   4.000000000000000E+00   1.772931693100000E-03  -6.833542045199999E+01   8.680555361500000E+02   1.772957168300000E-03
   1.383011154500000E-05   6.050031497100000E-02   4.000000000000000E+00   4.000000000000000E+00   1.784011898100000E-03  -6.833539845599999E+01   8.680555361500000E+02   1.784037533800000E-03
   1.400243893000000E-05   6.087939756900000E-02   4.000000000000000E+00   4.000000000000000E+00   1.795214782600000E-03  -6.833537631900001E+01   8.680555361500000E+02   1.795214782600000E-03
   1.417583313600000E-05   6.125515804300000E-02   4.000000000000000E+00   4.000000000000000E+00   1.806295730200000E-03  -6.833535404900000E+01   8.680555361500000E+02   1.806295730200000E-03
   1.435029416100000E-05   6.163091781200000E-02   4.000000000000000E+00   4.000000000000000E+00   1.817376666200000E-03  -6.833533164200000E+01   8.680555361500000E+02   1.817376666200000E-03
   1.452582200000000E-05   6.200996645300000E-02   4.000000000000000E+00   4.000000000000000E+00   1.828370050900000E-03  -6.833530909600000E+01   8.680555361500000E+02   1.828465858700000E-03
   1.470241665100000E-05   6.238574497200000E-02   4.000000000000000E+00   4.000000000000000E+00   1.839450426300000E-03  -6.833528641500000E+01   8.680555361500000E+02   1.839546822700000E-03
   1.488007811600000E-05   6.276152277499999E-02   4.000000000000000E+00   4.000000000000000E+00   1.850530789800000E-03  -6.833526359699999E+01   8.680555361500000E+02   1.850627774900000E-03
   1.505880638000000E-05   6.313787478200000E-02   4.000000000000000E+00   4.000000000000000E+00   1.861488091900000E-03  -6.833524064500000E+01   8.680555361500000E+02   1.861722539500000E-03
   1.523860144000000E-05   6.351365466099999E-02   4.000000000000000E+00   4.000000000000000E+00   1.872567693200000E-03  -6.833521755300001E+01   8.680555361500000E+02   1.872803553700000E-03
   1.541946330000000E-05   6.388943381400000E-02   4.000000000000000E+00   4.000000000000000E+00   1.883647282300000E-03  -6.833519432400000E+01   8.680555361500000E+02   1.883884556000000E-03
   1.560139195400000E-05   6.426423591600000E-02   4.000000000000000E+00   4.000000000000000E+00   1.894885454400000E-03  -6.833517095300000E+01   8.680555361500000E+02   1.894955040300000E-03
   1.578438738500000E-05   6.464000774900000E-02   4.000000000000000E+00   4.000000000000000E+00   1.905965954500000E-03  -6.833514744999999E+01   8.680555361500000E+02   1.906035954300000E-03
   1.596844960700000E-05   6.501577883900000E-02   4.000000000000000E+00   4.000000000000000E+00   1.917046442300000E-03  -6.833512380900000E+01   8.680555361500000E+02   1.917116856200000E-03
   1.615357860500000E-05   6.539047949400000E-02   4.000000000000000E+00   4.000000000000000E+00   1.928208745700000E-03  -6.833510004000000E+01   8.680555361500000E+02   1.928208745700000E-03
   1.633977437700000E-05   6.576624284599999E-02   4.000000000000000E+00   4.000000000000000E+00   1.939289689300000E-03  -6.833507612500000E+01   8.680555361500000E+02   1.939289689300000E-03
   1.652703691600000E-05   6.614200544100000E-02   4.000000000000000E+00   4.000000000000000E+00   1.950370620700000E-03  -6.833505207400000E+01   8.680555361500000E+02   1.950370620700000E-03
   1.671536622200000E-05   6.651717839300000E-02   4.000000000000000E+00   4.000000000000000E+00   1.961448891100000E-03  -6.833502788100000E+01   8.680555361500000E+02   1.961448891100000E-03
   1.690476229000000E-05   6.689293609400000E-02   4.000000000000000E+00   4.000000000000000E+00   1.972529781500000E-03  -6.833500355500000E+01   8.680555361500000E+02   1.972529781500000E-03
   1.709522510700000E-05   6.726869302400000E-02   4.000000000000000E+00   4.000000000000000E+00   1.983610659400000E-03  -6.833497909300000E+01   8.680555361500000E+02   1.983610659400000E-03
   1.728675468500000E-05   6.764685021700000E-02   4.000000000000000E+00   4.000000000000000E+00   1.994665584800000E-03  -6.833495449000000E+01   8.680555361500000E+02   1.994682349600000E-03
   1.747935101000000E-05   6.802261916800000E-02   4.000000000000000E+00   4.000000000000000E+00   2.005746288600000E-03  -6.833492975400000E+01   8.680555361500000E+02   2.005763149100000E-03
   1.767301407500000E-05   6.839838734000001E-02   4.000000000000000E+00   4.000000000000000E+00   2.016826979600000E-03  -6.833490488100000E+01   8.680555361500000E+02   2.016843935700000E-03
   1.786774388400000E-05   6.877166709300001E-02   4.000000000000000E+00   4.000000000000000E+00   2.027888910600000E-03  -6.833487987500000E+01   8.680555361500000E+02   2.027891070600000E-03
   1.806354042000000E-05   6.914741985300001E-02   4.000000000000000E+00   4.000000000000000E+00   2.038969471100000E-03  -6.833485472800000E+01   8.680555361500000E+02   2.038971643200000E-03
   1.826040368400000E-05   6.952317181700000E-02   4.000000000000000E+00   4.000000000000000E+00   2.050050018600000E-03  -6.833482944300000E+01   8.680555361500000E+02   2.050052202700000E-03
   1.845833367500000E-05   6.990198229400001E-02   4.000000000000000E+00   4.000000000000000E+00   2.061114094700000E-03  -6.833480402000001E+01   8.680555361500000E+02   2.061179404200000E-03
   1.865733038600000E-05   7.027774951900000E-02   4.000000000000000E+00   4.000000000000000E+00   2.072194525800000E-03  -6.833477846100000E+01   8.680555361500000E+02   2.072260196500000E-03
   1.885739381300000E-05   7.065351594200001E-02   4.000000000000000E+00   4.000000000000000E+00   2.083274943600000E-03  -6.833475276599999E+01   8.680555361500000E+02   2.083340975700000E-03
   1.905852395100000E-05   7.102738939900000E-02   4.000000000000000E+00   4.000000000000000E+00   2.094224452600000E-03  -6.833472693200000E+01   8.680555361500000E+02   2.094398913700000E-03
   1.926072079600000E-05   7.140314386000000E-02   4.000000000000000E+00   4.000000000000000E+00   2.105304142400000E-03  -6.833470096300000E+01   8.680555361500000E+02   2.105479540000000E-03
   1.946398433900000E-05   7.177889749999999E-02   4.000000000000000E+00   4.000000000000000E+00   2.116383818600000E-03  -6.833467485700000E+01   8.680555361500000E+02   2.116560152900000E-03
   1.966831458300000E-05   7.215513005700000E-02   4.000000000000000E+00   4.000000000000000E+00   2.127528045000000E-03  -6.833464861600000E+01   8.680555361500000E+02   2.127640087800000E-03
   1.987371151300000E-05   7.253088459000000E-02   4.000000000000000E+00   4.000000000000000E+00   2.138608033600000E-03  -6.833462223600000E+01   8.680555361500000E+02   2.138720670000000E-03
   2.008017513200000E-05   7.290663829000001E-02   4.000000000000000E+00   4.000000000000000E+00   2.149688008400000E-03  -6.833459571900001E+01   8.680555361500000E+02   2.149801238600000E-03
   2.028770543400000E-05   7.328056908600000E-02   4.000000000000000E+00   4.000000000000000E+00   2.160758659100000E-03  -6.833456906200000E+01   8.680555361500000E+02   2.160841657800000E-03
   2.049630241800000E-05   7.365631160300000E-02   4.000000000000000E+00   4.000000000000000E+00   2.171838557700000E-03  -6.833454227100000E+01   8.680555361500000E+02   2.171921988300000E-03
   2.070596607000000E-05   7.403205327200001E-02   4.000000000000000E+00   4.000000000000000E+00   2.182918442300000E-03  -6.833451534300001E+01   8.680555361500000E+02   2.183002304800000E-03
   2.091669639300000E-05   7.441107617999999E-02   4.000000000000000E+00   4.000000000000000E+00   2.194070537700000E-03  -6.833448827700001E+01   8.680555361500000E+02   2.194146954700000E-03
   2.112849337000000E-05   7.478683314800000E-02   4.000000000000000E+00   4.000000000000000E+00   2.205150764100000E-03  -6.833446107499999E+01   8.680555361500000E+02   2.205227578500000E-03
   2.134135701600000E-05   7.516258926100000E-02   4.000000000000000E+00   4.000000000000000E+00   2.216230976300000E-03  -6.833443373599999E+01   8.680555361500000E+02   2.216308188300000E-03
   2.155528730400000E-05   7.553702910600001E-02   4.000000000000000E+00   4.000000000000000E+00   2.227207776200000E-03  -6.833440626100000E+01   8.680555361500000E+02   2.227376200700000E-03
   2.177028425000000E-05   7.591277669500000E-02   4.000000000000000E+00   4.000000000000000E+00   2.238287438100000E-03  -6.833437864800000E+01   8.680555361500000E+02   2.238456716000000E-03
   2.198634783600000E-05   7.628852341200000E-02   4.000000000000000E+00   4.000000000000000E+00   2.249367085500000E-03  -6.833435089800000E+01   8.680555361500000E+02   2.249537217000000E-03
   2.220347805800000E-05   7.666205087000000E-02   4.000000000000000E+00   4.000000000000000E+00   2.260618151100000E-03  -6.833432302900000E+01   8.680555361500000E+02   2.260618151100000E-03
   2.242167491200000E-05   7.703778475100000E-02   4.000000000000000E+00   4.000000000000000E+00   2.271698625600000E-03  -6.833429500500000E+01   8.680555361500000E+02   2.271698625600000E-03
   2.264093839200000E-05   7.741351774499999E-02   4.000000000000000E+00   4.000000000000000E+00   2.282779085700000E-03  -6.833426684500000E+01   8.680555361500000E+02   2.282779085700000E-03
   2.286126849800000E-05   7.779292245500000E-02   4.000000000000000E+00   4.000000000000000E+00   2.293632434300000E-03  -6.833423853200000E+01   8.680555361500000E+02   2.293874189100000E-03
   2.308266522100000E-05   7.816867194500000E-02   4.000000000000000E+00   4.000000000000000E+00   2.304711748600000E-03  -6.833421009700000E+01   8.680555361500000E+02   2.304954696300000E-03
   2.330512855600000E-05   7.854442054300000E-02   4.000000000000000E+00   4.000000000000000E+00   2.315791047900000E-03  -6.833418152500001E+01   8.680555361500000E+02   2.316035188900000E-03
   2.352865849200000E-05   7.891806703300000E-02   4.000000000000000E+00   4.000000000000000E+00   2.327069572400000E-03  -6.833415281500000E+01   8.680555361500000E+02   2.327093118500000E-03
   2.375325503500000E-05   7.929380341300001E-02   4.000000000000000E+00   4.000000000000000E+00   2.338149805400000E-03  -6.833412396999999E+01   8.680555361500000E+02   2.338173467100000E-03
   2.397891817400000E-05   7.966953888200000E-02   4.000000000000000E+00   4.000000000000000E+00   2.349230023500000E-03  -6.833409498700000E+01   8.680555361500000E+02   2.349253800800000E-03
   2.420564790700000E-05   8.004663891100000E-02   4.000000000000000E+00   4.000000000000000E+00   2.360304568600000E-03  -6.833406586600000E+01   8.680555361500000E+02   2.360343499100000E-03
   2.443344422200000E-05   8.042237913399999E-02   4.000000000000000E+00   4.000000000000000E+00   2.371384729200000E-03  -6.833403660899999E+01   8.680555361500000E+02   2.371423848700000E-03
   2.466230712000000E-05   8.079811843500000E-02   4.000000000000000E+00   4.000000000000000E+00   2.382464874600000E-03  -6.833400721600000E+01   8.680555361500000E+02   2.382504183200000E-03
   2.489223658900000E-05   8.116992376300000E-02   4.000000000000000E+00   4.000000000000000E+00   2.393450179100000E-03  -6.833397768600000E+01   8.680555361500000E+02   2.393515047400000E-03
   2.512323263500000E-05   8.154564259800000E-02   4.000000000000000E+00   4.000000000000000E+00   2.404529846200000E-03  -6.833394801900000E+01   8.680555361500000E+02   2.404595020300000E-03
   2.535529524100000E-05   8.192136049199999E-02   4.000000000000000E+00   4.000000000000000E+00   2.415609497800000E-03  -6.833391821399999E+01   8.680555361500000E+02   2.415674977700000E-03
   2.558842440700000E-05   8.229970592800000E-02   4.000000000000000E+00   4.000000000000000E+00   2.426829029800000E-03  -6.833388827400000E+01   8.680555361500000E+02   2.426829029800000E-03
   2.582262012600000E-05   8.267543416000001E-02   4.000000000000000E+00   4.000000000000000E+00   2.437909305400000E-03  -6.833385819599999E+01   8.680555361500000E+02   2.437909305400000E-03
   2.605788239800000E-05   8.305116144100000E-02   4.000000000000000E+00   4.000000000000000E+00   2.448989565300000E-03  -6.833382798100000E+01   8.680555361500000E+02   2.448989565300000E-03
   2.629421120400000E-05   8.342852605800000E-02   4.000000000000000E+00   4.000000000000000E+00   2.459758490300000E-03  -6.833379762800000E+01   8.680555361500000E+02   2.460067298500000E-03
   2.653160655000000E-05   8.380425904699999E-02   4.000000000000000E+00   4.000000000000000E+00   2.470837289500000E-03  -6.833376713900000E+01   8.680555361500000E+02   2.471147515300000E-03
   2.677006843400000E-05   8.417999107599999E-02   4.000000000000000E+00   4.000000000000000E+00   2.481916072600000E-03  -6.833373651300001E+01   8.680555361500000E+02   2.482227716300000E-03
   2.700959683600000E-05   8.455596657000000E-02   4.000000000000000E+00   4.000000000000000E+00   2.493300806100000E-03  -6.833370574800000E+01   8.680555361500000E+02   2.493320353400000E-03
   2.725019176100000E-05   8.493169781600000E-02   4.000000000000000E+00   4.000000000000000E+00   2.504380942200000E-03  -6.833367484800000E+01   8.680555361500000E+02   2.504400583100000E-03
   2.749185320300000E-05   8.530742808900001E-02   4.000000000000000E+00   4.000000000000000E+00   2.515461062400000E-03  -6.833364381100000E+01   8.680555361500000E+02   2.515480796900000E-03
   2.773458115100000E-05   8.568165166100000E-02   4.000000000000000E+00   4.000000000000000E+00   2.526407587800000E-03  -6.833361263600000E+01   8.680555361500000E+02   2.526541856000000E-03
   2.797837560500000E-05   8.605737310600001E-02   4.000000000000000E+00   4.000000000000000E+00   2.537487074700000E-03  -6.833358132500000E+01   8.680555361500000E+02   2.537621947100000E-03
   2.822323655600000E-05   8.643309356400000E-02   4.000000000000000E+00   4.000000000000000E+00   2.548566545300000E-03  -6.833354987700000E+01   8.680555361500000E+02   2.548702022100000E-03
   2.846916400000000E-05   8.681020877700001E-02   4.000000000000000E+00   4.000000000000000E+00   2.559606911400000E-03  -6.833351829300000E+01   8.680555361500000E+02   2.559795630200000E-03
   2.871615793000000E-05   8.718593352400000E-02   4.000000000000000E+00   4.000000000000000E+00   2.570686176800000E-03  -6.833348657200000E+01   8.680555361500000E+02   2.570875735000000E-03
   2.896421833900000E-05   8.756165727400000E-02   4.000000000000000E+00   4.000000000000000E+00   2.581765425600000E-03  -6.833345471299999E+01   8.680555361500000E+02   2.581955823400000E-03
   2.921334522400000E-05   8.793013701600000E-02   4.000000000000000E+00   4.000000000000000E+00   2.592982586500000E-03  -6.833342271799999E+01   8.680555361500000E+02   2.592982586500000E-03
   2.946353857900000E-05   8.830582706600000E-02   4.000000000000000E+00   4.000000000000000E+00   2.604062403900000E-03  -6.833339058599999E+01   8.680555361500000E+02   2.604062403900000E-03
   2.971479839600000E-05   8.868151609500000E-02   4.000000000000000E+00   4.000000000000000E+00   2.615142204600000E-03  -6.833335831600000E+01   8.680555361500000E+02   2.615142204600000E-03
   2.996712467100000E-05   8.905976319500000E-02   4.000000000000000E+00   4.000000000000000E+00   2.626116639900000E-03  -6.833332590800001E+01   8.680555361500000E+02   2.626164601100000E-03
   3.022051739700000E-05   8.943546114800000E-02   4.000000000000000E+00   4.000000000000000E+00   2.637195952100000E-03  -6.833329336500000E+01   8.680555361500000E+02   2.637244119800000E-03
   3.047497656800000E-05   8.981115806900000E-02   4.000000000000000E+00   4.000000000000000E+00   2.648275247300000E-03  -6.833326068500000E+01   8.680555361500000E+02   2.648323621500000E-03
   3.073050217700000E-05   9.019216663800000E-02   4.000000000000000E+00   4.000000000000000E+00   2.659348399900000E-03  -6.833322787700000E+01   8.680555361500000E+02   2.659523039200000E-03
   3.098709422400000E-05   9.056788447899999E-02   4.000000000000000E+00   4.000000000000000E+00   2.670427634800000E-03  -6.833319492299999E+01   8.680555361500000E+02   2.670603030400000E-03
   3.124475269600000E-05   9.094360128700001E-02   4.000000000000000E+00   4.000000000000000E+00   2.681506852300000E-03  -6.833316183200000E+01   8.680555361500000E+02   2.681683004600000E-03
   3.150347758800000E-05   9.130912778500000E-02   4.000000000000000E+00   4.000000000000000E+00   2.692677594300000E-03  -6.833312859500001E+01   8.680555361500000E+02   2.692677594300000E-03
   3.176326889800000E-05   9.168479937900000E-02   4.000000000000000E+00   4.000000000000000E+00   2.703757162500000E-03  -6.833309523000000E+01   8.680555361500000E+02   2.703757162500000E-03
   3.202412662000000E-05   9.206046991100000E-02   4.000000000000000E+00   4.000000000000000E+00   2.714836713300000E-03  -6.833306172899999E+01   8.680555361500000E+02   2.714836713300000E-03
   3.228605074000000E-05   9.243839004700000E-02   4.000000000000000E+00   4.000000000000000E+00   2.725857012100000E-03  -6.833302809000000E+01   8.680555361500000E+02   2.725857012100000E-03
   3.254904126000000E-05   9.281406773299999E-02   4.000000000000000E+00   4.000000000000000E+00   2.736936281100000E-03  -6.833299431400000E+01   8.680555361500000E+02   2.736936281100000E-03
   3.281309817300000E-05   9.318974434600000E-02   4.000000000000000E+00   4.000000000000000E+00   2.748015532600000E-03  -6.833296040099999E+01   8.680555361500000E+02   2.748015532600000E-03
   3.307822146800000E-05   9.357328364100000E-02   4.000000000000000E+00   4.000000000000000E+00   2.759144387200000E-03  -6.833292635200000E+01   8.680555361500000E+02   2.759235948600000E-03
   3.334441114300000E-05   9.394899056700000E-02   4.000000000000000E+00   4.000000000000000E+00   2.770223807300000E-03  -6.833289216500000E+01   8.680555361500000E+02   2.770315752700000E-03
   3.361166719400000E-05   9.432469641800000E-02   4.000000000000000E+00   4.000000000000000E+00   2.781303209600000E-03  -6.833285784200000E+01   8.680555361500000E+02   2.781395539100000E-03
   3.387998960500000E-05   9.469624219400000E-02   4.000000000000000E+00   4.000000000000000E+00   2.792475459800000E-03  -6.833282339300000E+01   8.680555361500000E+02   2.792475459800000E-03
   3.414937837700000E-05   9.507192876499999E-02   4.000000000000000E+00   4.000000000000000E+00   2.803555211500000E-03  -6.833278879600000E+01   8.680555361500000E+02   2.803555211500000E-03
   3.441983350500000E-05   9.544761424100000E-02   4.000000000000000E+00   4.000000000000000E+00   2.814634945300000E-03  -6.833275406200001E+01   8.680555361500000E+02   2.814634945300000E-03
   3.469135497900000E-05   9.582448552000000E-02   4.000000000000000E+00   4.000000000000000E+00   2.825531763000000E-03  -6.833271917899999E+01   8.680555361500000E+02   2.825636614900000E-03
   3.496394279300000E-05   9.620017356700000E-02   4.000000000000000E+00   4.000000000000000E+00   2.836610718200000E-03  -6.833268417100000E+01   8.680555361500000E+02   2.836715991600000E-03
   3.523759694700000E-05   9.657586050800000E-02   4.000000000000000E+00   4.000000000000000E+00   2.847689655000000E-03  -6.833264902600000E+01   8.680555361500000E+02   2.847795350100000E-03
   3.551231742600000E-05   9.695492440800001E-02   4.000000000000000E+00   4.000000000000000E+00   2.858921351600000E-03  -6.833261374900000E+01   8.680555361500000E+02   2.858960123000000E-03
   3.578810422700000E-05   9.733062299100000E-02   4.000000000000000E+00   4.000000000000000E+00   2.870000861300000E-03  -6.833257833099999E+01   8.680555361500000E+02   2.870039796200000E-03
   3.606495734500000E-05   9.770632046300000E-02   4.000000000000000E+00   4.000000000000000E+00   2.881080352700000E-03  -6.833254277499999E+01   8.680555361500000E+02   2.881119451200000E-03
   3.634287676700000E-05   9.807331155800000E-02   4.000000000000000E+00   4.000000000000000E+00   2.892126180500000E-03  -6.833250708600001E+01   8.680555361500000E+02   2.892126180500000E-03
   3.662186249800000E-05   9.844897219500000E-02   4.000000000000000E+00   4.000000000000000E+00   2.903205500700000E-03  -6.833247125600001E+01   8.680555361500000E+02   2.903205500700000E-03
   3.690191452200000E-05   9.882463169500000E-02   4.000000000000000E+00   4.000000000000000E+00   2.914284802300000E-03  -6.833243529000001E+01   8.680555361500000E+02   2.914284802300000E-03
   3.718303283600000E-05   9.920852136900001E-02   4.000000000000000E+00   4.000000000000000E+00   2.925180078800000E-03  -6.833239918000000E+01   8.680555361500000E+02   2.925427806300000E-03
   3.746521743600000E-05   9.958421068700000E-02   4.000000000000000E+00   4.000000000000000E+00   2.936258628000000E-03  -6.833236294000000E+01   8.680555361500000E+02   2.936507324700000E-03
   3.774846830600000E-05   9.995989886600000E-02   4.000000000000000E+00   4.000000000000000E+00   2.947337158200000E-03  -6.833232656300000E+01   8.680555361500000E+02   2.947586824500000E-03
   3.803278544600000E-05   1.003212384900000E-01   4.000000000000000E+00   4.000000000000000E+00   2.958668845700000E-03  -6.833229015400001E+01   8.680555361500000E+02   2.958668845700000E-03
   3.831816885400000E-05   1.006968693100000E-01   4.000000000000000E+00   4.000000000000000E+00   2.969748332300000E-03  -6.833225350399999E+01   8.680555361500000E+02   2.969748332300000E-03
   3.860461851900000E-05   1.010724989700000E-01   4.000000000000000E+00   4.000000000000000E+00   2.980827800200000E-03  -6.833221671699999E+01   8.680555361500000E+02   2.980827800200000E-03
   3.889213443100000E-05   1.014631196200000E-01   4.000000000000000E+00   4.000000000000000E+00   2.991786957000000E-03  -6.833217970900000E+01   8.680555361500000E+02   2.991907084400000E-03
   3.918071658700000E-05   1.018388040000000E-01   4.000000000000000E+00   4.000000000000000E+00   3.002865906400000E-03  -6.833214264800000E+01   8.680555361500000E+02   3.002986499700000E-03
   3.947036497600000E-05   1.022144872100000E-01   4.000000000000000E+00   4.000000000000000E+00   3.013944836400000E-03  -6.833210544900000E+01   8.680555361500000E+02   3.014065895900000E-03
   3.976107960000000E-05   1.025872739500000E-01   4.000000000000000E+00   4.000000000000000E+00   3.025102032700000E-03  -6.833206809300000E+01   8.680555361500000E+02   3.025111198200000E-03
   4.005286044600000E-05   1.029629436000000E-01   4.000000000000000E+00   4.000000000000000E+00   3.036181221200000E-03  -6.833203062100000E+01   8.680555361500000E+02   3.036190422000000E-03
   4.034570750500000E-05   1.033386120600000E-01   4.000000000000000E+00   4.000000000000000E+00   3.047260390300000E-03  -6.833199301200000E+01   8.680555361500000E+02   3.047269626400000E-03
   4.063962077000000E-05   1.037166085000000E-01   4.000000000000000E+00   4.000000000000000E+00   3.058306075300000E-03  -6.833195526300000E+01   8.680555361500000E+02   3.058380354900000E-03
   4.093460024500000E-05   1.040922834200000E-01   4.000000000000000E+00   4.000000000000000E+00   3.069385078800000E-03  -6.833191737999999E+01   8.680555361500000E+02   3.069459642700000E-03
   4.123064591100000E-05   1.044679571600000E-01   4.000000000000000E+00   4.000000000000000E+00   3.080464062700000E-03  -6.833187936100001E+01   8.680555361500000E+02   3.080538910900000E-03
   4.152775776600000E-05   1.048328741200000E-01   4.000000000000000E+00   4.000000000000000E+00   3.091528186600000E-03  -6.833184121600000E+01   8.680555361500000E+02   3.091528186600000E-03
   4.182593580600000E-05   1.052085057500000E-01   4.000000000000000E+00   4.000000000000000E+00   3.102607075700000E-03  -6.833180292199999E+01   8.680555361500000E+02   3.102607075700000E-03
   4.212518001400000E-05   1.055841361600000E-01   4.000000000000000E+00   4.000000000000000E+00   3.113685944800000E-03  -6.833176449200000E+01   8.680555361500000E+02   3.113685944800000E-03
   4.242549039500000E-05   1.059679054500000E-01   4.000000000000000E+00   4.000000000000000E+00   3.124530386800000E-03  -6.833172591300000E+01   8.680555361500000E+02   3.124785866600000E-03
   4.272686693100000E-05   1.063435629900000E-01   4.000000000000000E+00   4.000000000000000E+00   3.135608460600000E-03  -6.833168720899999E+01   8.680555361500000E+02   3.135864773300000E-03
   4.302930962800000E-05   1.067192193200000E-01   4.000000000000000E+00   4.000000000000000E+00   3.146686515100000E-03  -6.833164836800000E+01   8.680555361500000E+02   3.146943659800000E-03
   4.333281846400000E-05   1.070902760800000E-01   4.000000000000000E+00   4.000000000000000E+00   3.157883393400000E-03  -6.833160941800000E+01   8.680555361500000E+02   3.157906015500000E-03
   4.363739344500000E-05   1.074659133500000E-01   4.000000000000000E+00   4.000000000000000E+00   3.168961735600000E-03  -6.833157030400000E+01   8.680555361500000E+02   3.168984439200000E-03
   4.394303455600000E-05   1.078415493700000E-01   4.000000000000000E+00   4.000000000000000E+00   3.180040057400000E-03  -6.833153105200000E+01   8.680555361500000E+02   3.180062842400000E-03
   4.424974179100000E-05   1.082224833600000E-01   4.000000000000000E+00   4.000000000000000E+00   3.191256368900000E-03  -6.833149163600000E+01   8.680555361500000E+02   3.191270108800000E-03
   4.455751514700000E-05   1.085981358500000E-01   4.000000000000000E+00   4.000000000000000E+00   3.202335144200000E-03  -6.833145211000000E+01   8.680555361500000E+02   3.202348933900000E-03
   4.486635460700000E-05   1.089737870900000E-01   4.000000000000000E+00   4.000000000000000E+00   3.213413899000000E-03  -6.833141244799999E+01   8.680555361500000E+02   3.213427738600000E-03
   4.517626017700000E-05   1.093492261600000E-01   4.000000000000000E+00   4.000000000000000E+00   3.224579150100000E-03  -6.833137266400000E+01   8.680555361500000E+02   3.224579150100000E-03
   4.548723184300000E-05   1.097248741400000E-01   4.000000000000000E+00   4.000000000000000E+00   3.235658184600000E-03  -6.833133272800001E+01   8.680555361500000E+02   3.235658184600000E-03
   4.579926959800000E-05   1.101005208500000E-01   4.000000000000000E+00   4.000000000000000E+00   3.246737198600000E-03  -6.833129265600000E+01   8.680555361500000E+02   3.246737198600000E-03
   4.611237343200000E-05   1.104791973500000E-01   4.000000000000000E+00   4.000000000000000E+00   3.257359772200000E-03  -6.833125243100000E+01   8.680555361500000E+02   3.257812116500000E-03
   4.642654334600000E-05   1.108548525300000E-01   4.000000000000000E+00   4.000000000000000E+00   3.268437134400000E-03  -6.833121208500000E+01   8.680555361500000E+02   3.268891071500000E-03
   4.674177932000000E-05   1.112305064500000E-01   4.000000000000000E+00   4.000000000000000E+00   3.279514475300000E-03  -6.833117160099999E+01   8.680555361500000E+02   3.279970005800000E-03
   4.705808136100000E-05   1.115928303000000E-01   4.000000000000000E+00   4.000000000000000E+00   3.290809375600000E-03  -6.833113101600000E+01   8.680555361500000E+02   3.290826718900000E-03
   4.737544944800000E-05   1.119684351500000E-01   4.000000000000000E+00   4.000000000000000E+00   3.301887422900000E-03  -6.833109025900001E+01   8.680555361500000E+02   3.301904826300000E-03
   4.769388358100000E-05   1.123440386900000E-01   4.000000000000000E+00   4.000000000000000E+00   3.312965449000000E-03  -6.833104936500000E+01   8.680555361500000E+02   3.312982912400000E-03
   4.801338375100000E-05   1.127257532600000E-01   4.000000000000000E+00   4.000000000000000E+00   3.323876588400000E-03  -6.833100839900000E+01   8.680555361500000E+02   3.324118660600000E-03
   4.833394995200000E-05   1.131013750500000E-01   4.000000000000000E+00   4.000000000000000E+00   3.334954001800000E-03  -6.833096723200001E+01   8.680555361500000E+02   3.335196901900000E-03
   4.865558217700000E-05   1.134769955400000E-01   4.000000000000000E+00   4.000000000000000E+00   3.346031393500000E-03  -6.833092592800000E+01   8.680555361500000E+02   3.346275121700000E-03
   4.897828041900000E-05   1.138463122900000E-01   4.000000000000000E+00   4.000000000000000E+00   3.357201625600000E-03  -6.833088445999999E+01   8.680555361500000E+02   3.357212013300000E-03
   4.930204467000000E-05   1.142219088600000E-01   4.000000000000000E+00   4.000000000000000E+00   3.368279287200000E-03  -6.833084288200000E+01   8.680555361500000E+02   3.368289710000000E-03
   4.962687491500000E-05   1.145975041100000E-01   4.000000000000000E+00   4.000000000000000E+00   3.379356927000000E-03  -6.833080116700000E+01   8.680555361500000E+02   3.379367384900000E-03
   4.995277115300000E-05   1.149825278800000E-01   4.000000000000000E+00   4.000000000000000E+00   3.390264696400000E-03  -6.833075926600000E+01   8.680555361500000E+02   3.390631254000000E-03
   5.027973337500000E-05   1.153581521200000E-01   4.000000000000000E+00   4.000000000000000E+00   3.401341859100000E-03  -6.833071727700001E+01   8.680555361500000E+02   3.401709512500000E-03
   5.060776157800000E-05   1.157337750300000E-01   4.000000000000000E+00   4.000000000000000E+00   3.412419000800000E-03  -6.833067515200000E+01   8.680555361500000E+02   3.412787749100000E-03
   5.093685574800000E-05   1.161054137200000E-01   4.000000000000000E+00   4.000000000000000E+00   3.423841557300000E-03  -6.833063288800000E+01   8.680555361500000E+02   3.423841557300000E-03
   5.126701588100000E-05   1.164810206600000E-01   4.000000000000000E+00   4.000000000000000E+00   3.434919667800000E-03  -6.833059048900000E+01   8.680555361500000E+02   3.434919667800000E-03
   5.159824197100000E-05   1.168566262500000E-01   4.000000000000000E+00   4.000000000000000E+00   3.445997756300000E-03  -6.833054795300001E+01   8.680555361500000E+02   3.445997756300000E-03
   5.193053400300000E-05   1.172404844100000E-01   4.000000000000000E+00   4.000000000000000E+00   3.456980379900000E-03  -6.833050525700000E+01   8.680555361500000E+02   3.457227127200000E-03
   5.226389197200000E-05   1.176161149800000E-01   4.000000000000000E+00   4.000000000000000E+00   3.468058107700000E-03  -6.833046244700000E+01   8.680555361500000E+02   3.468305686300000E-03
   5.259831587400000E-05   1.179917442000000E-01   4.000000000000000E+00   4.000000000000000E+00   3.479135813000000E-03  -6.833041950099999E+01   8.680555361500000E+02   3.479384223400000E-03
   5.293380570100000E-05   1.183607351900000E-01   4.000000000000000E+00   4.000000000000000E+00   3.490236051600000E-03  -6.833037641999999E+01   8.680555361500000E+02   3.490352679900000E-03
   5.327036144300000E-05   1.187363395500000E-01   4.000000000000000E+00   4.000000000000000E+00   3.501313785700000E-03  -6.833033319899999E+01   8.680555361500000E+02   3.501430798100000E-03
   5.360798309200000E-05   1.191119425500000E-01   4.000000000000000E+00   4.000000000000000E+00   3.512391497100000E-03  -6.833028984200000E+01   8.680555361500000E+02   3.512508893800000E-03
   5.394667064200000E-05   1.194863202700000E-01   4.000000000000000E+00   4.000000000000000E+00   3.523596006100000E-03  -6.833024634500001E+01   8.680555361500000E+02   3.523596006100000E-03
   5.428642407900000E-05   1.198619165400000E-01   4.000000000000000E+00   4.000000000000000E+00   3.534674086300000E-03  -6.833020271500000E+01   8.680555361500000E+02   3.534674086300000E-03
   5.462724340200000E-05   1.202375114300000E-01   4.000000000000000E+00   4.000000000000000E+00   3.545752143800000E-03  -6.833015894700000E+01   8.680555361500000E+02   3.545752143800000E-03
   5.496912860000000E-05   1.206118570000000E-01   4.000000000000000E+00   4.000000000000000E+00   3.556642308000000E-03  -6.833011504900000E+01   8.680555361500000E+02   3.556710174400000E-03
   5.531207966500000E-05   1.209874451100000E-01   4.000000000000000E+00   4.000000000000000E+00   3.567719712900000E-03  -6.833007100800000E+01   8.680555361500000E+02   3.567787797500000E-03
   5.565609659600000E-05   1.213630318200000E-01   4.000000000000000E+00   4.000000000000000E+00   3.578797094800000E-03  -6.833002682999999E+01   8.680555361500000E+02   3.578865397500000E-03
   5.600117936700000E-05   1.217447714700000E-01   4.000000000000000E+00   4.000000000000000E+00   3.590176840600000E-03  -6.832998252900001E+01   8.680555361500000E+02   3.590176840600000E-03
   5.634732798900000E-05   1.221203750600000E-01   4.000000000000000E+00   4.000000000000000E+00   3.601255165300000E-03  -6.832993807800000E+01   8.680555361500000E+02   3.601255165300000E-03
   5.669454244800000E-05   1.224959772400000E-01   4.000000000000000E+00   4.000000000000000E+00   3.612333467200000E-03  -6.832989348900000E+01   8.680555361500000E+02   3.612333467200000E-03
   5.704282273000000E-05   1.228647022600000E-01   4.000000000000000E+00   4.000000000000000E+00   3.623159030600000E-03  -6.832984874100001E+01   8.680555361500000E+02   3.623170162100000E-03
   5.739216883100000E-05   1.232402798300000E-01   4.000000000000000E+00   4.000000000000000E+00   3.634236461900000E-03  -6.832980387800001E+01   8.680555361500000E+02   3.634247628600000E-03
   5.774258074500000E-05   1.236158559800000E-01   4.000000000000000E+00   4.000000000000000E+00   3.645313869700000E-03  -6.832975887900000E+01   8.680555361500000E+02   3.645325071600000E-03
   5.809405845800000E-05   1.239978067000000E-01   4.000000000000000E+00   4.000000000000000E+00   3.656400345600000E-03  -6.832971374700000E+01   8.680555361500000E+02   3.656542658300000E-03
   5.844660197000000E-05   1.243734000100000E-01   4.000000000000000E+00   4.000000000000000E+00   3.667477734600000E-03  -6.832966847500001E+01   8.680555361500000E+02   3.667620497000000E-03
   5.880021126800000E-05   1.247489918800000E-01   4.000000000000000E+00   4.000000000000000E+00   3.678555100000000E-03  -6.832962306500001E+01   8.680555361500000E+02   3.678698312300000E-03
   5.915488634800000E-05   1.251228861100000E-01   4.000000000000000E+00   4.000000000000000E+00   3.689639614600000E-03  -6.832957752199999E+01   8.680555361500000E+02   3.689724879600000E-03
   5.951062719500000E-05   1.254984697900000E-01   4.000000000000000E+00   4.000000000000000E+00   3.700716954600000E-03  -6.832953183900000E+01   8.680555361500000E+02   3.700802486000000E-03
   5.986743379800000E-05   1.258740520300000E-01   4.000000000000000E+00   4.000000000000000E+00   3.711794270600000E-03  -6.832948601900000E+01   8.680555361500000E+02   3.711880068500000E-03
   6.022530615700000E-05   1.262530253800000E-01   4.000000000000000E+00   4.000000000000000E+00   3.723010989400000E-03  -6.832944005900001E+01   8.680555361500000E+02   3.723049990800000E-03
   6.058424426300000E-05   1.266286153000000E-01   4.000000000000000E+00   4.000000000000000E+00   3.734088691000000E-03  -6.832939396499999E+01   8.680555361500000E+02   3.734127815900000E-03
   6.094424811200000E-05   1.270042037800000E-01   4.000000000000000E+00   4.000000000000000E+00   3.745166368600000E-03  -6.832934773500000E+01   8.680555361500000E+02   3.745205617000000E-03
   6.130531767800000E-05   1.273780324100000E-01   4.000000000000000E+00   4.000000000000000E+00   3.756272297200000E-03  -6.832930139299999E+01   8.680555361500000E+02   3.756272297200000E-03
   6.166745297100000E-05   1.277536124900000E-01   4.000000000000000E+00   4.000000000000000E+00   3.767350015200000E-03  -6.832925488900000E+01   8.680555361500000E+02   3.767350015200000E-03
   6.203065397099999E-05   1.281291911000000E-01   4.000000000000000E+00   4.000000000000000E+00   3.778427709200000E-03  -6.832920824900000E+01   8.680555361500000E+02   3.778427709200000E-03
   6.239492067400000E-05   1.285087357600000E-01   4.000000000000000E+00   4.000000000000000E+00   3.789366107800000E-03  -6.832916144399999E+01   8.680555361500000E+02   3.789561720400000E-03
   6.276025306900000E-05   1.288843238700000E-01   4.000000000000000E+00   4.000000000000000E+00   3.800443325000000E-03  -6.832911453000000E+01   8.680555361500000E+02   3.800639545500000E-03
   6.312665115100000E-05   1.292599105000000E-01   4.000000000000000E+00   4.000000000000000E+00   3.811520517800000E-03  -6.832906747900000E+01   8.680555361500000E+02   3.811717346200000E-03
   6.349411491300000E-05   1.296267912200000E-01   4.000000000000000E+00   4.000000000000000E+00   3.822584889800000E-03  -6.832902030299999E+01   8.680555361500000E+02   3.822655316300000E-03
   6.386264434000000E-05   1.300023482200000E-01   4.000000000000000E+00   4.000000000000000E+00   3.833661994600000E-03  -6.832897297900000E+01   8.680555361500000E+02   3.833732634300000E-03
   6.423223943000000E-05   1.303779037300000E-01   4.000000000000000E+00   4.000000000000000E+00   3.844739074600000E-03  -6.832892551700000E+01   8.680555361500000E+02   3.844809927600000E-03
   6.460290016700000E-05   1.307509135000000E-01   4.000000000000000E+00   4.000000000000000E+00   3.855964670700000E-03  -6.832887793000000E+01   8.680555361500000E+02   3.855964670700000E-03
   6.497462655000000E-05   1.311264584300000E-01   4.000000000000000E+00   4.000000000000000E+00   3.867042149800000E-03  -6.832883019600000E+01   8.680555361500000E+02   3.867042149800000E-03
   6.534741857400000E-05   1.315020018500000E-01   4.000000000000000E+00   4.000000000000000E+00   3.878119604200000E-03  -6.832878232400000E+01   8.680555361500000E+02   3.878119604200000E-03
   6.572127621100000E-05   1.318794888600000E-01   4.000000000000000E+00   4.000000000000000E+00   3.889125694100000E-03  -6.832873430500000E+01   8.680555361500000E+02   3.889125694100000E-03
   6.609619947400001E-05   1.322550349600000E-01   4.000000000000000E+00   4.000000000000000E+00   3.900202883400000E-03  -6.832868616000000E+01   8.680555361500000E+02   3.900202883400000E-03
   6.647218833800000E-05   1.326305795400000E-01   4.000000000000000E+00   4.000000000000000E+00   3.911280047500000E-03  -6.832863787799999E+01   8.680555361500000E+02   3.911280047500000E-03
   6.684924280100001E-05   1.330110912700000E-01   4.000000000000000E+00   4.000000000000000E+00   3.922443588700000E-03  -6.832858946899999E+01   8.680555361500000E+02   3.922443588700000E-03
   6.722736285500001E-05   1.333866474000000E-01   4.000000000000000E+00   4.000000000000000E+00   3.933520961700000E-03  -6.832854091400000E+01   8.680555361500000E+02   3.933520961700000E-03
   6.760654849600001E-05   1.337622020000000E-01   4.000000000000000E+00   4.000000000000000E+00   3.944598309600000E-03  -6.832849222100000E+01   8.680555361500000E+02   3.944598309600000E-03
   6.798679970800000E-05   1.341356893000000E-01   4.000000000000000E+00   4.000000000000000E+00   3.955723446700000E-03  -6.832844340600001E+01   8.680555361500000E+02   3.955723446700000E-03
   6.836811647599999E-05   1.345112347600000E-01   4.000000000000000E+00   4.000000000000000E+00   3.966800891100000E-03  -6.832839444100000E+01   8.680555361500000E+02   3.966800891100000E-03
   6.875049880200001E-05   1.348867786600000E-01   4.000000000000000E+00   4.000000000000000E+00   3.977878310200000E-03  -6.832834533800001E+01   8.680555361500000E+02   3.977878310200000E-03
   6.913394667900001E-05   1.352621185000000E-01   4.000000000000000E+00   4.000000000000000E+00   3.988894534300000E-03  -6.832829610400000E+01   8.680555361500000E+02   3.988894534300000E-03
   6.951846009100000E-05   1.356376587000000E-01   4.000000000000000E+00   4.000000000000000E+00   3.999971716500000E-03  -6.832824672800000E+01   8.680555361500000E+02   3.999971716500000E-03
   6.990403902700000E-05   1.360131973400000E-01   4.000000000000000E+00   4.000000000000000E+00   4.011048873000000E-03  -6.832819721500000E+01   8.680555361500000E+02   4.011048873000000E-03
   7.029068348199999E-05   1.363924922600000E-01   4.000000000000000E+00   4.000000000000000E+00   4.021965408500000E-03  -6.832814757500000E+01   8.680555361500000E+02   4.022122167800000E-03
   7.067839344800000E-05   1.367680386400000E-01   4.000000000000000E+00   4.000000000000000E+00   4.033042046400000E-03  -6.832809778900000E+01   8.680555361500000E+02   4.033199261400000E-03
   7.106716891500000E-05   1.371435834600000E-01   4.000000000000000E+00   4.000000000000000E+00   4.044118658200000E-03  -6.832804786600001E+01   8.680555361500000E+02   4.044276329200000E-03
   7.145700986800000E-05   1.375182724800000E-01   4.000000000000000E+00   4.000000000000000E+00   4.055446062200000E-03  -6.832799777300001E+01   8.680555361500000E+02   4.055446062200000E-03
   7.184791631100000E-05   1.378938116700000E-01   4.000000000000000E+00   4.000000000000000E+00   4.066523368100000E-03  -6.832794757600000E+01   8.680555361500000E+02   4.066523368100000E-03
   7.223988822700000E-05   1.382693492600000E-01   4.000000000000000E+00   4.000000000000000E+00   4.077600648300000E-03  -6.832789724300000E+01   8.680555361500000E+02   4.077600648300000E-03
   7.263292561000000E-05   1.386467765600000E-01   4.000000000000000E+00   4.000000000000000E+00   4.088657270500000E-03  -6.832784676199999E+01   8.680555361500000E+02   4.088657270500000E-03
   7.302702844399999E-05   1.390223164300000E-01   4.000000000000000E+00   4.000000000000000E+00   4.099734426000000E-03  -6.832779615600001E+01   8.680555361500000E+02   4.099734426000000E-03
   7.342219672499999E-05   1.393978547100000E-01   4.000000000000000E+00   4.000000000000000E+00   4.110811555200000E-03  -6.832774541200000E+01   8.680555361500000E+02   4.110811555200000E-03
   7.381843043600000E-05   1.397750195800000E-01   4.000000000000000E+00   4.000000000000000E+00   4.121718992700000E-03  -6.832769453000000E+01   8.680555361500000E+02   4.121884948000000E-03
   7.421572958200000E-05   1.401505594200000E-01   4.000000000000000E+00   4.000000000000000E+00   4.132795576300000E-03  -6.832764351300000E+01   8.680555361500000E+02   4.132962013200000E-03
   7.461409414700000E-05   1.405260976500000E-01   4.000000000000000E+00   4.000000000000000E+00   4.143872133300000E-03  -6.832759235899999E+01   8.680555361500000E+02   4.144039052200000E-03
   7.501352410600000E-05   1.408980709900000E-01   4.000000000000000E+00   4.000000000000000E+00   4.155115999900000E-03  -6.832754110000000E+01   8.680555361500000E+02   4.155115999900000E-03
   7.541401948100000E-05   1.412735957500000E-01   4.000000000000000E+00   4.000000000000000E+00   4.166192985700000E-03  -6.832748967400001E+01   8.680555361500000E+02   4.166192985700000E-03
   7.581558024500000E-05   1.416491188800000E-01   4.000000000000000E+00   4.000000000000000E+00   4.177269944900000E-03  -6.832743811000000E+01   8.680555361500000E+02   4.177269944900000E-03
   7.621820638700000E-05   1.420285271600000E-01   4.000000000000000E+00   4.000000000000000E+00   4.188186732100000E-03  -6.832738639199999E+01   8.680555361500000E+02   4.188347757500000E-03
   7.662189789699999E-05   1.424040581700000E-01   4.000000000000000E+00   4.000000000000000E+00   4.199263179000000E-03  -6.832733455499999E+01   8.680555361500000E+02   4.199424666100000E-03
   7.702665476600000E-05   1.427795875400000E-01   4.000000000000000E+00   4.000000000000000E+00   4.210339598800000E-03  -6.832728258100001E+01   8.680555361500000E+02   4.210501548000000E-03
   7.743247699700000E-05   1.431432894700000E-01   4.000000000000000E+00   4.000000000000000E+00   4.221594528100000E-03  -6.832723058000001E+01   8.680555361500000E+02   4.221594528100000E-03
   7.783936456500000E-05   1.435187826700000E-01   4.000000000000000E+00   4.000000000000000E+00   4.232671431300000E-03  -6.832717833300001E+01   8.680555361500000E+02   4.232671431300000E-03
   7.824731746700001E-05   1.438942742200000E-01   4.000000000000000E+00   4.000000000000000E+00   4.243748307900000E-03  -6.832712594900001E+01   8.680555361500000E+02   4.243748307900000E-03
   7.865633568799999E-05   1.442798490300000E-01   4.000000000000000E+00   4.000000000000000E+00   4.254612615800000E-03  -6.832707330200000E+01   8.680555361500000E+02   4.254774440900000E-03
   7.906641923100000E-05   1.446553649000000E-01   4.000000000000000E+00   4.000000000000000E+00   4.265688810200000E-03  -6.832702064500000E+01   8.680555361500000E+02   4.265851086900000E-03
   7.947756808100000E-05   1.450308791200000E-01   4.000000000000000E+00   4.000000000000000E+00   4.276764977000000E-03  -6.832696785000000E+01   8.680555361500000E+02   4.276927705600000E-03
   7.988978222200000E-05   1.453954040200000E-01   4.000000000000000E+00   4.000000000000000E+00   4.287771961400000E-03  -6.832691491700000E+01   8.680555361500000E+02   4.287785370300000E-03
   8.030306165300000E-05   1.457708850100000E-01   4.000000000000000E+00   4.000000000000000E+00   4.298847885000000E-03  -6.832686184900000E+01   8.680555361500000E+02   4.298861330300000E-03
   8.071740634900000E-05   1.461463643100000E-01   4.000000000000000E+00   4.000000000000000E+00   4.309923780900000E-03  -6.832680864500000E+01   8.680555361500000E+02   4.309937262500000E-03
   8.113281631999999E-05   1.465250228400000E-01   4.000000000000000E+00   4.000000000000000E+00   4.320735234900000E-03  -6.832675533200000E+01   8.680555361500000E+02   4.321048774200000E-03
   8.154929154400000E-05   1.469005072600000E-01   4.000000000000000E+00   4.000000000000000E+00   4.331810369100000E-03  -6.832670185400001E+01   8.680555361500000E+02   4.332124746600000E-03
   8.196683201499999E-05   1.472759899700000E-01   4.000000000000000E+00   4.000000000000000E+00   4.342885475100000E-03  -6.832664824000000E+01   8.680555361500000E+02   4.343200691000000E-03
   8.238543772200000E-05   1.476489405400000E-01   4.000000000000000E+00   4.000000000000000E+00   4.354288151200000E-03  -6.832659447100001E+01   8.680555361500000E+02   4.354288151200000E-03
   8.280510865800000E-05   1.480244131400000E-01   4.000000000000000E+00   4.000000000000000E+00   4.365364070500000E-03  -6.832654058300000E+01   8.680555361500000E+02   4.365364070500000E-03
   8.322584481100000E-05   1.483998840200000E-01   4.000000000000000E+00   4.000000000000000E+00   4.376439961600000E-03  -6.832648655800000E+01   8.680555361500000E+02   4.376439961600000E-03
   8.364764617100000E-05   1.487840551800000E-01   4.000000000000000E+00   4.000000000000000E+00   4.387188643600000E-03  -6.832643238800000E+01   8.680555361500000E+02   4.387631216600000E-03
   8.407051273000000E-05   1.491595457400000E-01   4.000000000000000E+00   4.000000000000000E+00   4.398263615200000E-03  -6.832637809000001E+01   8.680555361500000E+02   4.398707361700000E-03
   8.449444447800000E-05   1.495350345800000E-01   4.000000000000000E+00   4.000000000000000E+00   4.409338558100000E-03  -6.832632365500000E+01   8.680555361500000E+02   4.409783478600000E-03
   8.491944140000000E-05   1.499150039300000E-01   4.000000000000000E+00   4.000000000000000E+00   4.420365515200000E-03  -6.832626908600000E+01   8.680555361500000E+02   4.420962120000000E-03
   8.534550349099999E-05   1.502905017500000E-01   4.000000000000000E+00   4.000000000000000E+00   4.431440276000000E-03  -6.832621437800000E+01   8.680555361500000E+02   4.432038466300000E-03
   8.577263074000000E-05   1.506659978600000E-01   4.000000000000000E+00   4.000000000000000E+00   4.442515007800000E-03  -6.832615953299999E+01   8.680555361500000E+02   4.443114784400000E-03
   8.620082314000000E-05   1.510263848800000E-01   4.000000000000000E+00   4.000000000000000E+00   4.454165133300000E-03  -6.832610454400000E+01   8.680555361500000E+02   4.454165133300000E-03
   8.663008067199999E-05   1.514018374000000E-01   4.000000000000000E+00   4.000000000000000E+00   4.465241319900000E-03  -6.832604942600000E+01   8.680555361500000E+02   4.465241319900000E-03
   8.706040334300000E-05   1.517772881600000E-01   4.000000000000000E+00   4.000000000000000E+00   4.476317478000000E-03  -6.832599417100000E+01   8.680555361500000E+02   4.476317478000000E-03
   8.749179112400000E-05   1.521632648700000E-01   4.000000000000000E+00   4.000000000000000E+00   4.487212519300000E-03  -6.832593878199999E+01   8.680555361500000E+02   4.487334427600000E-03
   8.792424401400000E-05   1.525387394500000E-01   4.000000000000000E+00   4.000000000000000E+00   4.498288135500000E-03  -6.832588325300000E+01   8.680555361500000E+02   4.498410366600000E-03
   8.835776200000000E-05   1.529142122800000E-01   4.000000000000000E+00   4.000000000000000E+00   4.509363722700000E-03  -6.832582758900000E+01   8.680555361500000E+02   4.509486276800000E-03
   8.879234507300000E-05   1.532796506200000E-01   4.000000000000000E+00   4.000000000000000E+00   4.520331324600000E-03  -6.832577180000000E+01   8.680555361500000E+02   4.520331324600000E-03
   8.922799322800000E-05   1.536550940300000E-01   4.000000000000000E+00   4.000000000000000E+00   4.531406574100000E-03  -6.832571586100001E+01   8.680555361500000E+02   4.531406574100000E-03
   8.966470645400000E-05   1.540305356600000E-01   4.000000000000000E+00   4.000000000000000E+00   4.542481794300000E-03  -6.832565978700001E+01   8.680555361500000E+02   4.542481794300000E-03
   9.010248472500001E-05   1.544124929600000E-01   4.000000000000000E+00   4.000000000000000E+00   4.553718749500000E-03  -6.832560356000000E+01   8.680555361500000E+02   4.553718749500000E-03
   9.054132805000001E-05   1.547879476500000E-01   4.000000000000000E+00   4.000000000000000E+00   4.564794328000000E-03  -6.832554721200000E+01   8.680555361500000E+02   4.564794328000000E-03
   9.098123641100000E-05   1.551634005500000E-01   4.000000000000000E+00   4.000000000000000E+00   4.575869877100000E-03  -6.832549072700000E+01   8.680555361500000E+02   4.575869877100000E-03
   9.142220979600000E-05   1.555374803200000E-01   4.000000000000000E+00   4.000000000000000E+00   4.586969435100000E-03  -6.832543414000000E+01   8.680555361500000E+02   4.586969435100000E-03
   9.186424820400000E-05   1.559129261500000E-01   4.000000000000000E+00   4.000000000000000E+00   4.598044987700000E-03  -6.832537738200000E+01   8.680555361500000E+02   4.598044987700000E-03
   9.230735161200000E-05   1.562883701800000E-01   4.000000000000000E+00   4.000000000000000E+00   4.609120510600000E-03  -6.832532048800000E+01   8.680555361500000E+02   4.609120510600000E-03
   9.275152001900000E-05   1.566617112900000E-01   4.000000000000000E+00   4.000000000000000E+00   4.620142817900000E-03  -6.832526343500000E+01   8.680555361500000E+02   4.620142817900000E-03
   9.319675340500000E-05   1.570371464100000E-01   4.000000000000000E+00   4.000000000000000E+00   4.631218144600000E-03  -6.832520626700000E+01   8.680555361500000E+02   4.631218144600000E-03
   9.364305177300000E-05   1.574125797200000E-01   4.000000000000000E+00   4.000000000000000E+00   4.642293441500000E-03  -6.832514896200000E+01   8.680555361500000E+02   4.642293441500000E-03
   9.409041509700000E-05   1.577945647400000E-01   4.000000000000000E+00   4.000000000000000E+00   4.653327766500000E-03  -6.832509150800000E+01   8.680555361500000E+02   4.653436318300000E-03
   9.453884338300000E-05   1.581700109200000E-01   4.000000000000000E+00   4.000000000000000E+00   4.664402899500000E-03  -6.832503392900000E+01   8.680555361500000E+02   4.664511728400000E-03
   9.498833660500000E-05   1.585454552900000E-01   4.000000000000000E+00   4.000000000000000E+00   4.675478002400000E-03  -6.832497621500001E+01   8.680555361500000E+02   4.675587108500000E-03
   9.543889476200000E-05   1.589243531100000E-01   4.000000000000000E+00   4.000000000000000E+00   4.686600674700000E-03  -6.832491836299999E+01   8.680555361500000E+02   4.686732195500000E-03
   9.589051784700000E-05   1.592998027100000E-01   4.000000000000000E+00   4.000000000000000E+00   4.697675837200000E-03  -6.832486037500000E+01   8.680555361500000E+02   4.697807696600000E-03
   9.634320583200000E-05   1.596752504800000E-01   4.000000000000000E+00   4.000000000000000E+00   4.708750969500000E-03  -6.832480225000000E+01   8.680555361500000E+02   4.708883167500000E-03
   9.679695872700000E-05   1.600276283800000E-01   4.000000000000000E+00   4.000000000000000E+00   4.719885407000000E-03  -6.832474400800000E+01   8.680555361500000E+02   4.719885407000000E-03
   9.725177651200000E-05   1.604030153800000E-01   4.000000000000000E+00   4.000000000000000E+00   4.730960628700000E-03  -6.832468561100001E+01   8.680555361500000E+02   4.730960628700000E-03
   9.770765917600000E-05   1.607784005300000E-01   4.000000000000000E+00   4.000000000000000E+00   4.742035820000000E-03  -6.832462707600000E+01   8.680555361500000E+02   4.742035820000000E-03
   9.816460670600000E-05   1.611757739600000E-01   4.000000000000000E+00   4.000000000000000E+00   4.753069272500000E-03  -6.832456838500001E+01   8.680555361500000E+02   4.753120908200000E-03
   9.862261909900000E-05   1.615512093100000E-01   4.000000000000000E+00   4.000000000000000E+00   4.764144297600000E-03  -6.832450957800000E+01   8.680555361500000E+02   4.764196063700000E-03
   9.908169633600001E-05   1.619266428100000E-01   4.000000000000000E+00   4.000000000000000E+00   4.775219292100000E-03  -6.832445063300000E+01   8.680555361500000E+02   4.775271188500000E-03
   9.954183841100000E-05   1.623016068600000E-01   4.000000000000000E+00   4.000000000000000E+00   4.786036942700000E-03  -6.832439155800000E+01   8.680555361500000E+02   4.786379379000000E-03
   1.000030453200000E-04   1.626770354400000E-01   4.000000000000000E+00   4.000000000000000E+00   4.797111243300000E-03  -6.832433234000000E+01   8.680555361500000E+02   4.797454526300000E-03
   1.004653170300000E-04   1.630524621600000E-01   4.000000000000000E+00   4.000000000000000E+00   4.808185512800000E-03  -6.832427298600000E+01   8.680555361500000E+02   4.808529642900000E-03
   1.009286535500000E-04   1.634278845000000E-01   4.000000000000000E+00   4.000000000000000E+00   4.819441107300000E-03  -6.832421348900000E+01   8.680555361500000E+02   4.819605846800000E-03
   1.013930548700000E-04   1.638033074500000E-01   4.000000000000000E+00   4.000000000000000E+00   4.830515755400000E-03  -6.832415386100000E+01   8.680555361500000E+02   4.830680904500000E-03
   1.018585209700000E-04   1.641787285300000E-01   4.000000000000000E+00   4.000000000000000E+00   4.841590372300000E-03  -6.832409409700000E+01   8.680555361500000E+02   4.841755931200000E-03
   1.023250518400000E-04   1.645435522600000E-01   4.000000000000000E+00   4.000000000000000E+00   4.852737877700000E-03  -6.832403419400001E+01   8.680555361500000E+02   4.852737877700000E-03
   1.027926474700000E-04   1.649189437900000E-01   4.000000000000000E+00   4.000000000000000E+00   4.863812610500000E-03  -6.832397415699999E+01   8.680555361500000E+02   4.863812610500000E-03
   1.032613078500000E-04   1.652943334100000E-01   4.000000000000000E+00   4.000000000000000E+00   4.874887312000000E-03  -6.832391398300000E+01   8.680555361500000E+02   4.874887312000000E-03
   1.037310329800000E-04   1.656808130400000E-01   4.000000000000000E+00   4.000000000000000E+00   4.885929282100000E-03  -6.832385367200000E+01   8.680555361500000E+02   4.886065507900000E-03
   1.042018228300000E-04   1.660562256700000E-01   4.000000000000000E+00   4.000000000000000E+00   4.897003840900000E-03  -6.832379322500000E+01   8.680555361500000E+02   4.897140403200000E-03
   1.046736773900000E-04   1.664316364000000E-01   4.000000000000000E+00   4.000000000000000E+00   4.908078368100000E-03  -6.832373264100001E+01   8.680555361500000E+02   4.908215267100000E-03
   1.051465966700000E-04   1.668011196000000E-01   4.000000000000000E+00   4.000000000000000E+00   4.918879245400000E-03  -6.832367200500001E+01   8.680555361500000E+02   4.919177580800000E-03
   1.056205806400000E-04   1.671765121200000E-01   4.000000000000000E+00   4.000000000000000E+00   4.929953055500000E-03  -6.832361114900000E+01   8.680555361500000E+02   4.930252104600000E-03
   1.060956292900000E-04   1.675519027000000E-01   4.000000000000000E+00   4.000000000000000E+00   4.941026833600000E-03  -6.832355015500001E+01   8.680555361500000E+02   4.941326596500000E-03
   1.065717426100000E-04   1.679198299500000E-01   4.000000000000000E+00   4.000000000000000E+00   4.952470433500000E-03  -6.832348894099999E+01   8.680555361500000E+02   4.952470433500000E-03
   1.070489206100000E-04   1.682951990500000E-01   4.000000000000000E+00   4.000000000000000E+00   4.963545030500000E-03  -6.832342767400000E+01   8.680555361500000E+02   4.963545030500000E-03
   1.075271632400000E-04   1.686705661900000E-01   4.000000000000000E+00   4.000000000000000E+00   4.974619595700000E-03  -6.832336627100000E+01   8.680555361500000E+02   4.974619595700000E-03
   1.080064705200000E-04   1.690573877500000E-01   4.000000000000000E+00   4.000000000000000E+00   4.985610235800000E-03  -6.832330473700000E+01   8.680555361500000E+02   4.985694949400000E-03
   1.084868424200000E-04   1.694327780300000E-01   4.000000000000000E+00   4.000000000000000E+00   4.996684534200000E-03  -6.832324306000000E+01   8.680555361500000E+02   4.996769452600000E-03
   1.089682789600000E-04   1.698081663600000E-01   4.000000000000000E+00   4.000000000000000E+00   5.007758800400000E-03  -6.832318124699999E+01   8.680555361500000E+02   5.007843923600000E-03
   1.094507800900000E-04   1.701887066700000E-01   4.000000000000000E+00   4.000000000000000E+00   5.018998462400000E-03  -6.832311928999999E+01   8.680555361500000E+02   5.019033798200000E-03
   1.099343458100000E-04   1.705641038100000E-01   4.000000000000000E+00   4.000000000000000E+00   5.030073066800000E-03  -6.832305720399999E+01   8.680555361500000E+02   5.030108494100000E-03
   1.104189761200000E-04   1.709394990000000E-01   4.000000000000000E+00   4.000000000000000E+00   5.041147639100000E-03  -6.832299498099999E+01   8.680555361500000E+02   5.041183157900000E-03
   1.109046710100000E-04   1.712871207600000E-01   4.000000000000000E+00   4.000000000000000E+00   5.052042382400000E-03  -6.832293267000000E+01   8.680555361500000E+02   5.052042382400000E-03
   1.113914304400000E-04   1.716624470600000E-01   4.000000000000000E+00   4.000000000000000E+00   5.063116455300000E-03  -6.832287017400000E+01   8.680555361500000E+02   5.063116455300000E-03
   1.118792544400000E-04   1.720377713700000E-01   4.000000000000000E+00   4.000000000000000E+00   5.074190495500000E-03  -6.832280754200001E+01   8.680555361500000E+02   5.074190495500000E-03
   1.123681429700000E-04   1.724356510800000E-01   4.000000000000000E+00   4.000000000000000E+00   5.085277044700000E-03  -6.832274476500000E+01   8.680555361500000E+02   5.085326502900000E-03
   1.128580960200000E-04   1.728110232400000E-01   4.000000000000000E+00   4.000000000000000E+00   5.096351048800000E-03  -6.832268185900000E+01   8.680555361500000E+02   5.096400624100000E-03
   1.133491135900000E-04   1.731863934000000E-01   4.000000000000000E+00   4.000000000000000E+00   5.107425020200000E-03  -6.832261881700001E+01   8.680555361500000E+02   5.107474712500000E-03
   1.138411956700000E-04   1.735529923300000E-01   4.000000000000000E+00   4.000000000000000E+00   5.118140783400000E-03  -6.832255568500000E+01   8.680555361500000E+02   5.118372773900000E-03
   1.143343422300000E-04   1.739283382200000E-01   4.000000000000000E+00   4.000000000000000E+00   5.129213863900000E-03  -6.832249237000001E+01   8.680555361500000E+02   5.129446385900000E-03
   1.148285532800000E-04   1.743036820900000E-01   4.000000000000000E+00   4.000000000000000E+00   5.140286911000000E-03  -6.832242891800000E+01   8.680555361500000E+02   5.140519964800000E-03
   1.153238288000000E-04   1.746768644700000E-01   4.000000000000000E+00   4.000000000000000E+00   5.151839110600000E-03  -6.832236524699999E+01   8.680555361500000E+02   5.151839110600000E-03
   1.158201687700000E-04   1.750521994100000E-01   4.000000000000000E+00   4.000000000000000E+00   5.162913196300000E-03  -6.832230152200000E+01   8.680555361500000E+02   5.162913196300000E-03
   1.163175731900000E-04   1.754275323300000E-01   4.000000000000000E+00   4.000000000000000E+00   5.173987248900000E-03  -6.832223766000000E+01   8.680555361500000E+02   5.173987248900000E-03
   1.168160420400000E-04   1.758092571500000E-01   4.000000000000000E+00   4.000000000000000E+00   5.185052359600000E-03  -6.832217365699999E+01   8.680555361500000E+02   5.185052359600000E-03
   1.173155753200000E-04   1.761846004900000E-01   4.000000000000000E+00   4.000000000000000E+00   5.196126324500000E-03  -6.832210952299999E+01   8.680555361500000E+02   5.196126324500000E-03
   1.178161730000000E-04   1.765599418000000E-01   4.000000000000000E+00   4.000000000000000E+00   5.207200255900000E-03  -6.832204525200000E+01   8.680555361500000E+02   5.207200255900000E-03
   1.183178350900000E-04   1.769417523000000E-01   4.000000000000000E+00   4.000000000000000E+00   5.218320084800000E-03  -6.832198087400000E+01   8.680555361500000E+02   5.218320084800000E-03
   1.188205615600000E-04   1.773171044100000E-01   4.000000000000000E+00   4.000000000000000E+00   5.229394059200000E-03  -6.832191632999999E+01   8.680555361500000E+02   5.229394059200000E-03
   1.193243524100000E-04   1.776924544800000E-01   4.000000000000000E+00   4.000000000000000E+00   5.240468000200000E-03  -6.832185164900000E+01   8.680555361500000E+02   5.240468000200000E-03
   1.198292076300000E-04   1.780574579500000E-01   4.000000000000000E+00   4.000000000000000E+00   5.251291307100000E-03  -6.832178682999999E+01   8.680555361500000E+02   5.251291307100000E-03
   1.203351271900000E-04   1.784327804200000E-01   4.000000000000000E+00   4.000000000000000E+00   5.262364600400000E-03  -6.832172187600000E+01   8.680555361500000E+02   5.262364600400000E-03
   1.208421111000000E-04   1.788081008400000E-01   4.000000000000000E+00   4.000000000000000E+00   5.273437859700000E-03  -6.832165678600001E+01   8.680555361500000E+02   5.273437859700000E-03
   1.213501593300000E-04   1.791903838800000E-01   4.000000000000000E+00   4.000000000000000E+00   5.284614295800000E-03  -6.832159156400000E+01   8.680555361500000E+02   5.284654965900000E-03
   1.218592718800000E-04   1.795657157800000E-01   4.000000000000000E+00   4.000000000000000E+00   5.295687720800000E-03  -6.832152619999999E+01   8.680555361500000E+02   5.295728484200000E-03
   1.223694487300000E-04   1.799410456200000E-01   4.000000000000000E+00   4.000000000000000E+00   5.306761111700000E-03  -6.832146070000000E+01   8.680555361500000E+02   5.306801968400000E-03
   1.228806898800000E-04   1.803138246700000E-01   4.000000000000000E+00   4.000000000000000E+00   5.317754281000000E-03  -6.832139503099999E+01   8.680555361500000E+02   5.317825983900000E-03
   1.233929953100000E-04   1.806891446300000E-01   4.000000000000000E+00   4.000000000000000E+00   5.328827422300000E-03  -6.832132925800001E+01   8.680555361500000E+02   5.328899287100000E-03
   1.239063650100000E-04   1.810644625100000E-01   4.000000000000000E+00   4.000000000000000E+00   5.339900529100000E-03  -6.832126334900001E+01   8.680555361500000E+02   5.339972555800000E-03
   1.244207989600000E-04   1.814435096200000E-01   4.000000000000000E+00   4.000000000000000E+00   5.351230850600000E-03  -6.832119733099999E+01   8.680555361500000E+02   5.351230850600000E-03
   1.249362971600000E-04   1.818188316700000E-01   4.000000000000000E+00   4.000000000000000E+00   5.362304479200000E-03  -6.832113114800001E+01   8.680555361500000E+02   5.362304479200000E-03
   1.254528595900000E-04   1.821941516300000E-01   4.000000000000000E+00   4.000000000000000E+00   5.373378073500000E-03  -6.832106483000000E+01   8.680555361500000E+02   5.373378073500000E-03
   1.259704862400000E-04   1.825607014200000E-01   4.000000000000000E+00   4.000000000000000E+00   5.384223494300000E-03  -6.832099836400000E+01   8.680555361500000E+02   5.384223494300000E-03
   1.264891771000000E-04   1.829359978000000E-01   4.000000000000000E+00   4.000000000000000E+00   5.395296496600000E-03  -6.832093177199999E+01   8.680555361500000E+02   5.395296496600000E-03
   1.270089321700000E-04   1.833112920500000E-01   4.000000000000000E+00   4.000000000000000E+00   5.406369464100000E-03  -6.832086504300000E+01   8.680555361500000E+02   5.406369464100000E-03
   1.275297514100000E-04   1.836902165000000E-01   4.000000000000000E+00   4.000000000000000E+00   5.417652236700000E-03  -6.832079817800000E+01   8.680555361500000E+02   5.417652236700000E-03
   1.280516348200000E-04   1.840655144400000E-01   4.000000000000000E+00   4.000000000000000E+00   5.428725611000000E-03  -6.832073117700000E+01   8.680555361500000E+02   5.428725611000000E-03
   1.285745823900000E-04   1.844408102600000E-01   4.000000000000000E+00   4.000000000000000E+00   5.439798950500000E-03  -6.832066403899999E+01   8.680555361500000E+02   5.439798950500000E-03
   1.290985941100000E-04   1.848100438600000E-01   4.000000000000000E+00   4.000000000000000E+00   5.450820509200000E-03  -6.832059678200000E+01   8.680555361500000E+02   5.450820509200000E-03
   1.296236699600000E-04   1.851853222900000E-01   4.000000000000000E+00   4.000000000000000E+00   5.461893659000000E-03  -6.832052937100001E+01   8.680555361500000E+02   5.461893659000000E-03
   1.301498099500000E-04   1.855605985800000E-01   4.000000000000000E+00   4.000000000000000E+00   5.472966773600000E-03  -6.832046182400001E+01   8.680555361500000E+02   5.472966773600000E-03
   1.306770140300000E-04   1.859440837900000E-01   4.000000000000000E+00   4.000000000000000E+00   5.483592162100000E-03  -6.832039418799999E+01   8.680555361500000E+02   5.483911774900000E-03
   1.312052822200000E-04   1.863193735100000E-01   4.000000000000000E+00   4.000000000000000E+00   5.494664225900000E-03  -6.832032636800000E+01   8.680555361500000E+02   5.494984532600000E-03
   1.317346145000000E-04   1.866946610800000E-01   4.000000000000000E+00   4.000000000000000E+00   5.505736253900000E-03  -6.832025841100000E+01   8.680555361500000E+02   5.506057254900000E-03
   1.322650108500000E-04   1.870473664700000E-01   4.000000000000000E+00   4.000000000000000E+00   5.517205946300000E-03  -6.832019023200000E+01   8.680555361500000E+02   5.517205946300000E-03
   1.327964712500000E-04   1.874226017200000E-01   4.000000000000000E+00   4.000000000000000E+00   5.528278765600000E-03  -6.832012200200001E+01   8.680555361500000E+02   5.528278765600000E-03

