   9.998542789500000E-16   0.000000000000000E+00   5.000000000000000E-01   5.000000000000000E-01   0.000000000000000E+00  -9.820928184900001E+01   8.680555361500000E+02   0.000000000000000E+00
   1.253351009100000E-10   1.982279535700000E-04   5.000000000000000E-01   5.000000000000000E-01   4.930380657600000E-32  -9.820928184200000E+01   8.680555361500000E+02   6.727877527100000E-06
   5.013563415200001E-10   3.964559070400000E-04   5.000000000000000E-01   5.000000000000000E-01   3.309915467900000E-30  -9.820928182400000E+01   8.680555361500000E+02   1.345575505100000E-05
   1.128063278500000E-09   5.946838603100000E-04   5.000000000000000E-01   5.000000000000000E-01  -1.059649160000000E-30  -9.820928179400001E+01   8.680555361500000E+02   2.018363257000000E-05
   2.005443357800000E-09   7.929118132800000E-04   5.000000000000000E-01   5.000000000000000E-01   2.200962501500000E-30  -9.820928175200000E+01   8.680555361500000E+02   2.691151007900000E-05
   3.133494937300000E-09   9.911397658400000E-04   5.000000000000000E-01   5.000000000000000E-01  -1.285084893100000E-29  -9.820928169800000E+01   8.680555361500000E+02   3.363938757600000E-05
   4.512233249300000E-09   1.189367717900000E-03   5.000000000000000E-01   5.000000000000000E-01  -7.214633488200001E-30  -9.820928163300000E+01   8.680555361500000E+02   4.036726505800000E-05
   6.141643529200000E-09   1.387595669300000E-03   5.000000000000000E-01   5.000000000000000E-01  -1.578418045400000E-30  -9.820928155500000E+01   8.680555361500000E+02   4.709514252200000E-05
   8.021737861900000E-09   1.585823620100000E-03   5.000000000000000E-01   5.000000000000000E-01   4.057797397100000E-30  -9.820928146500000E+01   8.680555361500000E+02   5.382301996500000E-05
   1.015250815800000E-08   1.784051570000000E-03   5.000000000000000E-01   5.000000000000000E-01   3.085203802700000E-30  -9.820928136300000E+01   8.680555361500000E+02   6.055089738300000E-05
   1.253395763600000E-08   1.982279519000000E-03   5.000000000000000E-01   5.000000000000000E-01   8.721419245200000E-30  -9.820928125000000E+01   8.680555361500000E+02   6.727877477400000E-05
   1.516608212800000E-08   2.180507467000000E-03   5.000000000000000E-01   5.000000000000000E-01   1.140016613300000E-30  -9.820928112400000E+01   8.680555361500000E+02   7.400665213500000E-05
   1.804889407600000E-08   2.378735413900000E-03   5.000000000000000E-01   5.000000000000000E-01  -4.244768160900000E-29  -9.820928098600000E+01   8.680555361500000E+02   8.073452946300000E-05
   2.118237925500000E-08   2.576963359600000E-03   5.000000000000000E-01   5.000000000000000E-01  -6.821529526300000E-30  -9.820928083699999E+01   8.680555361500000E+02   8.746240675500000E-05
   2.456654269700000E-08   2.775191304000000E-03   5.000000000000000E-01   5.000000000000000E-01   5.040839991100000E-29  -9.820928067500000E+01   8.680555361500000E+02   9.419028400700000E-05
   2.820138915100000E-08   2.973419246900000E-03   5.000000000000000E-01   5.000000000000000E-01   2.028431805600000E-29  -9.820928050200000E+01   8.680555361500000E+02   1.009181612200000E-04
   3.208690815300000E-08   3.171647188300000E-03   5.000000000000000E-01   5.000000000000000E-01  -9.839763797800001E-30  -9.820928031600000E+01   8.680555361500000E+02   1.076460383800000E-04
   3.622311453600000E-08   3.369875128100000E-03   5.000000000000000E-01   5.000000000000000E-01  -1.084584188400000E-29  -9.820928011900000E+01   8.680555361500000E+02   1.143739155000000E-04
   4.060998775000000E-08   3.568103066200000E-03   5.000000000000000E-01   5.000000000000000E-01   2.330402762100000E-30  -9.820927990900000E+01   8.680555361500000E+02   1.211017925600000E-04
   4.524755119900000E-08   3.766331002500000E-03   5.000000000000000E-01   5.000000000000000E-01  -1.282764963400000E-29  -9.820927968800000E+01   8.680555361500000E+02   1.278296695700000E-04
   5.013578855200000E-08   3.964558936800000E-03   5.000000000000000E-01   5.000000000000000E-01  -1.381855350700000E-29  -9.820927945400000E+01   8.680555361500000E+02   1.345575465200000E-04
   5.527470900400000E-08   4.162786869100000E-03   5.000000000000000E-01   5.000000000000000E-01   1.372720540500000E-29  -9.820927920900000E+01   8.680555361500000E+02   1.412854234200000E-04
   6.066430554200000E-08   4.361014799300000E-03   5.000000000000000E-01   5.000000000000000E-01   2.700463292200000E-29  -9.820927895200001E+01   8.680555361500000E+02   1.480133002500000E-04
   6.630457756100000E-08   4.559242727200000E-03   5.000000000000000E-01   5.000000000000000E-01  -2.522933746200000E-30  -9.820927868200000E+01   8.680555361500000E+02   1.547411770100000E-04
   7.219553124000000E-08   4.757470652900000E-03   5.000000000000000E-01   5.000000000000000E-01   5.015182662300000E-29  -9.820927840100001E+01   8.680555361500000E+02   1.614690537000000E-04
   7.833716394500000E-08   4.955698576000000E-03   5.000000000000000E-01   5.000000000000000E-01   2.063775976000000E-29  -9.820927810800001E+01   8.680555361500000E+02   1.681969303200000E-04
   8.472947238099999E-08   5.153926496700000E-03   5.000000000000000E-01   5.000000000000000E-01  -8.876307101000000E-30  -9.820927780300001E+01   8.680555361500000E+02   1.749248068700000E-04
   9.137246740900000E-08   5.352154414700000E-03   5.000000000000000E-01   5.000000000000000E-01   6.094305703900000E-30  -9.820927748600000E+01   8.680555361500000E+02   1.816526833300000E-04
   9.826613495000000E-08   5.550382330000000E-03   5.000000000000000E-01   5.000000000000000E-01   9.943748591699999E-30  -9.820927715700000E+01   8.680555361500000E+02   1.883805597200000E-04
   1.054104825700000E-07   5.748610242500000E-03   5.000000000000000E-01   5.000000000000000E-01   2.672021562800000E-30  -9.820927681500000E+01   8.680555361500000E+02   1.951084360100000E-04
   1.128055051900000E-07   5.946838152000000E-03   5.000000000000000E-01   5.000000000000000E-01  -6.737356981000000E-29  -9.820927646200001E+01   8.680555361500000E+02   2.018363122300000E-04
   1.204512129200000E-07   6.145066058500000E-03   5.000000000000000E-01   5.000000000000000E-01  -1.187143247900000E-29  -9.820927609700000E+01   8.680555361500000E+02   2.085641883500000E-04
   1.283475953600000E-07   6.343293961800000E-03   5.000000000000000E-01   5.000000000000000E-01  -5.053009168500000E-29  -9.820927571999999E+01   8.680555361500000E+02   2.152920643700000E-04
   1.364946599500000E-07   6.541521861900000E-03   5.000000000000000E-01   5.000000000000000E-01  -1.169491225700000E-28  -9.820927533100000E+01   8.680555361500000E+02   2.220199403100000E-04
   1.448924052900000E-07   6.739749758700000E-03   5.000000000000000E-01   5.000000000000000E-01   9.423556338500000E-29  -9.820927493000001E+01   8.680555361500000E+02   2.287478161400000E-04
   1.535408262300000E-07   6.937977652000000E-03   5.000000000000000E-01   5.000000000000000E-01  -2.770421090500000E-29  -9.820927451700000E+01   8.680555361500000E+02   2.354756918600000E-04
   1.624399250800000E-07   7.136205541800000E-03   5.000000000000000E-01   5.000000000000000E-01   5.444033901199999E-29  -9.820927409300000E+01   8.680555361500000E+02   2.422035674900000E-04
   1.715897015500000E-07   7.334433427900000E-03   5.000000000000000E-01   5.000000000000000E-01   3.452809523300000E-29  -9.820927365599999E+01   8.680555361500000E+02   2.489314430000000E-04
   1.809901643700000E-07   7.532661310300000E-03   5.000000000000000E-01   5.000000000000000E-01   4.013004988000000E-29  -9.820927320700000E+01   8.680555361500000E+02   2.556593184000000E-04
   1.906412938100000E-07   7.730889188800000E-03   5.000000000000000E-01   5.000000000000000E-01   4.573200452700000E-29  -9.820927274600000E+01   8.680555361500000E+02   2.623871936900000E-04
   2.005431068600000E-07   7.929117063400000E-03   5.000000000000000E-01   5.000000000000000E-01  -2.409239413900000E-29  -9.820927227300000E+01   8.680555361500000E+02   2.691150688600000E-04
   2.106956021400000E-07   8.127344933900001E-03   5.000000000000000E-01   5.000000000000000E-01   5.693591384100000E-29  -9.820927178900000E+01   8.680555361500000E+02   2.758429439000000E-04
   2.210987745000000E-07   8.325572800300000E-03   5.000000000000000E-01   5.000000000000000E-01  -1.204961158600000E-29  -9.820927129200000E+01   8.680555361500000E+02   2.825708188300000E-04
   2.317526213900000E-07   8.523800662399999E-03   5.000000000000000E-01   5.000000000000000E-01  -8.103513701000000E-29  -9.820927078299999E+01   8.680555361500000E+02   2.892986936200000E-04
   2.426571525000000E-07   8.722028520200001E-03   5.000000000000000E-01   5.000000000000000E-01   4.999778215100000E-29  -9.820927026299999E+01   8.680555361500000E+02   2.960265682900000E-04
   2.538123611700000E-07   8.920256373500000E-03   5.000000000000000E-01   5.000000000000000E-01  -1.716238823900000E-29  -9.820926973000000E+01   8.680555361500000E+02   3.027544428200000E-04
   2.652182442500000E-07   9.118484222199999E-03   5.000000000000000E-01   5.000000000000000E-01   1.138705309500000E-28  -9.820926918600000E+01   8.680555361500000E+02   3.094823172200000E-04
   2.768748114200000E-07   9.316712066300000E-03   5.000000000000000E-01   5.000000000000000E-01  -2.837911870400000E-30  -9.820926862899999E+01   8.680555361500000E+02   3.162101914800000E-04
   2.887820546600000E-07   9.514939905600000E-03   5.000000000000000E-01   5.000000000000000E-01  -4.293848772900000E-29  -9.820926806100000E+01   8.680555361500000E+02   3.229380655900000E-04
   3.009399739900000E-07   9.713167740100000E-03   5.000000000000000E-01   5.000000000000000E-01  -3.196715227900000E-29  -9.820926747999999E+01   8.680555361500000E+02   3.296659395700000E-04
   3.133485736800000E-07   9.911395569600001E-03   5.000000000000000E-01   5.000000000000000E-01   5.561205014200000E-29  -9.820926688800000E+01   8.680555361500000E+02   3.363938133900000E-04
   3.260078556200000E-07   1.010962339400000E-02   5.000000000000000E-01   5.000000000000000E-01   8.807363407800000E-29  -9.820926628300001E+01   8.680555361500000E+02   3.431216870600000E-04
   3.389178141400000E-07   1.030785121300000E-02   5.000000000000000E-01   5.000000000000000E-01   1.028196740400000E-29  -9.820926566700000E+01   8.680555361500000E+02   3.498495605800000E-04
   3.520784454100000E-07   1.050607902700000E-02   5.000000000000000E-01   5.000000000000000E-01  -1.777449362600000E-28  -9.820926503900000E+01   8.680555361500000E+02   3.565774339400000E-04
   3.654897667200000E-07   1.070430683600000E-02   5.000000000000000E-01   5.000000000000000E-01  -1.021126429200000E-28  -9.820926439800000E+01   8.680555361500000E+02   3.633053071400000E-04
   3.791517576000000E-07   1.090253463900000E-02   5.000000000000000E-01   5.000000000000000E-01   1.317151686300000E-28  -9.820926374600000E+01   8.680555361500000E+02   3.700331801700000E-04
   3.930644304300000E-07   1.110076243700000E-02   5.000000000000000E-01   5.000000000000000E-01   4.915194368300000E-29  -9.820926308200001E+01   8.680555361500000E+02   3.767610530400000E-04
   4.072277827900000E-07   1.129899022900000E-02   5.000000000000000E-01   5.000000000000000E-01  -3.341128125900000E-29  -9.820926240599999E+01   8.680555361500000E+02   3.834889257400000E-04
   4.216418088600000E-07   1.149721801500000E-02   5.000000000000000E-01   5.000000000000000E-01   4.718240341300000E-29  -9.820926171700000E+01   8.680555361500000E+02   3.902167982700000E-04
   4.363065146600000E-07   1.169544579500000E-02   5.000000000000000E-01   5.000000000000000E-01   1.277760880800000E-28  -9.820926101700000E+01   8.680555361500000E+02   3.969446706300000E-04
   4.512218981700000E-07   1.189367356900000E-02   5.000000000000000E-01   5.000000000000000E-01  -2.161452630200000E-28  -9.820926030500000E+01   8.680555361500000E+02   4.036725428000000E-04
   4.663879641800000E-07   1.209190133800000E-02   5.000000000000000E-01   5.000000000000000E-01  -2.942281931000000E-29  -9.820925958100000E+01   8.680555361500000E+02   4.104004147900000E-04
   4.818047071800000E-07   1.229012910000000E-02   5.000000000000000E-01   5.000000000000000E-01  -5.495789356300000E-29  -9.820925884499999E+01   8.680555361500000E+02   4.171282866000000E-04
   4.974721315200000E-07   1.248835685600000E-02   5.000000000000000E-01   5.000000000000000E-01   7.689738358600000E-29  -9.820925809700000E+01   8.680555361500000E+02   4.238561582200000E-04
   5.133902301800000E-07   1.268658460500000E-02   5.000000000000000E-01   5.000000000000000E-01   1.562892102500000E-28  -9.820925733700000E+01   8.680555361500000E+02   4.305840296500000E-04
   5.295590072500000E-07   1.288481234800000E-02   5.000000000000000E-01   5.000000000000000E-01  -7.909966600100000E-29  -9.820925656500000E+01   8.680555361500000E+02   4.373119008900000E-04
   5.459784651200000E-07   1.308304008400000E-02   5.000000000000000E-01   5.000000000000000E-01   3.719489583800000E-29  -9.820925578100000E+01   8.680555361500000E+02   4.440397719300000E-04
   5.626485987800001E-07   1.328126781400000E-02   5.000000000000000E-01   5.000000000000000E-01   5.300847534100000E-29  -9.820925498500000E+01   8.680555361500000E+02   4.507676427700000E-04
   5.795694097100000E-07   1.347949553700000E-02   5.000000000000000E-01   5.000000000000000E-01   1.858156367100000E-29  -9.820925417700001E+01   8.680555361500000E+02   4.574955134100000E-04
   5.967409011300000E-07   1.367772325300000E-02   5.000000000000000E-01   5.000000000000000E-01   3.713552012900000E-29  -9.820925335800000E+01   8.680555361500000E+02   4.642233838400000E-04
   6.141630695400000E-07   1.387595096200000E-02   5.000000000000000E-01   5.000000000000000E-01   1.616512128600000E-28  -9.820925252600000E+01   8.680555361500000E+02   4.709512540700000E-04
   6.318359153400000E-07   1.407417866400000E-02   5.000000000000000E-01   5.000000000000000E-01  -3.176908353900000E-29  -9.820925168200000E+01   8.680555361500000E+02   4.776791240800000E-04
   6.497594466600000E-07   1.427240635800000E-02   5.000000000000000E-01   5.000000000000000E-01  -6.847644778100000E-29  -9.820925082600000E+01   8.680555361500000E+02   4.844069938800000E-04
   6.679336486100000E-07   1.447063404600000E-02   5.000000000000000E-01   5.000000000000000E-01   1.560044082700000E-28  -9.820924995900000E+01   8.680555361500000E+02   4.911348634600000E-04
   6.863585281000000E-07   1.466886172600000E-02   5.000000000000000E-01   5.000000000000000E-01  -1.940338528600000E-28  -9.820924907900000E+01   8.680555361500000E+02   4.978627328100000E-04
   7.050340912900000E-07   1.486708939800000E-02   5.000000000000000E-01   5.000000000000000E-01   6.627698218300000E-29  -9.820924818700000E+01   8.680555361500000E+02   5.045906019500000E-04
   7.239603317400000E-07   1.506531706300000E-02   5.000000000000000E-01   5.000000000000000E-01   2.141326907100000E-29  -9.820924728400000E+01   8.680555361500000E+02   5.113184708600001E-04
   7.431372484200000E-07   1.526354472000000E-02   5.000000000000000E-01   5.000000000000000E-01   1.799992547700000E-28  -9.820924636800000E+01   8.680555361500000E+02   5.180463395400000E-04
   7.625648438300000E-07   1.546177237000000E-02   5.000000000000000E-01   5.000000000000000E-01   1.215449615100000E-29  -9.820924544099999E+01   8.680555361500000E+02   5.247742079800000E-04
   7.822431136200000E-07   1.566000001100000E-02   5.000000000000000E-01   5.000000000000000E-01  -4.688001432900000E-29  -9.820924450100000E+01   8.680555361500000E+02   5.315020761900000E-04
   8.021720668600000E-07   1.585822764500000E-02   5.000000000000000E-01   5.000000000000000E-01   1.117059714900000E-28  -9.820924355000000E+01   8.680555361500000E+02   5.382299441600000E-04
   8.223516916900000E-07   1.605645527000000E-02   5.000000000000000E-01   5.000000000000000E-01  -6.877230010600000E-29  -9.820924258600000E+01   8.680555361500000E+02   5.449578118900000E-04
   8.427820026200000E-07   1.625468288800000E-02   5.000000000000000E-01   5.000000000000000E-01   8.981368579900000E-29  -9.820924161100000E+01   8.680555361500000E+02   5.516856793800000E-04
   8.634629888200000E-07   1.645291049700000E-02   5.000000000000000E-01   5.000000000000000E-01  -1.471752954800000E-28  -9.820924062300000E+01   8.680555361500000E+02   5.584135466100000E-04
   8.843946519500000E-07   1.665113809700000E-02   5.000000000000000E-01   5.000000000000000E-01   3.232170862200000E-29  -9.820923962400001E+01   8.680555361500000E+02   5.651414136000000E-04
   9.055769935400000E-07   1.684936568900000E-02   5.000000000000000E-01   5.000000000000000E-01  -1.005457763800000E-28  -9.820923861300000E+01   8.680555361500000E+02   5.718692803300000E-04
   9.270100131900000E-07   1.704759327200000E-02   5.000000000000000E-01   5.000000000000000E-01   1.830727241800000E-28  -9.820923758900000E+01   8.680555361500000E+02   5.785971468000000E-04
   9.486937117900000E-07   1.724582084700000E-02   5.000000000000000E-01   5.000000000000000E-01   9.436300415000000E-29  -9.820923655400000E+01   8.680555361500000E+02   5.853250130200000E-04
   9.706280840600001E-07   1.744404841300000E-02   5.000000000000000E-01   5.000000000000000E-01   2.183782557400000E-28  -9.820923550700000E+01   8.680555361500000E+02   5.920528789700000E-04
   9.928131381800001E-07   1.764227597000000E-02   5.000000000000000E-01   5.000000000000000E-01  -1.362376789200000E-28  -9.820923444800000E+01   8.680555361500000E+02   5.987807446500000E-04
   1.015248868300000E-06   1.784050351800000E-02   5.000000000000000E-01   5.000000000000000E-01   2.117105236600000E-28  -9.820923337700000E+01   8.680555361500000E+02   6.055086100700000E-04
   1.037935279400000E-06   1.803873105700000E-02   5.000000000000000E-01   5.000000000000000E-01   2.083766575100000E-28  -9.820923229300000E+01   8.680555361500000E+02   6.122364752100000E-04
   1.060872367700000E-06   1.823695858600000E-02   5.000000000000000E-01   5.000000000000000E-01  -2.633333003700000E-28  -9.820923119800000E+01   8.680555361500000E+02   6.189643400800000E-04
   1.084060129600000E-06   1.843518610700000E-02   5.000000000000000E-01   5.000000000000000E-01   1.231169238000000E-28  -9.820923009099999E+01   8.680555361500000E+02   6.256922046700000E-04
   1.107498569900000E-06   1.863341361800000E-02   5.000000000000000E-01   5.000000000000000E-01   8.048705681400000E-29  -9.820922897200001E+01   8.680555361500000E+02   6.324200689800000E-04
   1.131187690400000E-06   1.883164111900000E-02   5.000000000000000E-01   5.000000000000000E-01   3.785718983400000E-29  -9.820922784100000E+01   8.680555361500000E+02   6.391479330000000E-04
   1.155127489000000E-06   1.902986861100000E-02   5.000000000000000E-01   5.000000000000000E-01  -5.909373488000000E-29  -9.820922669799999E+01   8.680555361500000E+02   6.458757967400000E-04
   1.179317965300000E-06   1.922809609300000E-02   5.000000000000000E-01   5.000000000000000E-01   1.698816869500000E-28  -9.820922554300000E+01   8.680555361500000E+02   6.526036601800000E-04
   1.203759115700000E-06   1.942632356500000E-02   5.000000000000000E-01   5.000000000000000E-01  -9.003241111199999E-29  -9.820922437599999E+01   8.680555361500000E+02   6.593315233400000E-04
   1.228450947900000E-06   1.962455102700000E-02   5.000000000000000E-01   5.000000000000000E-01  -1.362221955900000E-28  -9.820922319800000E+01   8.680555361500000E+02   6.660593861900000E-04
   1.253393457800000E-06   1.982277848000000E-02   5.000000000000000E-01   5.000000000000000E-01   3.131233356900000E-29  -9.820922200699999E+01   8.680555361500000E+02   6.727872487500000E-04
   1.278586643600000E-06   2.002100592200000E-02   5.000000000000000E-01   5.000000000000000E-01   3.057090195700000E-28  -9.820922080400000E+01   8.680555361500000E+02   6.795151110100000E-04
   1.304030504500000E-06   2.021923335400000E-02   5.000000000000000E-01   5.000000000000000E-01   6.730050486900000E-29  -9.820921958900000E+01   8.680555361500000E+02   6.862429729600000E-04
   1.329725045600000E-06   2.041746077500000E-02   5.000000000000000E-01   5.000000000000000E-01  -1.141296541700000E-28  -9.820921836200000E+01   8.680555361500000E+02   6.929708346000000E-04
   1.355670265600000E-06   2.061568818600000E-02   5.000000000000000E-01   5.000000000000000E-01  -2.385814575300000E-28  -9.820921712400001E+01   8.680555361500000E+02   6.996986959300001E-04
   1.381866161000000E-06   2.081391558700000E-02   5.000000000000000E-01   5.000000000000000E-01   1.592724975700000E-28  -9.820921587300001E+01   8.680555361500000E+02   7.064265569400000E-04
   1.408312732100000E-06   2.101214297700000E-02   5.000000000000000E-01   5.000000000000000E-01  -9.575574545400000E-29  -9.820921461000000E+01   8.680555361500000E+02   7.131544176400000E-04
   1.435009982300000E-06   2.121037035600000E-02   5.000000000000000E-01   5.000000000000000E-01  -8.963110920900000E-29  -9.820921333600000E+01   8.680555361500000E+02   7.198822780200000E-04
   1.461957915300000E-06   2.140859772400000E-02   5.000000000000000E-01   5.000000000000000E-01   2.656154584000000E-28  -9.820921204900000E+01   8.680555361500000E+02   7.266101380700000E-04
   1.489156520100000E-06   2.160682508200000E-02   5.000000000000000E-01   5.000000000000000E-01  -7.726674426400000E-29  -9.820921075100000E+01   8.680555361500000E+02   7.333379978000000E-04
   1.516605805000000E-06   2.180505242800000E-02   5.000000000000000E-01   5.000000000000000E-01   4.534696165200000E-29  -9.820920944000000E+01   8.680555361500000E+02   7.400658572000000E-04
   1.544305765700000E-06   2.200327976400000E-02   5.000000000000000E-01   5.000000000000000E-01   2.819219061100000E-28  -9.820920811800001E+01   8.680555361500000E+02   7.467937162600000E-04
   1.572256401100000E-06   2.220150708800000E-02   5.000000000000000E-01   5.000000000000000E-01  -5.121663419100000E-29  -9.820920678300000E+01   8.680555361500000E+02   7.535215749900000E-04
   1.600457714900000E-06   2.239973440000000E-02   5.000000000000000E-01   5.000000000000000E-01   7.148978001500000E-29  -9.820920543699999E+01   8.680555361500000E+02   7.602494333800000E-04
   1.628909706600000E-06   2.259796170200000E-02   5.000000000000000E-01   5.000000000000000E-01  -2.779633181600000E-29  -9.820920407800000E+01   8.680555361500000E+02   7.669772914300000E-04
   1.657612376500000E-06   2.279618899100000E-02   5.000000000000000E-01   5.000000000000000E-01  -3.490749697500000E-28  -9.820920270800001E+01   8.680555361500000E+02   7.737051491300000E-04
   1.686565720300000E-06   2.299441626900000E-02   5.000000000000000E-01   5.000000000000000E-01  -1.153722922100000E-28  -9.820920132600000E+01   8.680555361500000E+02   7.804330064900000E-04
   1.715769747000000E-06   2.319264353600000E-02   5.000000000000000E-01   5.000000000000000E-01   3.413445601300000E-28  -9.820919993100000E+01   8.680555361500000E+02   7.871608634900000E-04
   1.745224447500000E-06   2.339087079000000E-02   5.000000000000000E-01   5.000000000000000E-01  -9.399528712800000E-29  -9.820919852500001E+01   8.680555361500000E+02   7.938887201500000E-04
   1.774929825600000E-06   2.358909803300000E-02   5.000000000000000E-01   5.000000000000000E-01   2.820030306600000E-29  -9.820919710699999E+01   8.680555361500000E+02   8.006165764400000E-04
   1.804885878600000E-06   2.378732526300000E-02   5.000000000000000E-01   5.000000000000000E-01   4.076418890300000E-28  -9.820919567700000E+01   8.680555361500000E+02   8.073444323700000E-04
   1.835092605100000E-06   2.398555248100000E-02   5.000000000000000E-01   5.000000000000000E-01  -1.132775106000000E-28  -9.820919423399999E+01   8.680555361500000E+02   8.140722879500000E-04
   1.865550021600000E-06   2.418377968700000E-02   5.000000000000000E-01   5.000000000000000E-01  -3.769509142300000E-28  -9.820919278000000E+01   8.680555361500000E+02   8.208001431500000E-04
   1.896258109000000E-06   2.438200688100000E-02   5.000000000000000E-01   5.000000000000000E-01  -1.708258962000000E-28  -9.820919131399999E+01   8.680555361500000E+02   8.275279979900000E-04
   1.927216869600000E-06   2.458023406200000E-02   5.000000000000000E-01   5.000000000000000E-01  -1.996000890900000E-28  -9.820918983599999E+01   8.680555361500000E+02   8.342558524500000E-04
   1.958426309900000E-06   2.477846123100000E-02   5.000000000000000E-01   5.000000000000000E-01  -2.283742819800000E-28  -9.820918834600000E+01   8.680555361500000E+02   8.409837065400000E-04
   1.989886423900000E-06   2.497668838700000E-02   5.000000000000000E-01   5.000000000000000E-01   1.747999339500000E-28  -9.820918684400000E+01   8.680555361500000E+02   8.477115602600000E-04
   2.021597219400000E-06   2.517491553000000E-02   5.000000000000000E-01   5.000000000000000E-01   1.460257408900000E-28  -9.820918533000000E+01   8.680555361500000E+02   8.544394135900001E-04
   2.053558687900000E-06   2.537314266100000E-02   5.000000000000000E-01   5.000000000000000E-01   9.264445546300001E-30  -9.820918380400001E+01   8.680555361500000E+02   8.611672665300000E-04
   2.085770833500000E-06   2.557136977800000E-02   5.000000000000000E-01   5.000000000000000E-01  -1.274968497900000E-28  -9.820918226600000E+01   8.680555361500000E+02   8.678951190900001E-04
   2.118233659400000E-06   2.576959688300000E-02   5.000000000000000E-01   5.000000000000000E-01   1.642828784700000E-28  -9.820918071600001E+01   8.680555361500000E+02   8.746229712600000E-04
   2.150947162300000E-06   2.596782397400000E-02   5.000000000000000E-01   5.000000000000000E-01   1.346568388700000E-28  -9.820917915400000E+01   8.680555361500000E+02   8.813508230400000E-04
   2.183911336400000E-06   2.616605105200000E-02   5.000000000000000E-01   5.000000000000000E-01  -1.005395817200000E-28  -9.820917758100001E+01   8.680555361500000E+02   8.880786744200000E-04
   2.217126190200000E-06   2.636427811600000E-02   5.000000000000000E-01   5.000000000000000E-01   7.540475967500000E-29  -9.820917599500000E+01   8.680555361500000E+02   8.948065254000000E-04
   2.250591717600000E-06   2.656250516700000E-02   5.000000000000000E-01   5.000000000000000E-01  -3.653620421200000E-28  -9.820917439700000E+01   8.680555361500000E+02   9.015343759800000E-04
   2.284307925200000E-06   2.676073220500000E-02   5.000000000000000E-01   5.000000000000000E-01  -2.864376223700000E-28  -9.820917278700000E+01   8.680555361500000E+02   9.082622261500001E-04
   2.318274808700000E-06   2.695895922900000E-02   5.000000000000000E-01   5.000000000000000E-01  -1.035604006900000E-28  -9.820917116600000E+01   8.680555361500000E+02   9.149900759200000E-04
   2.352492368300000E-06   2.715718623900000E-02   5.000000000000000E-01   5.000000000000000E-01  -2.462142339900000E-29  -9.820916953200000E+01   8.680555361500000E+02   9.217179252700000E-04
   2.386960604600000E-06   2.735541323500000E-02   5.000000000000000E-01   5.000000000000000E-01   1.613167651700000E-28  -9.820916788600000E+01   8.680555361500000E+02   9.284457742100000E-04
   2.421679518700000E-06   2.755364021700000E-02   5.000000000000000E-01   5.000000000000000E-01  -8.074189177700000E-29  -9.820916622900000E+01   8.680555361500000E+02   9.351736227399999E-04
   2.456649105600000E-06   2.775186718600000E-02   5.000000000000000E-01   5.000000000000000E-01  -1.802914613100000E-30  -9.820916455900000E+01   8.680555361500000E+02   9.419014708400000E-04
   2.491869375300000E-06   2.795009414000000E-02   5.000000000000000E-01   5.000000000000000E-01   1.879606288900000E-28  -9.820916287800000E+01   8.680555361500000E+02   9.486293185200000E-04
   2.527340313200000E-06   2.814832107900000E-02   5.000000000000000E-01   5.000000000000000E-01   1.560750396100000E-28  -9.820916118400000E+01   8.680555361500000E+02   9.553571657700000E-04
   2.563061934300000E-06   2.834654800500000E-02   5.000000000000000E-01   5.000000000000000E-01   1.336488388200000E-29  -9.820915947899999E+01   8.680555361500000E+02   9.620850125900000E-04
   2.599034223300000E-06   2.854477491500000E-02   5.000000000000000E-01   5.000000000000000E-01  -3.438451326900000E-28  -9.820915776100000E+01   8.680555361500000E+02   9.688128589800000E-04
   2.635257196100000E-06   2.874300181200000E-02   5.000000000000000E-01   5.000000000000000E-01  -5.755556641400000E-29  -9.820915603200000E+01   8.680555361500000E+02   9.755407049400000E-04
   2.671730843800000E-06   2.894122869300000E-02   5.000000000000000E-01   5.000000000000000E-01  -2.002657222200000E-28  -9.820915429000000E+01   8.680555361500000E+02   9.822685504499999E-04
   2.708455162500000E-06   2.913945556000000E-02   5.000000000000000E-01   5.000000000000000E-01  -1.296315470100000E-28  -9.820915253699999E+01   8.680555361500000E+02   9.889963955300000E-04
   2.745430161100000E-06   2.933768241200000E-02   5.000000000000000E-01   5.000000000000000E-01   4.767479375100000E-29  -9.820915077200000E+01   8.680555361500000E+02   9.957242401600001E-04
   2.782655837100000E-06   2.953590924900000E-02   5.000000000000000E-01   5.000000000000000E-01   1.183089689000000E-28  -9.820914899500001E+01   8.680555361500000E+02   1.002452084300000E-03
   2.820132186100000E-06   2.973413607100000E-02   5.000000000000000E-01   5.000000000000000E-01   6.117162167200000E-29  -9.820914720499999E+01   8.680555361500000E+02   1.009179928100000E-03
   2.857859211200000E-06   2.993236287700000E-02   5.000000000000000E-01   5.000000000000000E-01   4.034274450700000E-30  -9.820914540400000E+01   8.680555361500000E+02   1.015907771400000E-03
   2.895836911200000E-06   3.013058966900000E-02   5.000000000000000E-01   5.000000000000000E-01   7.466844972500000E-29  -9.820914359100000E+01   8.680555361500000E+02   1.022635614200000E-03
   2.934065288200000E-06   3.032881644500000E-02   5.000000000000000E-01   5.000000000000000E-01  -1.977907346500000E-28  -9.820914176600000E+01   8.680555361500000E+02   1.029363456500000E-03
   2.972544344400000E-06   3.052704320500000E-02   5.000000000000000E-01   5.000000000000000E-01   3.303012540700000E-28  -9.820913992900000E+01   8.680555361500000E+02   1.036091298400000E-03
   3.011274078400000E-06   3.072526995000000E-02   5.000000000000000E-01   5.000000000000000E-01   1.722065228400000E-28  -9.820913808000000E+01   8.680555361500000E+02   1.042819139900000E-03
   3.050254484100000E-06   3.092349667900000E-02   5.000000000000000E-01   5.000000000000000E-01   1.411179161800000E-29  -9.820913621800000E+01   8.680555361500000E+02   1.049546980800000E-03
   3.089485564200000E-06   3.112172339200000E-02   5.000000000000000E-01   5.000000000000000E-01   7.513563159200000E-29  -9.820913434500000E+01   8.680555361500000E+02   1.056274821300000E-03
   3.128967324200000E-06   3.131995009000000E-02   5.000000000000000E-01   5.000000000000000E-01   1.361594715600000E-28  -9.820913246000001E+01   8.680555361500000E+02   1.063002661400000E-03
   3.168699756200000E-06   3.151817677100000E-02   5.000000000000000E-01   5.000000000000000E-01   1.971833115300000E-28  -9.820913056400001E+01   8.680555361500000E+02   1.069730500900000E-03
   3.208682863800000E-06   3.171640343700000E-02   5.000000000000000E-01   5.000000000000000E-01  -1.923603813600000E-28  -9.820912865500000E+01   8.680555361500000E+02   1.076458340000000E-03
   3.248916650700000E-06   3.191463008600000E-02   5.000000000000000E-01   5.000000000000000E-01   3.192309919000000E-28  -9.820912673399999E+01   8.680555361500000E+02   1.083186178500000E-03
   3.289401104900000E-06   3.211285671900000E-02   5.000000000000000E-01   5.000000000000000E-01  -1.262408298300000E-28  -9.820912480100000E+01   8.680555361500000E+02   1.089914016600000E-03
   3.330136238400000E-06   3.231108333500000E-02   5.000000000000000E-01   5.000000000000000E-01   2.645184561600000E-29  -9.820912285599999E+01   8.680555361500000E+02   1.096641854200000E-03
   3.371122049000000E-06   3.250930993500000E-02   5.000000000000000E-01   5.000000000000000E-01   5.380432195300000E-28  -9.820912089900000E+01   8.680555361500000E+02   1.103369691300000E-03
   3.412358534600000E-06   3.270753651800000E-02   5.000000000000000E-01   5.000000000000000E-01   1.426928582700000E-28  -9.820911893000000E+01   8.680555361500000E+02   1.110097527900000E-03
   3.453845699000000E-06   3.290576308500000E-02   5.000000000000000E-01   5.000000000000000E-01  -2.592206907200000E-29  -9.820911694900001E+01   8.680555361500000E+02   1.116825364000000E-03
   3.495583534400000E-06   3.310398963500000E-02   5.000000000000000E-01   5.000000000000000E-01   1.455661546100000E-28  -9.820911495700000E+01   8.680555361500000E+02   1.123553199700000E-03
   3.537572044000000E-06   3.330221616800000E-02   5.000000000000000E-01   5.000000000000000E-01   8.840715371300000E-29  -9.820911295200000E+01   8.680555361500000E+02   1.130281034800000E-03
   3.579811228700000E-06   3.350044268400000E-02   5.000000000000000E-01   5.000000000000000E-01   1.455717651600000E-28  -9.820911093500000E+01   8.680555361500000E+02   1.137008869400000E-03
   3.622301093800000E-06   3.369866918200000E-02   5.000000000000000E-01   5.000000000000000E-01  -5.975289103000000E-28  -9.820910890700000E+01   8.680555361500000E+02   1.143736703400000E-03
   3.665041628500000E-06   3.389689566400000E-02   5.000000000000000E-01   5.000000000000000E-01  -2.509893784300000E-28  -9.820910686600000E+01   8.680555361500000E+02   1.150464537000000E-03
   3.708032840300000E-06   3.409512212800000E-02   5.000000000000000E-01   5.000000000000000E-01  -1.223778879800000E-28  -9.820910481400000E+01   8.680555361500000E+02   1.157192370100000E-03
   3.751274726200000E-06   3.429334857500000E-02   5.000000000000000E-01   5.000000000000000E-01  -1.027304183100000E-28  -9.820910274900000E+01   8.680555361500000E+02   1.163920202600000E-03
   3.794767290700000E-06   3.449157500400000E-02   5.000000000000000E-01   5.000000000000000E-01  -2.822020941900000E-28  -9.820910067299999E+01   8.680555361500000E+02   1.170648034600000E-03
   3.838510530100000E-06   3.468980141600000E-02   5.000000000000000E-01   5.000000000000000E-01   2.352432396900000E-28  -9.820909858400000E+01   8.680555361500000E+02   1.177375866100000E-03
   3.882504439300000E-06   3.488802781000000E-02   5.000000000000000E-01   5.000000000000000E-01   3.544502821200000E-28  -9.820909648400000E+01   8.680555361500000E+02   1.184103697100000E-03
   3.926749030800000E-06   3.508625418600000E-02   5.000000000000000E-01   5.000000000000000E-01  -4.852700718700000E-29  -9.820909437100001E+01   8.680555361500000E+02   1.190831527500000E-03
   3.971244289700000E-06   3.528448054400000E-02   5.000000000000000E-01   5.000000000000000E-01   1.751169019200000E-28  -9.820909224700000E+01   8.680555361500000E+02   1.197559357400000E-03
   4.015990226300000E-06   3.548270688500000E-02   5.000000000000000E-01   5.000000000000000E-01   8.545021165700000E-29  -9.820909011099999E+01   8.680555361500000E+02   1.204287186700000E-03
   4.060986838300000E-06   3.568093320700000E-02   5.000000000000000E-01   5.000000000000000E-01  -1.178534975800000E-28  -9.820908796200000E+01   8.680555361500000E+02   1.211015015500000E-03
   4.106234122400000E-06   3.587915951000000E-02   5.000000000000000E-01   5.000000000000000E-01  -3.211572068100000E-28  -9.820908580200000E+01   8.680555361500000E+02   1.217742843800000E-03
   4.151732082400000E-06   3.607738579600000E-02   5.000000000000000E-01   5.000000000000000E-01   1.573611983500000E-28  -9.820908362999999E+01   8.680555361500000E+02   1.224470671500000E-03
   4.197480718500000E-06   3.627561206300000E-02   5.000000000000000E-01   5.000000000000000E-01   4.205438866900000E-28  -9.820908144600000E+01   8.680555361500000E+02   1.231198498700000E-03
   4.243480024800000E-06   3.647383831200000E-02   5.000000000000000E-01   5.000000000000000E-01  -6.994843417500000E-29  -9.820907925000000E+01   8.680555361500000E+02   1.237926325300000E-03
   4.289730010500000E-06   3.667206454100000E-02   5.000000000000000E-01   5.000000000000000E-01  -1.297693209700000E-28  -9.820907704200000E+01   8.680555361500000E+02   1.244654151300000E-03
   4.336230668000000E-06   3.687029075300000E-02   5.000000000000000E-01   5.000000000000000E-01   1.461748465900000E-29  -9.820907482100000E+01   8.680555361500000E+02   1.251381976800000E-03
   4.382982000000000E-06   3.706851694500000E-02   5.000000000000000E-01   5.000000000000000E-01  -2.494110945900000E-28  -9.820907258900000E+01   8.680555361500000E+02   1.258109801800000E-03
   4.429984005000000E-06   3.726674311800000E-02   5.000000000000000E-01   5.000000000000000E-01  -3.092319812300000E-28  -9.820907034500000E+01   8.680555361500000E+02   1.264837626100000E-03
   4.477236684600000E-06   3.746496927300000E-02   5.000000000000000E-01   5.000000000000000E-01  -5.182756141400000E-29  -9.820906808900000E+01   8.680555361500000E+02   1.271565449900000E-03
   4.524740040800000E-06   3.766319540800000E-02   5.000000000000000E-01   5.000000000000000E-01  -4.288737551400000E-28  -9.820906582100000E+01   8.680555361500000E+02   1.278293273200000E-03
   4.572494073000000E-06   3.786142152400000E-02   5.000000000000000E-01   5.000000000000000E-01   4.001420256100000E-29  -9.820906354100001E+01   8.680555361500000E+02   1.285021095800000E-03
   4.620498772800000E-06   3.805964762100000E-02   5.000000000000000E-01   5.000000000000000E-01  -3.502941476600000E-28  -9.820906124900000E+01   8.680555361500000E+02   1.291748917900000E-03
   4.668754155200000E-06   3.825787369800000E-02   5.000000000000000E-01   5.000000000000000E-01  -9.620526658700000E-29  -9.820905894500000E+01   8.680555361500000E+02   1.298476739400000E-03
   4.717260203400000E-06   3.845609975500000E-02   5.000000000000000E-01   5.000000000000000E-01   5.048407587100000E-29  -9.820905662900000E+01   8.680555361500000E+02   1.305204560300000E-03
   4.766016933300000E-06   3.865432579300000E-02   5.000000000000000E-01   5.000000000000000E-01  -4.571117140800000E-28  -9.820905430200000E+01   8.680555361500000E+02   1.311932380600000E-03
   4.815024333700000E-06   3.885255181200000E-02   5.000000000000000E-01   5.000000000000000E-01   3.438627615300000E-28  -9.820905196200000E+01   8.680555361500000E+02   1.318660200400000E-03
   4.864282405600000E-06   3.905077781000000E-02   5.000000000000000E-01   5.000000000000000E-01   4.905521039600000E-28  -9.820904960999999E+01   8.680555361500000E+02   1.325388019500000E-03
   4.913791150400000E-06   3.924900378900000E-02   5.000000000000000E-01   5.000000000000000E-01   4.228057177700000E-28  -9.820904724600000E+01   8.680555361500000E+02   1.332115838100000E-03
   4.963550574600000E-06   3.944722974700000E-02   5.000000000000000E-01   5.000000000000000E-01   1.406236028400000E-28  -9.820904487100000E+01   8.680555361500000E+02   1.338843656000000E-03
   5.013560667700000E-06   3.964545568500000E-02   5.000000000000000E-01   5.000000000000000E-01   7.287721678300000E-29  -9.820904248300000E+01   8.680555361500000E+02   1.345571473400000E-03
   5.063821435200000E-06   3.984368160300000E-02   5.000000000000000E-01   5.000000000000000E-01  -2.051788801000000E-28  -9.820904008399999E+01   8.680555361500000E+02   1.352299290100000E-03
   5.114332873300000E-06   4.004190750100000E-02   5.000000000000000E-01   5.000000000000000E-01  -6.261555500400001E-29  -9.820903767199999E+01   8.680555361500000E+02   1.359027106200000E-03
   5.165094992000000E-06   4.024013337800000E-02   5.000000000000000E-01   5.000000000000000E-01   7.994777008400000E-29  -9.820903524900000E+01   8.680555361500000E+02   1.365754921800000E-03
   5.216107787000000E-06   4.043835923500000E-02   5.000000000000000E-01   5.000000000000000E-01   2.225110951700000E-28  -9.820903281299999E+01   8.680555361500000E+02   1.372482736700000E-03
   5.267371245000000E-06   4.063658507100000E-02   5.000000000000000E-01   5.000000000000000E-01  -2.440568015700000E-28  -9.820903036500000E+01   8.680555361500000E+02   1.379210551000000E-03
   5.318885384700000E-06   4.083481088600000E-02   5.000000000000000E-01   5.000000000000000E-01   3.045940052900000E-28  -9.820902790600000E+01   8.680555361500000E+02   1.385938364600000E-03
   5.370650188100000E-06   4.103303668000000E-02   5.000000000000000E-01   5.000000000000000E-01  -2.551112417400000E-28  -9.820902543500000E+01   8.680555361500000E+02   1.392666177700000E-03
   5.422665670400000E-06   4.123126245400000E-02   5.000000000000000E-01   5.000000000000000E-01   5.152107767000000E-28  -9.820902295099999E+01   8.680555361500000E+02   1.399393990100000E-03
   5.474931829600000E-06   4.142948820600000E-02   5.000000000000000E-01   5.000000000000000E-01   1.771767399000000E-28  -9.820902045600000E+01   8.680555361500000E+02   1.406121801900000E-03
   5.527448663600000E-06   4.162771393700000E-02   5.000000000000000E-01   5.000000000000000E-01  -5.997379461200000E-28  -9.820901794800000E+01   8.680555361500000E+02   1.412849613100000E-03
   5.580216160800000E-06   4.182593964700000E-02   5.000000000000000E-01   5.000000000000000E-01  -6.001068360799999E-29  -9.820901542900000E+01   8.680555361500000E+02   1.419577423600000E-03
   5.633234337100000E-06   4.202416533600000E-02   5.000000000000000E-01   5.000000000000000E-01   6.991569037700000E-28  -9.820901289800000E+01   8.680555361500000E+02   1.426305233500000E-03
   5.686503180600000E-06   4.222239100300000E-02   5.000000000000000E-01   5.000000000000000E-01   3.982996195900000E-28  -9.820901035400000E+01   8.680555361500000E+02   1.433033042700000E-03
   5.740022699800000E-06   4.242061664800000E-02   5.000000000000000E-01   5.000000000000000E-01   4.154497977400000E-28  -9.820900779900001E+01   8.680555361500000E+02   1.439760851300000E-03
   5.793792896100000E-06   4.261884227200000E-02   5.000000000000000E-01   5.000000000000000E-01  -2.034149491600000E-28  -9.820900523200000E+01   8.680555361500000E+02   1.446488659300000E-03
   5.847813766000000E-06   4.281706787400000E-02   5.000000000000000E-01   5.000000000000000E-01   2.960989606300000E-28  -9.820900265300000E+01   8.680555361500000E+02   1.453216466600000E-03
   5.902085307400000E-06   4.301529345400000E-02   5.000000000000000E-01   5.000000000000000E-01  -9.909005552900000E-29  -9.820900006200000E+01   8.680555361500000E+02   1.459944273300000E-03
   5.956607519300000E-06   4.321351901300000E-02   5.000000000000000E-01   5.000000000000000E-01  -4.942790716700000E-28  -9.820899745900000E+01   8.680555361500000E+02   1.466672079300000E-03
   6.011380400900000E-06   4.341174454900000E-02   5.000000000000000E-01   5.000000000000000E-01   1.495991702200000E-28  -9.820899484400000E+01   8.680555361500000E+02   1.473399884600000E-03
   6.066403958300000E-06   4.360997006300000E-02   5.000000000000000E-01   5.000000000000000E-01  -3.777639482600000E-29  -9.820899221600000E+01   8.680555361500000E+02   1.480127689300000E-03
   6.121678186900000E-06   4.380819555400000E-02   5.000000000000000E-01   5.000000000000000E-01   1.904749441100000E-28  -9.820898957700000E+01   8.680555361500000E+02   1.486855493300000E-03
   6.177203089000000E-06   4.400642102400000E-02   5.000000000000000E-01   5.000000000000000E-01   2.116264323300000E-28  -9.820898692700000E+01   8.680555361500000E+02   1.493583296600000E-03
   6.232978668000000E-06   4.420464647000000E-02   5.000000000000000E-01   5.000000000000000E-01  -8.025684074000000E-28  -9.820898426399999E+01   8.680555361500000E+02   1.500311099300000E-03
   6.289004911700000E-06   4.440287189500000E-02   5.000000000000000E-01   5.000000000000000E-01   2.539294100700000E-28  -9.820898158900000E+01   8.680555361500000E+02   1.507038901300000E-03
   6.345281838000000E-06   4.460109729600000E-02   5.000000000000000E-01   5.000000000000000E-01   5.025820507100000E-28  -9.820897890200000E+01   8.680555361500000E+02   1.513766702600000E-03
   6.401809430700000E-06   4.479932267500000E-02   5.000000000000000E-01   5.000000000000000E-01  -5.661048625500000E-29  -9.820897620300001E+01   8.680555361500000E+02   1.520494503300000E-03
   6.458587690500000E-06   4.499754803100000E-02   5.000000000000000E-01   5.000000000000000E-01   1.920421545500000E-28  -9.820897349200000E+01   8.680555361500000E+02   1.527222303200000E-03
   6.515616626300000E-06   4.519577336400000E-02   5.000000000000000E-01   5.000000000000000E-01  -3.987368576900000E-28  -9.820897076999999E+01   8.680555361500000E+02   1.533950102500000E-03
   6.572896231100000E-06   4.539399867400000E-02   5.000000000000000E-01   5.000000000000000E-01   5.977369746400000E-29  -9.820896803600000E+01   8.680555361500000E+02   1.540677901100000E-03
   6.630426517100000E-06   4.559222396000000E-02   5.000000000000000E-01   5.000000000000000E-01  -1.112894882100000E-28  -9.820896528900001E+01   8.680555361500000E+02   1.547405699000000E-03
   6.688207471400000E-06   4.579044922400000E-02   5.000000000000000E-01   5.000000000000000E-01  -5.154956991400000E-28  -9.820896252900000E+01   8.680555361500000E+02   1.554133496200000E-03
   6.746239093100000E-06   4.598867446400000E-02   5.000000000000000E-01   5.000000000000000E-01   1.287019167400000E-29  -9.820895975900000E+01   8.680555361500000E+02   1.560861292600000E-03
   6.804521390300000E-06   4.618689968000000E-02   5.000000000000000E-01   5.000000000000000E-01  -8.576220711200000E-28  -9.820895697600000E+01   8.680555361500000E+02   1.567589088400000E-03
   6.863054356500000E-06   4.638512487300000E-02   5.000000000000000E-01   5.000000000000000E-01   2.528775044100000E-28  -9.820895418100000E+01   8.680555361500000E+02   1.574316883500000E-03
   6.921837999300000E-06   4.658335004200000E-02   5.000000000000000E-01   5.000000000000000E-01   4.829362618900000E-28  -9.820895137500000E+01   8.680555361500000E+02   1.581044677900000E-03
   6.980872306100000E-06   4.678157518700000E-02   5.000000000000000E-01   5.000000000000000E-01   4.928848148000000E-28  -9.820894855600000E+01   8.680555361500000E+02   1.587772471600000E-03
   7.040157288200000E-06   4.697980030900000E-02   5.000000000000000E-01   5.000000000000000E-01   6.356500243900000E-29  -9.820894572700000E+01   8.680555361500000E+02   1.594500264500000E-03
   7.099692945200000E-06   4.717802540600000E-02   5.000000000000000E-01   5.000000000000000E-01   7.351355563200000E-29  -9.820894288400000E+01   8.680555361500000E+02   1.601228056800000E-03
   7.159479268800000E-06   4.737625048000000E-02   5.000000000000000E-01   5.000000000000000E-01   7.423646576000000E-28  -9.820894002999999E+01   8.680555361500000E+02   1.607955848300000E-03
   7.219516264600000E-06   4.757447552900000E-02   5.000000000000000E-01   5.000000000000000E-01   1.290540229800000E-28  -9.820893716300000E+01   8.680555361500000E+02   1.614683639100000E-03
   7.279803935900000E-06   4.777270055400000E-02   5.000000000000000E-01   5.000000000000000E-01  -2.705629887100000E-28  -9.820893428500000E+01   8.680555361500000E+02   1.621411429200000E-03
   7.340342279600000E-06   4.797092555400000E-02   5.000000000000000E-01   5.000000000000000E-01   1.845944918200000E-28  -9.820893139499999E+01   8.680555361500000E+02   1.628139218500000E-03
   7.401131289500000E-06   4.816915053000000E-02   5.000000000000000E-01   5.000000000000000E-01  -3.551170122600000E-28  -9.820892849200000E+01   8.680555361500000E+02   1.634867007100000E-03
   7.462170973000000E-06   4.836737548200000E-02   5.000000000000000E-01   5.000000000000000E-01  -3.973940236200000E-28  -9.820892557700000E+01   8.680555361500000E+02   1.641594795000000E-03
   7.523461325000000E-06   4.856560040800000E-02   5.000000000000000E-01   5.000000000000000E-01  -1.909537884400000E-28  -9.820892265099999E+01   8.680555361500000E+02   1.648322582100000E-03
   7.585002348900000E-06   4.876382531000000E-02   5.000000000000000E-01   5.000000000000000E-01   1.548644673800000E-29  -9.820891971300000E+01   8.680555361500000E+02   1.655050368500000E-03
   7.646794041499999E-06   4.896205018700000E-02   5.000000000000000E-01   5.000000000000000E-01  -7.074692816600000E-28  -9.820891676300000E+01   8.680555361500000E+02   1.661778154200000E-03
   7.708836408999999E-06   4.916027503900000E-02   5.000000000000000E-01   5.000000000000000E-01  -5.010290457500000E-28  -9.820891380099999E+01   8.680555361500000E+02   1.668505939100000E-03
   7.771129448000000E-06   4.935849986600000E-02   5.000000000000000E-01   5.000000000000000E-01   1.789655832900000E-28  -9.820891082700000E+01   8.680555361500000E+02   1.675233723200000E-03
   7.833673155100000E-06   4.955672466700000E-02   5.000000000000000E-01   5.000000000000000E-01   1.486286226800000E-28  -9.820890784100000E+01   8.680555361500000E+02   1.681961506600000E-03
   7.896467531100000E-06   4.975494944400000E-02   5.000000000000000E-01   5.000000000000000E-01  -1.184855346500000E-28  -9.820890484200000E+01   8.680555361500000E+02   1.688689289300000E-03
   7.959512581500001E-06   4.995317419500000E-02   5.000000000000000E-01   5.000000000000000E-01  -1.656243889400000E-28  -9.820890183300000E+01   8.680555361500000E+02   1.695417071200000E-03
   8.022808302100000E-06   5.015139892000000E-02   5.000000000000000E-01   5.000000000000000E-01   7.212059973500001E-30  -9.820889881100000E+01   8.680555361500000E+02   1.702144852300000E-03
   8.086354694000000E-06   5.034962362000000E-02   5.000000000000000E-01   5.000000000000000E-01   4.000238122300000E-28  -9.820889577700000E+01   8.680555361500000E+02   1.708872632700000E-03
   8.150151756200000E-06   5.054784829400000E-02   5.000000000000000E-01   5.000000000000000E-01  -9.550700872300000E-29  -9.820889273100001E+01   8.680555361500000E+02   1.715600412300000E-03
   8.214199483399999E-06   5.074607294200000E-02   5.000000000000000E-01   5.000000000000000E-01   7.521910074300000E-29  -9.820888967300000E+01   8.680555361500000E+02   1.722328191100000E-03
   8.278497889300000E-06   5.094429756400000E-02   5.000000000000000E-01   5.000000000000000E-01  -1.982260770600000E-28  -9.820888660300000E+01   8.680555361500000E+02   1.729055969100000E-03
   8.343046961100000E-06   5.114252216000000E-02   5.000000000000000E-01   5.000000000000000E-01   2.541848222000000E-28  -9.820888352199999E+01   8.680555361500000E+02   1.735783746400000E-03
   8.407846701599999E-06   5.134074673100000E-02   5.000000000000000E-01   5.000000000000000E-01   4.646436955600000E-28  -9.820888042800000E+01   8.680555361500000E+02   1.742511522900000E-03
   8.472897116300000E-06   5.153897127400000E-02   5.000000000000000E-01   5.000000000000000E-01   4.331505428300000E-28  -9.820887732300000E+01   8.680555361500000E+02   1.749239298600000E-03
   8.538198196900000E-06   5.173719579200000E-02   5.000000000000000E-01   5.000000000000000E-01   1.877166379900000E-28  -9.820887420400000E+01   8.680555361500000E+02   1.755967073500000E-03
   8.603749945300000E-06   5.193542028300000E-02   5.000000000000000E-01   5.000000000000000E-01   3.701642382900000E-28  -9.820887107400000E+01   8.680555361500000E+02   1.762694847700000E-03
   8.669552370300000E-06   5.213364474800000E-02   5.000000000000000E-01   5.000000000000000E-01  -8.921041851500000E-29  -9.820886793299999E+01   8.680555361500000E+02   1.769422621000000E-03
   8.735605462100000E-06   5.233186918600000E-02   5.000000000000000E-01   5.000000000000000E-01   5.222971384200000E-28  -9.820886477900000E+01   8.680555361500000E+02   1.776150393500000E-03
   8.801909223400001E-06   5.253009359700000E-02   5.000000000000000E-01   5.000000000000000E-01  -3.654304049900000E-28  -9.820886161400000E+01   8.680555361500000E+02   1.782878165300000E-03
   8.868463654300001E-06   5.272831798200000E-02   5.000000000000000E-01   5.000000000000000E-01  -1.822757330200000E-28  -9.820885843600000E+01   8.680555361500000E+02   1.789605936200000E-03
   8.935268754899999E-06   5.292654233900000E-02   5.000000000000000E-01   5.000000000000000E-01   8.789389471599999E-31  -9.820885524700000E+01   8.680555361500000E+02   1.796333706400000E-03
   9.002324530000000E-06   5.312476666900000E-02   5.000000000000000E-01   5.000000000000000E-01  -6.362616638100000E-28  -9.820885204500000E+01   8.680555361500000E+02   1.803061475700000E-03
   9.069630967199999E-06   5.332299097300000E-02   5.000000000000000E-01   5.000000000000000E-01   3.671882840300000E-28  -9.820884883200000E+01   8.680555361500000E+02   1.809789244200000E-03
   9.137188075900000E-06   5.352121524900000E-02   5.000000000000000E-01   5.000000000000000E-01   7.309730487299999E-29  -9.820884560600000E+01   8.680555361500000E+02   1.816517011900000E-03
   9.204995858200000E-06   5.371943949800000E-02   5.000000000000000E-01   5.000000000000000E-01   2.115199683800000E-28  -9.820884236900000E+01   8.680555361500000E+02   1.823244778800000E-03
   9.273054303699999E-06   5.391766371900000E-02   5.000000000000000E-01   5.000000000000000E-01  -8.257101111100000E-29  -9.820883911999999E+01   8.680555361500000E+02   1.829972544900000E-03
   9.341363415800001E-06   5.411588791300000E-02   5.000000000000000E-01   5.000000000000000E-01   7.297839131900000E-28  -9.820883585800000E+01   8.680555361500000E+02   1.836700310200000E-03
   9.409923203200000E-06   5.431411207900000E-02   5.000000000000000E-01   5.000000000000000E-01  -6.885429060099999E-30  -9.820883258500000E+01   8.680555361500000E+02   1.843428074600000E-03
   9.478733659200000E-06   5.451233621700000E-02   5.000000000000000E-01   5.000000000000000E-01   5.841803153900000E-28  -9.820882930000000E+01   8.680555361500000E+02   1.850155838200000E-03
   9.547794784900000E-06   5.471056032800000E-02   5.000000000000000E-01   5.000000000000000E-01  -3.330850402100000E-28  -9.820882600200000E+01   8.680555361500000E+02   1.856883600900000E-03
   9.617106578400000E-06   5.490878441000000E-02   5.000000000000000E-01   5.000000000000000E-01   6.889324486700000E-28  -9.820882269300000E+01   8.680555361500000E+02   1.863611362900000E-03
   9.686669036399999E-06   5.510700846500000E-02   5.000000000000000E-01   5.000000000000000E-01   4.180947064600000E-28  -9.820881937199999E+01   8.680555361500000E+02   1.870339124000000E-03
   9.756482173499999E-06   5.530523249100000E-02   5.000000000000000E-01   5.000000000000000E-01  -7.431436290300000E-29  -9.820881603900000E+01   8.680555361500000E+02   1.877066884200000E-03
   9.826545972700000E-06   5.550345648900000E-02   5.000000000000000E-01   5.000000000000000E-01   3.195618771700000E-28  -9.820881269300000E+01   8.680555361500000E+02   1.883794643600000E-03
   9.896860438499999E-06   5.570168045900000E-02   5.000000000000000E-01   5.000000000000000E-01   4.872413461400000E-29  -9.820880933600000E+01   8.680555361500000E+02   1.890522402200000E-03
   9.967425580000001E-06   5.589990440100000E-02   5.000000000000000E-01   5.000000000000000E-01  -2.221136079300000E-28  -9.820880596799999E+01   8.680555361500000E+02   1.897250159900000E-03
   1.003824138500000E-05   5.609812831300000E-02   5.000000000000000E-01   5.000000000000000E-01  -4.929513504600000E-28  -9.820880258699999E+01   8.680555361500000E+02   1.903977916800000E-03
   1.010930785700000E-05   5.629635219700000E-02   5.000000000000000E-01   5.000000000000000E-01   1.183835716500000E-28  -9.820879919399999E+01   8.680555361500000E+02   1.910705672800000E-03
   1.018062499400000E-05   5.649457605300000E-02   5.000000000000000E-01   5.000000000000000E-01  -4.112886866600000E-28  -9.820879578900001E+01   8.680555361500000E+02   1.917433427900000E-03
   1.025219280600000E-05   5.669279987900000E-02   5.000000000000000E-01   5.000000000000000E-01  -2.563566361400000E-28  -9.820879237200000E+01   8.680555361500000E+02   1.924161182200000E-03
   1.032401128600000E-05   5.689102367700000E-02   5.000000000000000E-01   5.000000000000000E-01   3.549782873000000E-28  -9.820878894300000E+01   8.680555361500000E+02   1.930888935600000E-03
   1.039608042900000E-05   5.708924744500000E-02   5.000000000000000E-01   5.000000000000000E-01   6.448754552900000E-29  -9.820878550300000E+01   8.680555361500000E+02   1.937616688200000E-03
   1.046840024400000E-05   5.728747118500000E-02   5.000000000000000E-01   5.000000000000000E-01  -9.023724456900000E-28  -9.820878205000000E+01   8.680555361500000E+02   1.944344439800000E-03
   1.054097073000000E-05   5.748569489500000E-02   5.000000000000000E-01   5.000000000000000E-01  -2.910375194800000E-28  -9.820877858500000E+01   8.680555361500000E+02   1.951072190700000E-03
   1.061379187900000E-05   5.768391857600000E-02   5.000000000000000E-01   5.000000000000000E-01   9.608530387699999E-29  -9.820877510699999E+01   8.680555361500000E+02   1.957799940600000E-03
   1.068686369500000E-05   5.788214222700000E-02   5.000000000000000E-01   5.000000000000000E-01   4.832081272100000E-28  -9.820877161900000E+01   8.680555361500000E+02   1.964527689600000E-03
   1.076018618400000E-05   5.808036584900000E-02   5.000000000000000E-01   5.000000000000000E-01  -2.507295655300000E-28  -9.820876811799999E+01   8.680555361500000E+02   1.971255437800000E-03
   1.083375933700000E-05   5.827858944100000E-02   5.000000000000000E-01   5.000000000000000E-01   5.274364867300000E-28  -9.820876460600000E+01   8.680555361500000E+02   1.977983185100000E-03
   1.090758315800000E-05   5.847681300300000E-02   5.000000000000000E-01   5.000000000000000E-01   1.089587718000000E-27  -9.820876108100001E+01   8.680555361500000E+02   1.984710931500000E-03
   1.098165764700000E-05   5.867503653500000E-02   5.000000000000000E-01   5.000000000000000E-01  -7.637961937100000E-29  -9.820875754399999E+01   8.680555361500000E+02   1.991438677000000E-03
   1.105598279800000E-05   5.887326003800000E-02   5.000000000000000E-01   5.000000000000000E-01  -3.606526690700000E-28  -9.820875399500000E+01   8.680555361500000E+02   1.998166421600000E-03
   1.113055862200000E-05   5.907148351000000E-02   5.000000000000000E-01   5.000000000000000E-01   1.634499752000000E-29  -9.820875043500000E+01   8.680555361500000E+02   2.004894165300000E-03
   1.120538511500000E-05   5.926970695200000E-02   5.000000000000000E-01   5.000000000000000E-01  -4.750448048300000E-29  -9.820874686200000E+01   8.680555361500000E+02   2.011621908100000E-03
   1.128046227200000E-05   5.946793036400000E-02   5.000000000000000E-01   5.000000000000000E-01  -5.520202139900000E-28  -9.820874327800000E+01   8.680555361500000E+02   2.018349650000000E-03
   1.135579009400000E-05   5.966615374600000E-02   5.000000000000000E-01   5.000000000000000E-01  -3.955365636100000E-28  -9.820873968200000E+01   8.680555361500000E+02   2.025077391000000E-03
   1.143136858600000E-05   5.986437709700000E-02   5.000000000000000E-01   5.000000000000000E-01  -2.390529132300000E-28  -9.820873607300000E+01   8.680555361500000E+02   2.031805131100000E-03
   1.150719774900000E-05   6.006260041700000E-02   5.000000000000000E-01   5.000000000000000E-01  -8.256926285700000E-29  -9.820873245300000E+01   8.680555361500000E+02   2.038532870200000E-03
   1.158327757300000E-05   6.026082370700000E-02   5.000000000000000E-01   5.000000000000000E-01   7.515043915900000E-28  -9.820872882099999E+01   8.680555361500000E+02   2.045260608500000E-03
   1.165960806700000E-05   6.045904696600000E-02   5.000000000000000E-01   5.000000000000000E-01   4.534701703500000E-30  -9.820872517700001E+01   8.680555361500000E+02   2.051988345800000E-03
   1.173618922300000E-05   6.065727019400000E-02   5.000000000000000E-01   5.000000000000000E-01  -3.338299521000000E-28  -9.820872152000000E+01   8.680555361500000E+02   2.058716082200000E-03
   1.181302104900000E-05   6.085549339100000E-02   5.000000000000000E-01   5.000000000000000E-01  -4.678920877100000E-28  -9.820871785200001E+01   8.680555361500000E+02   2.065443817700000E-03
   1.189010354400000E-05   6.105371655700000E-02   5.000000000000000E-01   5.000000000000000E-01   2.152558501200000E-28  -9.820871417200000E+01   8.680555361500000E+02   2.072171552300000E-03
   1.196743670200000E-05   6.125193969200000E-02   5.000000000000000E-01   5.000000000000000E-01   6.813662163900000E-28  -9.820871047999999E+01   8.680555361500000E+02   2.078899285900000E-03
   1.204502053000000E-05   6.145016279600000E-02   5.000000000000000E-01   5.000000000000000E-01  -1.022899134800000E-27  -9.820870677600000E+01   8.680555361500000E+02   2.085627018600000E-03
   1.212285502000000E-05   6.164838586800000E-02   5.000000000000000E-01   5.000000000000000E-01   5.283990931500000E-28  -9.820870306000000E+01   8.680555361500000E+02   2.092354750400000E-03
   1.220094017900000E-05   6.184660890900000E-02   5.000000000000000E-01   5.000000000000000E-01  -6.856778205000000E-28  -9.820869933100001E+01   8.680555361500000E+02   2.099082481200000E-03
   1.227927599800000E-05   6.204483191800000E-02   5.000000000000000E-01   5.000000000000000E-01   2.274569150300000E-28  -9.820869559099999E+01   8.680555361500000E+02   2.105810211100000E-03
   1.235786248600000E-05   6.224305489500000E-02   5.000000000000000E-01   5.000000000000000E-01   5.024281552200000E-28  -9.820869183900000E+01   8.680555361500000E+02   2.112537940000000E-03
   1.243669963900000E-05   6.244127784100000E-02   5.000000000000000E-01   5.000000000000000E-01  -3.551028035200000E-29  -9.820868807500000E+01   8.680555361500000E+02   2.119265668000000E-03
   1.251578746200000E-05   6.263950075499999E-02   5.000000000000000E-01   5.000000000000000E-01   2.394609605600000E-28  -9.820868429900000E+01   8.680555361500000E+02   2.125993395000000E-03
   1.259512594800000E-05   6.283772363700001E-02   5.000000000000000E-01   5.000000000000000E-01  -2.984774756400000E-28  -9.820868051100000E+01   8.680555361500000E+02   2.132721121100000E-03
   1.267471510500000E-05   6.303594648600000E-02   5.000000000000000E-01   5.000000000000000E-01   1.911571383300000E-28  -9.820867671100000E+01   8.680555361500000E+02   2.139448846200000E-03
   1.275455492500000E-05   6.323416930400000E-02   5.000000000000000E-01   5.000000000000000E-01   2.697625318600000E-28  -9.820867289900001E+01   8.680555361500000E+02   2.146176570300000E-03
   1.283464540700000E-05   6.343239208900001E-02   5.000000000000000E-01   5.000000000000000E-01   3.483679253900000E-28  -9.820866907600001E+01   8.680555361500000E+02   2.152904293500000E-03
   1.291498655600000E-05   6.363061484200000E-02   5.000000000000000E-01   5.000000000000000E-01   2.044748837700000E-28  -9.820866524100001E+01   8.680555361500000E+02   2.159632015700000E-03
   1.299557836900000E-05   6.382883756200000E-02   5.000000000000000E-01   5.000000000000000E-01   6.058184216200000E-29  -9.820866139300000E+01   8.680555361500000E+02   2.166359737000000E-03
   1.307642085000000E-05   6.402706025000000E-02   5.000000000000000E-01   5.000000000000000E-01  -7.508065061300000E-28  -9.820865753299999E+01   8.680555361500000E+02   2.173087457200000E-03
   1.315751400000000E-05   6.422528290500000E-02   5.000000000000000E-01   5.000000000000000E-01   4.450223649400000E-28  -9.820865366000000E+01   8.680555361500000E+02   2.179815176500000E-03
   1.323885780700000E-05   6.442350552700001E-02   5.000000000000000E-01   5.000000000000000E-01   7.968228611100000E-29  -9.820864977700001E+01   8.680555361500000E+02   2.186542894800000E-03
   1.332045228700000E-05   6.462172811600000E-02   5.000000000000000E-01   5.000000000000000E-01   3.834146150100000E-28  -9.820864588100000E+01   8.680555361500000E+02   2.193270612200000E-03
   1.340229742600000E-05   6.481995067300000E-02   5.000000000000000E-01   5.000000000000000E-01   2.810689670100000E-28  -9.820864197300000E+01   8.680555361500000E+02   2.199998328500000E-03
   1.348439323500000E-05   6.501817319600001E-02   5.000000000000000E-01   5.000000000000000E-01   9.908792750700000E-28  -9.820863805400001E+01   8.680555361500000E+02   2.206726043900000E-03
   1.356673970100000E-05   6.521639568600000E-02   5.000000000000000E-01   5.000000000000000E-01  -5.327392935900000E-28  -9.820863412200001E+01   8.680555361500000E+02   2.213453758300000E-03
   1.364933683800000E-05   6.541461814200000E-02   5.000000000000000E-01   5.000000000000000E-01   1.736389833100000E-28  -9.820863017900000E+01   8.680555361500000E+02   2.220181471600000E-03
   1.373218463700000E-05   6.561284056600000E-02   5.000000000000000E-01   5.000000000000000E-01   1.082744246300000E-27  -9.820862622400000E+01   8.680555361500000E+02   2.226909184000000E-03
   1.381528310500000E-05   6.581106295500000E-02   5.000000000000000E-01   5.000000000000000E-01   1.180941564000000E-27  -9.820862225600000E+01   8.680555361500000E+02   2.233636895400000E-03
   1.389863222900000E-05   6.600928531200000E-02   5.000000000000000E-01   5.000000000000000E-01   1.369896740000000E-28  -9.820861827700000E+01   8.680555361500000E+02   2.240364605700000E-03
   1.398223202100000E-05   6.620750763400000E-02   5.000000000000000E-01   5.000000000000000E-01  -2.216726906900000E-28  -9.820861428600000E+01   8.680555361500000E+02   2.247092315100000E-03
   1.406608247800000E-05   6.640572992300001E-02   5.000000000000000E-01   5.000000000000000E-01  -1.234753714100000E-28  -9.820861028200000E+01   8.680555361500000E+02   2.253820023500000E-03
   1.415018360500000E-05   6.660395217700001E-02   5.000000000000000E-01   5.000000000000000E-01  -2.485329782300000E-28  -9.820860626800000E+01   8.680555361500000E+02   2.260547730800000E-03
   1.423453539000000E-05   6.680217439800000E-02   5.000000000000000E-01   5.000000000000000E-01   2.961741939400000E-28  -9.820860224099999E+01   8.680555361500000E+02   2.267275437100000E-03
   1.431913783700000E-05   6.700039658500000E-02   5.000000000000000E-01   5.000000000000000E-01   6.176264394900000E-28  -9.820859820100000E+01   8.680555361500000E+02   2.274003142400000E-03
   1.440399094700000E-05   6.719861873700000E-02   5.000000000000000E-01   5.000000000000000E-01  -2.407964752100000E-28  -9.820859414900001E+01   8.680555361500000E+02   2.280730846700000E-03
   1.448909472900000E-05   6.739684085500000E-02   5.000000000000000E-01   5.000000000000000E-01   3.166308038700000E-28  -9.820859008600000E+01   8.680555361500000E+02   2.287458550000000E-03
   1.457444916700000E-05   6.759506293799999E-02   5.000000000000000E-01   5.000000000000000E-01   4.021080150700000E-28  -9.820858601099999E+01   8.680555361500000E+02   2.294186252200000E-03
   1.466005427400000E-05   6.779328498800000E-02   5.000000000000000E-01   5.000000000000000E-01   2.711676697300000E-28  -9.820858192300000E+01   8.680555361500000E+02   2.300913953400000E-03
   1.474591004200000E-05   6.799150700200000E-02   5.000000000000000E-01   5.000000000000000E-01   1.402273244000000E-28  -9.820857782400000E+01   8.680555361500000E+02   2.307641653600000E-03
   1.483201647400000E-05   6.818972898200000E-02   5.000000000000000E-01   5.000000000000000E-01   2.257045360400000E-28  -9.820857371300001E+01   8.680555361500000E+02   2.314369352700000E-03
   1.491837357400000E-05   6.838795092699999E-02   5.000000000000000E-01   5.000000000000000E-01   1.012821141200000E-28  -9.820856959100000E+01   8.680555361500000E+02   2.321097050800000E-03
   1.500498132900000E-05   6.858617283700000E-02   5.000000000000000E-01   5.000000000000000E-01   1.867593258700000E-28  -9.820856545600000E+01   8.680555361500000E+02   2.327824747800000E-03
   1.509183975000000E-05   6.878439471200000E-02   5.000000000000000E-01   5.000000000000000E-01   6.233690375100000E-29  -9.820856130900000E+01   8.680555361500000E+02   2.334552443800000E-03
   1.517894883400000E-05   6.898261655100001E-02   5.000000000000000E-01   5.000000000000000E-01   6.069154581000000E-28  -9.820855715099999E+01   8.680555361500000E+02   2.341280138800000E-03
   1.526630858000000E-05   6.918083835600000E-02   5.000000000000000E-01   5.000000000000000E-01  -6.325085933000000E-28  -9.820855297999999E+01   8.680555361500000E+02   2.348007832700000E-03
   1.535391899000000E-05   6.937906012500000E-02   5.000000000000000E-01   5.000000000000000E-01   5.810709438800000E-28  -9.820854879700001E+01   8.680555361500000E+02   2.354735525500000E-03
   1.544178006600000E-05   6.957728185900000E-02   5.000000000000000E-01   5.000000000000000E-01  -1.962087573900000E-28  -9.820854460100000E+01   8.680555361500000E+02   2.361463217300000E-03
   1.552989179900000E-05   6.977550355700000E-02   5.000000000000000E-01   5.000000000000000E-01   1.325444528200000E-28  -9.820854039400000E+01   8.680555361500000E+02   2.368190908000000E-03
   1.561825420100000E-05   6.997372522000000E-02   5.000000000000000E-01   5.000000000000000E-01   2.400910804700000E-28  -9.820853617500001E+01   8.680555361500000E+02   2.374918597700000E-03
   1.570686726400000E-05   7.017194684700000E-02   5.000000000000000E-01   5.000000000000000E-01  -5.041569782400000E-28  -9.820853194400000E+01   8.680555361500000E+02   2.381646286300000E-03
   1.579573098700000E-05   7.037016843799999E-02   5.000000000000000E-01   5.000000000000000E-01  -6.095590226800000E-28  -9.820852770200000E+01   8.680555361500000E+02   2.388373973800000E-03
   1.588484537000000E-05   7.056838999300000E-02   5.000000000000000E-01   5.000000000000000E-01   1.368336209100000E-28  -9.820852344700000E+01   8.680555361500000E+02   2.395101660200000E-03
   1.597421042300000E-05   7.076661151200000E-02   5.000000000000000E-01   5.000000000000000E-01   1.318329801300000E-27  -9.820851918200000E+01   8.680555361500000E+02   2.401829345600000E-03
   1.606382613000000E-05   7.096483299500000E-02   5.000000000000000E-01   5.000000000000000E-01  -7.634505479600000E-28  -9.820851490299999E+01   8.680555361500000E+02   2.408557029900000E-03
   1.615369250800000E-05   7.116305444200000E-02   5.000000000000000E-01   5.000000000000000E-01   4.180456359200000E-28  -9.820851061300000E+01   8.680555361500000E+02   2.415284713100000E-03
   1.624380953900000E-05   7.136127585200000E-02   5.000000000000000E-01   5.000000000000000E-01   8.055166603700000E-29  -9.820850630800000E+01   8.680555361500000E+02   2.422012395200000E-03
   1.633417723500000E-05   7.155949722600000E-02   5.000000000000000E-01   5.000000000000000E-01   5.025527739200000E-28  -9.820850199400000E+01   8.680555361500000E+02   2.428740076300000E-03
   1.642479559600000E-05   7.175771856400000E-02   5.000000000000000E-01   5.000000000000000E-01   4.182238293500000E-28  -9.820849766700000E+01   8.680555361500000E+02   2.435467756200000E-03
   1.651566462100000E-05   7.195593986399999E-02   5.000000000000000E-01   5.000000000000000E-01  -1.336639907500000E-27  -9.820849333000000E+01   8.680555361500000E+02   2.442195435100000E-03
   1.660678429600000E-05   7.215416112799999E-02   5.000000000000000E-01   5.000000000000000E-01   1.681452910600000E-27  -9.820848898000000E+01   8.680555361500000E+02   2.448923112800000E-03
   1.669815463900000E-05   7.235238235499999E-02   5.000000000000000E-01   5.000000000000000E-01  -7.893543158500000E-28  -9.820848461800000E+01   8.680555361500000E+02   2.455650789500000E-03
   1.678977564900000E-05   7.255060354600000E-02   5.000000000000000E-01   5.000000000000000E-01   3.153901885200000E-28  -9.820848024300000E+01   8.680555361500000E+02   2.462378465000000E-03
   1.688164731900000E-05   7.274882469900000E-02   5.000000000000000E-01   5.000000000000000E-01  -2.484561167300000E-28  -9.820847585600001E+01   8.680555361500000E+02   2.469106139500000E-03
   1.697376964100000E-05   7.294704581500000E-02   5.000000000000000E-01   5.000000000000000E-01  -1.050672537900000E-27  -9.820847145800001E+01   8.680555361500000E+02   2.475833812800000E-03
   1.706614263100000E-05   7.314526689299999E-02   5.000000000000000E-01   5.000000000000000E-01  -6.454413043000000E-28  -9.820846704700000E+01   8.680555361500000E+02   2.482561485000000E-03
   1.715876627700000E-05   7.334348793500001E-02   5.000000000000000E-01   5.000000000000000E-01   7.257480541000000E-28  -9.820846262500000E+01   8.680555361500000E+02   2.489289156100000E-03
   1.725164058800000E-05   7.354170893900000E-02   5.000000000000000E-01   5.000000000000000E-01   1.130979286400000E-27  -9.820845819100001E+01   8.680555361500000E+02   2.496016826100000E-03
   1.734476556400000E-05   7.373992990500000E-02   5.000000000000000E-01   5.000000000000000E-01  -1.150367571000000E-28  -9.820845374400000E+01   8.680555361500000E+02   2.502744494900000E-03
   1.743814118900000E-05   7.393815083400000E-02   5.000000000000000E-01   5.000000000000000E-01   5.430200898400000E-29  -9.820844928600000E+01   8.680555361500000E+02   2.509472162700000E-03
   1.753176748300000E-05   7.413637172500000E-02   5.000000000000000E-01   5.000000000000000E-01   2.236407750600000E-28  -9.820844481600000E+01   8.680555361500000E+02   2.516199829300000E-03
   1.762564443800000E-05   7.433459257800000E-02   5.000000000000000E-01   5.000000000000000E-01  -2.972596801700000E-29  -9.820844033500001E+01   8.680555361500000E+02   2.522927494800000E-03
   1.771977205300000E-05   7.453281339300000E-02   5.000000000000000E-01   5.000000000000000E-01   1.396127984000000E-28  -9.820843584100000E+01   8.680555361500000E+02   2.529655159100000E-03
   1.781415032300000E-05   7.473103417000000E-02   5.000000000000000E-01   5.000000000000000E-01   5.203043197100000E-28  -9.820843133500000E+01   8.680555361500000E+02   2.536382822300000E-03
   1.790877926600000E-05   7.492925490900000E-02   5.000000000000000E-01   5.000000000000000E-01  -1.846230763200000E-28  -9.820842681700000E+01   8.680555361500000E+02   2.543110484400000E-03
   1.800365885600000E-05   7.512747560999999E-02   5.000000000000000E-01   5.000000000000000E-01  -8.895504723300000E-28  -9.820842228700000E+01   8.680555361500000E+02   2.549838145300000E-03
   1.809878911200000E-05   7.532569627200000E-02   5.000000000000000E-01   5.000000000000000E-01   7.938837550000000E-28  -9.820841774500001E+01   8.680555361500000E+02   2.556565805100000E-03
   1.819417003000000E-05   7.552391689600001E-02   5.000000000000000E-01   5.000000000000000E-01  -4.117583984600000E-28  -9.820841319199999E+01   8.680555361500000E+02   2.563293463700000E-03
   1.828980160400000E-05   7.572213748100000E-02   5.000000000000000E-01   5.000000000000000E-01   6.049658973100000E-28  -9.820840862700000E+01   8.680555361500000E+02   2.570021121200000E-03
   1.838568383700000E-05   7.592035802700001E-02   5.000000000000000E-01   5.000000000000000E-01  -1.562029683000000E-28  -9.820840404899999E+01   8.680555361500000E+02   2.576748777500000E-03
   1.848181672800000E-05   7.611857853499999E-02   5.000000000000000E-01   5.000000000000000E-01   7.911315949400000E-28  -9.820839945700000E+01   8.680555361500000E+02   2.583476432700000E-03
   1.857820028400000E-05   7.631679900400000E-02   5.000000000000000E-01   5.000000000000000E-01   2.996273232600000E-29  -9.820839485499999E+01   8.680555361500000E+02   2.590204086700000E-03
   1.867483449600000E-05   7.651501943400001E-02   5.000000000000000E-01   5.000000000000000E-01   1.230455835100000E-28  -9.820839024100000E+01   8.680555361500000E+02   2.596931739500000E-03
   1.877171936800000E-05   7.671323982500000E-02   5.000000000000000E-01   5.000000000000000E-01  -6.148521150300000E-28  -9.820838561799999E+01   8.680555361500000E+02   2.603659391200000E-03
   1.886885489900000E-05   7.691146017700000E-02   5.000000000000000E-01   5.000000000000000E-01  -1.062789874400000E-28  -9.820838098000000E+01   8.680555361500000E+02   2.610387041700000E-03
   1.896624109000000E-05   7.710968048899999E-02   5.000000000000000E-01   5.000000000000000E-01   4.022941401400000E-28  -9.820837633100000E+01   8.680555361500000E+02   2.617114691100000E-03
   1.906387793700000E-05   7.730790076200000E-02   5.000000000000000E-01   5.000000000000000E-01   6.841887534400000E-28  -9.820837166800000E+01   8.680555361500000E+02   2.623842339200000E-03
   1.916176544800000E-05   7.750612099600000E-02   5.000000000000000E-01   5.000000000000000E-01   5.936930872900000E-29  -9.820836699400000E+01   8.680555361500000E+02   2.630569986200000E-03
   1.925990361200000E-05   7.770434119000000E-02   5.000000000000000E-01   5.000000000000000E-01  -1.120931063900000E-28  -9.820836230899999E+01   8.680555361500000E+02   2.637297632000000E-03
   1.935829244100000E-05   7.790256134400000E-02   5.000000000000000E-01   5.000000000000000E-01  -7.578036660900000E-28  -9.820835761100000E+01   8.680555361500000E+02   2.644025276600000E-03
   1.945693192300000E-05   7.810078145900000E-02   5.000000000000000E-01   5.000000000000000E-01  -6.921420080000000E-28  -9.820835290100000E+01   8.680555361500000E+02   2.650752920000000E-03
   1.955582206900000E-05   7.829900153300000E-02   5.000000000000000E-01   5.000000000000000E-01   3.220159416000000E-28  -9.820834818000000E+01   8.680555361500000E+02   2.657480562200000E-03
   1.965496287900000E-05   7.849722156800000E-02   5.000000000000000E-01   5.000000000000000E-01   1.336173891200000E-27  -9.820834344600000E+01   8.680555361500000E+02   2.664208203300000E-03
   1.975435433600000E-05   7.869544156300000E-02   5.000000000000000E-01   5.000000000000000E-01  -3.357530112300000E-28  -9.820833870100000E+01   8.680555361500000E+02   2.670935843100000E-03
   1.985399645200000E-05   7.889366151700000E-02   5.000000000000000E-01   5.000000000000000E-01   6.784049413300000E-28  -9.820833394300000E+01   8.680555361500000E+02   2.677663481700000E-03
   1.995388922900000E-05   7.909188143100000E-02   5.000000000000000E-01   5.000000000000000E-01   1.281129707100000E-27  -9.820832917400000E+01   8.680555361500000E+02   2.684391119200000E-03
   2.005403266400000E-05   7.929010130500000E-02   5.000000000000000E-01   5.000000000000000E-01   6.495549113200000E-28  -9.820832439300000E+01   8.680555361500000E+02   2.691118755400000E-03
   2.015442675600000E-05   7.948832113800000E-02   5.000000000000000E-01   5.000000000000000E-01   8.408464907900000E-28  -9.820831960000000E+01   8.680555361500000E+02   2.697846390400000E-03
   2.025507150500000E-05   7.968654093100000E-02   5.000000000000000E-01   5.000000000000000E-01  -6.453676698300000E-28  -9.820831479500001E+01   8.680555361500000E+02   2.704574024200000E-03
   2.035596691400000E-05   7.988476068300000E-02   5.000000000000000E-01   5.000000000000000E-01  -4.540760887200000E-28  -9.820830997700000E+01   8.680555361500000E+02   2.711301656800000E-03
   2.045711297700000E-05   8.008298039400000E-02   5.000000000000000E-01   5.000000000000000E-01   1.565919285100000E-28  -9.820830514799999E+01   8.680555361500000E+02   2.718029288200000E-03
   2.055850970500000E-05   8.028120006400000E-02   5.000000000000000E-01   5.000000000000000E-01  -4.631366591800000E-28  -9.820830030800001E+01   8.680555361500000E+02   2.724756918300000E-03
   2.066015708100000E-05   8.047941969300000E-02   5.000000000000000E-01   5.000000000000000E-01  -2.626008426900000E-28  -9.820829545500000E+01   8.680555361500000E+02   2.731484547300000E-03
   2.076205512300000E-05   8.067763928100000E-02   5.000000000000000E-01   5.000000000000000E-01  -6.206502620600000E-29  -9.820829059000000E+01   8.680555361500000E+02   2.738212175000000E-03
   2.086420381700000E-05   8.087585882800000E-02   5.000000000000000E-01   5.000000000000000E-01   8.398332913200000E-28  -9.820828571300000E+01   8.680555361500000E+02   2.744939801400000E-03
   2.096660316800000E-05   8.107407833400000E-02   5.000000000000000E-01   5.000000000000000E-01  -3.623558969900000E-28  -9.820828082400000E+01   8.680555361500000E+02   2.751667426700000E-03
   2.106925317300000E-05   8.127229779800001E-02   5.000000000000000E-01   5.000000000000000E-01   1.007117425100000E-27  -9.820827592300000E+01   8.680555361500000E+02   2.758395050700000E-03
   2.117215384400000E-05   8.147051722100000E-02   5.000000000000000E-01   5.000000000000000E-01  -1.466073849800000E-28  -9.820827100900000E+01   8.680555361500000E+02   2.765122673400000E-03
   2.127530516800000E-05   8.166873660200000E-02   5.000000000000000E-01   5.000000000000000E-01  -3.873312762300000E-29  -9.820826608500001E+01   8.680555361500000E+02   2.771850294900000E-03
   2.137870714600000E-05   8.186695594200000E-02   5.000000000000000E-01   5.000000000000000E-01   6.914112972700000E-29  -9.820826114800001E+01   8.680555361500000E+02   2.778577915200000E-03
   2.148235978400000E-05   8.206517523900000E-02   5.000000000000000E-01   5.000000000000000E-01   6.075652199100000E-28  -9.820825619900000E+01   8.680555361500000E+02   2.785305534200000E-03
   2.158626307700000E-05   8.226339449500000E-02   5.000000000000000E-01   5.000000000000000E-01   2.848896412900000E-28  -9.820825123800000E+01   8.680555361500000E+02   2.792033152000000E-03
   2.169041702200000E-05   8.246161370900000E-02   5.000000000000000E-01   5.000000000000000E-01  -3.778593732500000E-29  -9.820824626500000E+01   8.680555361500000E+02   2.798760768500000E-03
   2.179482162600000E-05   8.265983288100000E-02   5.000000000000000E-01   5.000000000000000E-01  -3.604615159200000E-28  -9.820824128000000E+01   8.680555361500000E+02   2.805488383800000E-03
   2.189947688700000E-05   8.285805201000000E-02   5.000000000000000E-01   5.000000000000000E-01   1.032216358500000E-27  -9.820823628399999E+01   8.680555361500000E+02   2.812215997800000E-03
   2.200438280500000E-05   8.305627109700001E-02   5.000000000000000E-01   5.000000000000000E-01  -5.769743137100000E-28  -9.820823127500000E+01   8.680555361500000E+02   2.818943610500000E-03
   2.210953938200000E-05   8.325449014200000E-02   5.000000000000000E-01   5.000000000000000E-01   3.474508293100000E-28  -9.820822625700001E+01   8.680555361500000E+02   2.825671221900000E-03
   2.221494661000000E-05   8.345270914400001E-02   5.000000000000000E-01   5.000000000000000E-01   5.068063140700000E-30  -9.820822122400000E+01   8.680555361500000E+02   2.832398832100000E-03
   2.232060449400000E-05   8.365092810400000E-02   5.000000000000000E-01   5.000000000000000E-01  -3.373147030100000E-28  -9.820821617999999E+01   8.680555361500000E+02   2.839126441100000E-03
   2.242651302800000E-05   8.384914702100001E-02   5.000000000000000E-01   5.000000000000000E-01  -2.480936209600000E-28  -9.820821112100001E+01   8.680555361500000E+02   2.845854048700000E-03
   2.253267222700000E-05   8.404736589500000E-02   5.000000000000000E-01   5.000000000000000E-01  -1.588725389100000E-28  -9.820820605199999E+01   8.680555361500000E+02   2.852581655100000E-03
   2.263908207200000E-05   8.424558472599999E-02   5.000000000000000E-01   5.000000000000000E-01  -6.965145686600000E-29  -9.820820097200000E+01   8.680555361500000E+02   2.859309260200000E-03
   2.274574258300000E-05   8.444380351399999E-02   5.000000000000000E-01   5.000000000000000E-01  -4.185537154200000E-28  -9.820819588000001E+01   8.680555361500000E+02   2.866036864000000E-03
   2.285265373800000E-05   8.464202225900000E-02   5.000000000000000E-01   5.000000000000000E-01  -3.293326325700000E-28  -9.820819077600000E+01   8.680555361500000E+02   2.872764466500000E-03
   2.295981555600000E-05   8.484024096100000E-02   5.000000000000000E-01   5.000000000000000E-01   6.361351336300000E-28  -9.820818566000000E+01   8.680555361500000E+02   2.879492067700000E-03
   2.306722803100000E-05   8.503845961900000E-02   5.000000000000000E-01   5.000000000000000E-01  -8.868444680600000E-29  -9.820818053300000E+01   8.680555361500000E+02   2.886219667600000E-03
   2.317489115400000E-05   8.523667823400000E-02   5.000000000000000E-01   5.000000000000000E-01   3.163964709500000E-29  -9.820817539200000E+01   8.680555361500000E+02   2.892947266300000E-03
   2.328280493600000E-05   8.543489680600000E-02   5.000000000000000E-01   5.000000000000000E-01   5.745355786400000E-28  -9.820817024000000E+01   8.680555361500000E+02   2.899674863600000E-03
   2.339096936900000E-05   8.563311533400000E-02   5.000000000000000E-01   5.000000000000000E-01  -1.716401007900000E-27  -9.820816507500000E+01   8.680555361500000E+02   2.906402459600000E-03
   2.349938445800000E-05   8.583133381800000E-02   5.000000000000000E-01   5.000000000000000E-01   4.099457900400000E-29  -9.820815989899999E+01   8.680555361500000E+02   2.913130054300000E-03
   2.360805020000000E-05   8.602955225800001E-02   5.000000000000000E-01   5.000000000000000E-01   1.790572946200000E-28  -9.820815471100001E+01   8.680555361500000E+02   2.919857647800000E-03
   2.371696660300000E-05   8.622777065499999E-02   5.000000000000000E-01   5.000000000000000E-01  -1.727384218900000E-27  -9.820814950899999E+01   8.680555361500000E+02   2.926585239900000E-03
   2.382613365100000E-05   8.642598900700001E-02   5.000000000000000E-01   5.000000000000000E-01   8.640835770200000E-28  -9.820814429700000E+01   8.680555361500000E+02   2.933312830600000E-03
   2.393555135400000E-05   8.662420731500001E-02   5.000000000000000E-01   5.000000000000000E-01   1.843445985800000E-28  -9.820813907300000E+01   8.680555361500000E+02   2.940040420100000E-03
   2.404521971100000E-05   8.682242557900000E-02   5.000000000000000E-01   5.000000000000000E-01  -9.210606131900000E-28  -9.820813383900000E+01   8.680555361500000E+02   2.946768008300000E-03
   2.415513872500000E-05   8.702064379900000E-02   5.000000000000000E-01   5.000000000000000E-01   1.018653444900000E-28  -9.820812859100000E+01   8.680555361500000E+02   2.953495595100000E-03
   2.426530839500000E-05   8.721886197400000E-02   5.000000000000000E-01   5.000000000000000E-01   2.734588333100000E-28  -9.820812333100000E+01   8.680555361500000E+02   2.960223180600000E-03
   2.437572871600000E-05   8.741708010500000E-02   5.000000000000000E-01   5.000000000000000E-01   4.450523221200000E-28  -9.820811805800000E+01   8.680555361500000E+02   2.966950764700000E-03
   2.448639968900000E-05   8.761529819100000E-02   5.000000000000000E-01   5.000000000000000E-01   1.044171484400000E-27  -9.820811277400000E+01   8.680555361500000E+02   2.973678347600000E-03
   2.459732131600000E-05   8.781351623300000E-02   5.000000000000000E-01   5.000000000000000E-01   7.882392986000000E-28  -9.820810747800000E+01   8.680555361500000E+02   2.980405929100000E-03
   2.470849359500000E-05   8.801173422899999E-02   5.000000000000000E-01   5.000000000000000E-01  -3.171755731800000E-28  -9.820810217200000E+01   8.680555361500000E+02   2.987133509200000E-03
   2.481991652600000E-05   8.820995218100000E-02   5.000000000000000E-01   5.000000000000000E-01   7.011162721700000E-28  -9.820809685200000E+01   8.680555361500000E+02   2.993861088000000E-03
   2.493159011500000E-05   8.840817008700000E-02   5.000000000000000E-01   5.000000000000000E-01  -8.290399462100000E-28  -9.820809152000000E+01   8.680555361500000E+02   3.000588665500000E-03
   2.504351435200000E-05   8.860638794900000E-02   5.000000000000000E-01   5.000000000000000E-01   1.282094562000000E-28  -9.820808617599999E+01   8.680555361500000E+02   3.007316241600000E-03
   2.515568924600000E-05   8.880460576500000E-02   5.000000000000000E-01   5.000000000000000E-01  -1.582439515500000E-28  -9.820808082000001E+01   8.680555361500000E+02   3.014043816400000E-03
   2.526811478900000E-05   8.900282353600000E-02   5.000000000000000E-01   5.000000000000000E-01  -3.012975509800000E-29  -9.820807545200000E+01   8.680555361500000E+02   3.020771389800000E-03
   2.538079098700000E-05   8.920104126099999E-02   5.000000000000000E-01   5.000000000000000E-01   5.235131970300000E-28  -9.820807007499999E+01   8.680555361500000E+02   3.027498961900000E-03
   2.549371783500000E-05   8.939925894100000E-02   5.000000000000000E-01   5.000000000000000E-01  -1.994301218600000E-28  -9.820806468300000E+01   8.680555361500000E+02   3.034226532600000E-03
   2.560689533400000E-05   8.959747657500000E-02   5.000000000000000E-01   5.000000000000000E-01   1.630799099600000E-27  -9.820805928000000E+01   8.680555361500000E+02   3.040954101900000E-03
   2.572032349000000E-05   8.979569416400000E-02   5.000000000000000E-01   5.000000000000000E-01  -3.544004062700000E-28  -9.820805386100000E+01   8.680555361500000E+02   3.047681669900000E-03
   2.583400229700000E-05   8.999391170600000E-02   5.000000000000000E-01   5.000000000000000E-01   1.051892297200000E-27  -9.820804843400001E+01   8.680555361500000E+02   3.054409236500000E-03
   2.594793175300000E-05   9.019212920300000E-02   5.000000000000000E-01   5.000000000000000E-01  -5.093706868100000E-28  -9.820804299400000E+01   8.680555361500000E+02   3.061136801700000E-03
   2.606211186100000E-05   9.039034665400000E-02   5.000000000000000E-01   5.000000000000000E-01  -3.441689717100000E-28  -9.820803754400001E+01   8.680555361500000E+02   3.067864365500000E-03
   2.617654262200000E-05   9.058856405800000E-02   5.000000000000000E-01   5.000000000000000E-01  -1.789672566200000E-28  -9.820803208000000E+01   8.680555361500000E+02   3.074591928000000E-03
   2.629122403400000E-05   9.078678141600000E-02   5.000000000000000E-01   5.000000000000000E-01  -4.453817174100000E-28  -9.820802660500000E+01   8.680555361500000E+02   3.081319489100000E-03
   2.640615609800000E-05   9.098499872800000E-02   5.000000000000000E-01   5.000000000000000E-01   1.120631753400000E-28  -9.820802111600000E+01   8.680555361500000E+02   3.088047048800000E-03
   2.652133881200000E-05   9.118321599400001E-02   5.000000000000000E-01   5.000000000000000E-01   6.695080680500000E-28  -9.820801561700000E+01   8.680555361500000E+02   3.094774607100000E-03
   2.663677218200000E-05   9.138143321200000E-02   5.000000000000000E-01   5.000000000000000E-01  -4.207657502800000E-28  -9.820801010600000E+01   8.680555361500000E+02   3.101502164000000E-03
   2.675245619300000E-05   9.157965038500000E-02   5.000000000000000E-01   5.000000000000000E-01   2.364826505400000E-28  -9.820800458300000E+01   8.680555361500000E+02   3.108229719600000E-03
   2.686839086200000E-05   9.177786751000000E-02   5.000000000000000E-01   5.000000000000000E-01   1.996994068900000E-29  -9.820799904800000E+01   8.680555361500000E+02   3.114957273700000E-03
   2.698457618300000E-05   9.197608458900000E-02   5.000000000000000E-01   5.000000000000000E-01  -1.507184437000000E-27  -9.820799350100000E+01   8.680555361500000E+02   3.121684826400000E-03
   2.710101214900000E-05   9.217430162000000E-02   5.000000000000000E-01   5.000000000000000E-01  -1.317853120900000E-29  -9.820798794000000E+01   8.680555361500000E+02   3.128412377800000E-03
   2.721769877200000E-05   9.237251860500000E-02   5.000000000000000E-01   5.000000000000000E-01   4.737739451700000E-28  -9.820798236900001E+01   8.680555361500000E+02   3.135139927700000E-03
   2.733463604200000E-05   9.257073554200000E-02   5.000000000000000E-01   5.000000000000000E-01  -4.632700931600000E-29  -9.820797678600000E+01   8.680555361500000E+02   3.141867476200000E-03
   2.745182396200000E-05   9.276895243199999E-02   5.000000000000000E-01   5.000000000000000E-01  -1.014445824400000E-27  -9.820797119400000E+01   8.680555361500000E+02   3.148595023300000E-03
   2.756926253000000E-05   9.296716927500000E-02   5.000000000000000E-01   5.000000000000000E-01  -6.385110617000000E-28  -9.820796558700000E+01   8.680555361500000E+02   3.155322569000000E-03
   2.768695175200000E-05   9.316538607100000E-02   5.000000000000000E-01   5.000000000000000E-01  -7.105941588900000E-28  -9.820795996800000E+01   8.680555361500000E+02   3.162050113300000E-03
   2.780489162500000E-05   9.336360281800000E-02   5.000000000000000E-01   5.000000000000000E-01   5.747962965800000E-28  -9.820795433500000E+01   8.680555361500000E+02   3.168777656200000E-03
   2.792308214800000E-05   9.356181951799999E-02   5.000000000000000E-01   5.000000000000000E-01   5.022201255500000E-29  -9.820794869200000E+01   8.680555361500000E+02   3.175505197600000E-03
   2.804152331500000E-05   9.376003617100000E-02   5.000000000000000E-01   5.000000000000000E-01   4.306300995500000E-28  -9.820794303700001E+01   8.680555361500000E+02   3.182232737600000E-03
   2.816021513500000E-05   9.395825277500000E-02   5.000000000000000E-01   5.000000000000000E-01   1.673534016000000E-27  -9.820793737000000E+01   8.680555361500000E+02   3.188960276200000E-03
   2.827915760100000E-05   9.415646933200000E-02   5.000000000000000E-01   5.000000000000000E-01  -1.022974748800000E-28  -9.820793169100000E+01   8.680555361500000E+02   3.195687813300000E-03
   2.839835072200000E-05   9.435468583999999E-02   5.000000000000000E-01   5.000000000000000E-01   7.093585298900000E-28  -9.820792600000000E+01   8.680555361500000E+02   3.202415349000000E-03
   2.851779448900000E-05   9.455290230000001E-02   5.000000000000000E-01   5.000000000000000E-01  -2.115692385800000E-28  -9.820792029899999E+01   8.680555361500000E+02   3.209142883300000E-03
   2.863748890800000E-05   9.475111871200000E-02   5.000000000000000E-01   5.000000000000000E-01   6.000867674400000E-28  -9.820791458399999E+01   8.680555361500000E+02   3.215870416100000E-03
   2.875743397400000E-05   9.494933507599999E-02   5.000000000000000E-01   5.000000000000000E-01   1.123049408100000E-28  -9.820790885700001E+01   8.680555361500000E+02   3.222597947500000E-03
   2.887762968700000E-05   9.514755139099999E-02   5.000000000000000E-01   5.000000000000000E-01  -8.131230750099999E-28  -9.820790311700000E+01   8.680555361500000E+02   3.229325477400000E-03
   2.899807605000000E-05   9.534576765800000E-02   5.000000000000000E-01   5.000000000000000E-01  -4.256125183000000E-28  -9.820789736700000E+01   8.680555361500000E+02   3.236053005900000E-03
   2.911877306600000E-05   9.554398387500000E-02   5.000000000000000E-01   5.000000000000000E-01  -1.351040532900000E-27  -9.820789160400000E+01   8.680555361500000E+02   3.242780532900000E-03
   2.923972072300000E-05   9.574220004500000E-02   5.000000000000000E-01   5.000000000000000E-01  -3.026782659700000E-29  -9.820788583000000E+01   8.680555361500000E+02   3.249508058500000E-03
   2.936091902900000E-05   9.594041616500000E-02   5.000000000000000E-01   5.000000000000000E-01  -5.064556995500000E-28  -9.820788004400001E+01   8.680555361500000E+02   3.256235582600000E-03
   2.948236798900000E-05   9.613863223600000E-02   5.000000000000000E-01   5.000000000000000E-01  -9.826435724800001E-28  -9.820787424500000E+01   8.680555361500000E+02   3.262963105200000E-03
   2.960406758900000E-05   9.633684825800000E-02   5.000000000000000E-01   5.000000000000000E-01   1.149527628800000E-27  -9.820786843499999E+01   8.680555361500000E+02   3.269690626400000E-03
   2.972601784000000E-05   9.653506423100000E-02   5.000000000000000E-01   5.000000000000000E-01   6.733397524300000E-28  -9.820786261300000E+01   8.680555361500000E+02   3.276418146100000E-03
   2.984821874600000E-05   9.673328015500000E-02   5.000000000000000E-01   5.000000000000000E-01  -6.723011510100000E-28  -9.820785677900000E+01   8.680555361500000E+02   3.283145664300000E-03
   2.997067029300000E-05   9.693149602900000E-02   5.000000000000000E-01   5.000000000000000E-01  -3.355573694700000E-28  -9.820785093300000E+01   8.680555361500000E+02   3.289873181100000E-03
   3.009337248900000E-05   9.712971185400000E-02   5.000000000000000E-01   5.000000000000000E-01  -4.194097597400000E-28  -9.820784507499999E+01   8.680555361500000E+02   3.296600696400000E-03
   3.021632533200000E-05   9.732792762900000E-02   5.000000000000000E-01   5.000000000000000E-01   3.379301947400000E-28  -9.820783920500000E+01   8.680555361500000E+02   3.303328210200000E-03
   3.033952882600000E-05   9.752614335500000E-02   5.000000000000000E-01   5.000000000000000E-01   6.771992192000000E-28  -9.820783332000001E+01   8.680555361500000E+02   3.310055722500000E-03
   3.046298296000000E-05   9.772435903000000E-02   5.000000000000000E-01   5.000000000000000E-01  -6.558154731300000E-28  -9.820782742500000E+01   8.680555361500000E+02   3.316783233300000E-03
   3.058668774400000E-05   9.792257465600000E-02   5.000000000000000E-01   5.000000000000000E-01   5.195954213800000E-28  -9.820782151900001E+01   8.680555361500000E+02   3.323510742700000E-03
   3.071064317700000E-05   9.812079023200000E-02   5.000000000000000E-01   5.000000000000000E-01  -3.733646967300000E-28  -9.820781560200000E+01   8.680555361500000E+02   3.330238250500000E-03
   3.083484925600000E-05   9.831900575800000E-02   5.000000000000000E-01   5.000000000000000E-01  -2.321393068000000E-28  -9.820780967100001E+01   8.680555361500000E+02   3.336965756900000E-03
   3.095930598200000E-05   9.851722123400000E-02   5.000000000000000E-01   5.000000000000000E-01   9.432715928100000E-28  -9.820780372900001E+01   8.680555361500000E+02   3.343693261700000E-03
   3.108401335000000E-05   9.871543665900000E-02   5.000000000000000E-01   5.000000000000000E-01  -8.843688563500000E-29  -9.820779777500000E+01   8.680555361500000E+02   3.350420765100000E-03
   3.120897136700000E-05   9.891365203400000E-02   5.000000000000000E-01   5.000000000000000E-01  -2.372976131600000E-28  -9.820779180900000E+01   8.680555361500000E+02   3.357148266900000E-03

