   1.235744787400000E+00   0.000000000000000E+00   2.886751410500000E+01   2.886751410500000E+01   0.000000000000000E+00   1.500000013000000E-03   2.886751410500000E+01   0.000000000000000E+00
   1.235745828100000E+00   6.925275356300000E-04   2.886751410500000E+01   2.886751410500000E+01   1.421897534100000E-02   1.500000013000000E-03   2.886751410500000E+01   1.421897534100000E-02
   1.235748950100000E+00   1.385044802700000E-03   2.886751410500000E+01   2.886751410500000E+01   2.843793983100000E-02   1.500000013000000E-03   2.886751410500000E+01   2.843793983100000E-02
   1.235754153400000E+00   2.077617541000000E-03   2.886751410500000E+01   2.886751410500000E+01   4.265743945600000E-02   1.500000013000000E-03   2.886751410500000E+01   4.265743945600000E-02
   1.235761438000000E+00   2.770108855300000E-03   2.886751410500000E+01   2.886751410500000E+01   5.687652729600000E-02   1.500000013000000E-03   2.886751410500000E+01   5.687652729600000E-02
   1.235770803800000E+00   3.462559114200000E-03   2.886751410500000E+01   2.886751410500000E+01   7.109556424400000E-02   1.500000013000000E-03   2.886751410500000E+01   7.109556424400000E-02
   1.235782250800000E+00   4.154997220700000E-03   2.886751410500000E+01   2.886751410500000E+01   8.531437409400000E-02   1.500000013000000E-03   2.886751410500000E+01   8.531437409400000E-02
   1.235795778800000E+00   4.847340608000000E-03   2.886751410500000E+01   2.886751410500000E+01   9.953324265200000E-02   1.500000013000000E-03   2.886751410500000E+01   9.953324265200000E-02
   1.235811387800000E+00   5.539611931700000E-03   2.886751410500000E+01   2.886751410500000E+01   1.137520215900000E-01   1.500000013000000E-03   2.886751410500000E+01   1.137520215900000E-01
   1.235829077600000E+00   6.231715099900000E-03   2.886751410500000E+01   2.886751410500000E+01   1.279709621700000E-01   1.500000013000000E-03   2.886751410500000E+01   1.279709621700000E-01
   1.235848848200000E+00   6.923800618900000E-03   2.886751410500000E+01   2.886751410500000E+01   1.421895553900000E-01   1.500000013000000E-03   2.886751410500000E+01   1.421895553900000E-01
   1.235870699300000E+00   7.615782823000000E-03   2.886751410500000E+01   2.886751410500000E+01   1.564080213600000E-01   1.500000013000000E-03   2.886751410500000E+01   1.564080213600000E-01
   1.235894630800000E+00   8.307756487999999E-03   2.886751410500000E+01   2.886751410500000E+01   1.706256965300000E-01   1.500000013000000E-03   2.886751410500000E+01   1.706256965300000E-01
   1.235920642500000E+00   8.999511363700001E-03   2.886751410500000E+01   2.886751410500000E+01   1.848438084900000E-01   1.500000013000000E-03   2.886751410500000E+01   1.848438084900000E-01
   1.235948734300000E+00   9.691132356599999E-03   2.886751410500000E+01   2.886751410500000E+01   1.990617532700000E-01   1.500000013000000E-03   2.886751410500000E+01   1.990617532700000E-01
   1.235978905900000E+00   1.038262667000000E-02   2.886751410500000E+01   2.886751410500000E+01   2.132805574100000E-01   1.500000013000000E-03   2.886751410500000E+01   2.132805574100000E-01
   1.236011157100000E+00   1.107395212600000E-02   2.886751410500000E+01   2.886751410500000E+01   2.274982144300000E-01   1.500000013000000E-03   2.886751410500000E+01   2.274982144300000E-01
   1.236045487600000E+00   1.176511327400000E-02   2.886751410500000E+01   2.886751410500000E+01   2.417156686600000E-01   1.500000013000000E-03   2.886751410500000E+01   2.417156686600000E-01
   1.236081897200000E+00   1.245610033900000E-02   2.886751410500000E+01   2.886751410500000E+01   2.559326725100000E-01   1.500000013000000E-03   2.886751410500000E+01   2.559326725100000E-01
   1.236120385600000E+00   1.314690218100000E-02   2.886751410500000E+01   2.886751410500000E+01   2.701496925200000E-01   1.500000013000000E-03   2.886751410500000E+01   2.701496925200000E-01
   1.236160952600000E+00   1.383750905900000E-02   2.886751410500000E+01   2.886751410500000E+01   2.843664752000000E-01   1.500000013000000E-03   2.886751410500000E+01   2.843664752000000E-01
   1.236203597800000E+00   1.452790354500000E-02   2.886751410500000E+01   2.886751410500000E+01   2.985823392500000E-01   1.500000013000000E-03   2.886751410500000E+01   2.985823392500000E-01
   1.236248320900000E+00   1.521808776000000E-02   2.886751410500000E+01   2.886751410500000E+01   3.127985270600000E-01   1.500000013000000E-03   2.886751410500000E+01   3.127985270600000E-01
   1.236295121600000E+00   1.590804619200000E-02   2.886751410500000E+01   2.886751410500000E+01   3.270144327600000E-01   1.500000013000000E-03   2.886751410500000E+01   3.270144327600000E-01
   1.236343999500000E+00   1.659771152500000E-02   2.886751410500000E+01   2.886751410500000E+01   3.412312988900000E-01   1.500000013000000E-03   2.886751410500000E+01   3.412312988900000E-01
   1.236394954200000E+00   1.728718290900000E-02   2.886751410500000E+01   2.886751410500000E+01   3.554466980100000E-01   1.500000013000000E-03   2.886751410500000E+01   3.554466980100000E-01
   1.236447985500000E+00   1.797639768900000E-02   2.886751410500000E+01   2.886751410500000E+01   3.696617816500000E-01   1.500000013000000E-03   2.886751410500000E+01   3.696617816500000E-01
   1.236503092800000E+00   1.866542029300000E-02   2.886751410500000E+01   2.886751410500000E+01   3.838764718200000E-01   1.500000013000000E-03   2.886751410500000E+01   3.838764718200000E-01
   1.236560275800000E+00   1.935410376100000E-02   2.886751410500000E+01   2.886751410500000E+01   3.980908741900000E-01   1.500000013000000E-03   2.886751410500000E+01   3.980908741900000E-01
   1.236619534000000E+00   2.004250123200000E-02   2.886751410500000E+01   2.886751410500000E+01   4.123049217800000E-01   1.500000013000000E-03   2.886751410500000E+01   4.123049217800000E-01
   1.236680867000000E+00   2.072988007000000E-02   2.886751410500000E+01   2.886751410500000E+01   4.265183348100000E-01   1.500000013000000E-03   2.886751410500000E+01   4.265183348100000E-01
   1.236744274400000E+00   2.141762746900000E-02   2.886751410500000E+01   2.886751410500000E+01   4.407316776700000E-01   1.500000013000000E-03   2.886751410500000E+01   4.407316776700000E-01
   1.236809755600000E+00   2.210505633300000E-02   2.886751410500000E+01   2.886751410500000E+01   4.549446323800000E-01   1.500000013000000E-03   2.886751410500000E+01   4.549446323800000E-01
   1.236877310200000E+00   2.279302477100000E-02   2.886751410500000E+01   2.886751410500000E+01   4.691568722900000E-01   1.500000013000000E-03   2.886751410500000E+01   4.691568722900000E-01
   1.236946937700000E+00   2.347984178800000E-02   2.886751410500000E+01   2.886751410500000E+01   4.833689187500000E-01   1.500000013000000E-03   2.886751410500000E+01   4.833689187500000E-01
   1.237018637500000E+00   2.416631258300000E-02   2.886751410500000E+01   2.886751410500000E+01   4.975805314000000E-01   1.500000013000000E-03   2.886751410500000E+01   4.975805314000000E-01
   1.237092409200000E+00   2.485206837000000E-02   2.886751410500000E+01   2.886751410500000E+01   5.117909660700000E-01   1.500000013000000E-03   2.886751410500000E+01   5.117909660700000E-01
   1.237168252100000E+00   2.553778530000000E-02   2.886751410500000E+01   2.886751410500000E+01   5.260016285400000E-01   1.500000013000000E-03   2.886751410500000E+01   5.260016285400000E-01
   1.237246165700000E+00   2.622312432000000E-02   2.886751410500000E+01   2.886751410500000E+01   5.402118163500000E-01   1.500000013000000E-03   2.886751410500000E+01   5.402118163500000E-01
   1.237326149400000E+00   2.690823648800000E-02   2.886751410500000E+01   2.886751410500000E+01   5.544179529000000E-01   1.500000013000000E-03   2.886751410500000E+01   5.544179529000000E-01
   1.237408202700000E+00   2.759279850700000E-02   2.886751410500000E+01   2.886751410500000E+01   5.686273591100000E-01   1.500000013000000E-03   2.886751410500000E+01   5.686273591100000E-01
   1.237492324800000E+00   2.827695305500000E-02   2.886751410500000E+01   2.886751410500000E+01   5.828362740000000E-01   1.500000013000000E-03   2.886751410500000E+01   5.828362740000000E-01
   1.237578515200000E+00   2.896080075300000E-02   2.886751410500000E+01   2.886751410500000E+01   5.970487938800000E-01   1.500000013000000E-03   2.886751410500000E+01   5.970487938800000E-01
   1.237666773300000E+00   2.964411702000000E-02   2.886751410500000E+01   2.886751410500000E+01   6.112566827800000E-01   1.500000013000000E-03   2.886751410500000E+01   6.112566827800000E-01
   1.237757098300000E+00   3.032699636500000E-02   2.886751410500000E+01   2.886751410500000E+01   6.254640353199999E-01   1.500000013000000E-03   2.886751410500000E+01   6.254640353199999E-01
   1.237849489700000E+00   3.100971970900000E-02   2.886751410500000E+01   2.886751410500000E+01   6.396716128000000E-01   1.500000013000000E-03   2.886751410500000E+01   6.396716128000000E-01
   1.237943946600000E+00   3.169171648600000E-02   2.886751410500000E+01   2.886751410500000E+01   6.538777121300000E-01   1.500000013000000E-03   2.886751410500000E+01   6.538777121300000E-01
   1.238040468500000E+00   3.237324776400000E-02   2.886751410500000E+01   2.886751410500000E+01   6.680832261600000E-01   1.500000013000000E-03   2.886751410500000E+01   6.680832261600000E-01
   1.238139054500000E+00   3.305302604000000E-02   2.886751410500000E+01   2.886751410500000E+01   6.822865220900000E-01   1.500000013000000E-03   2.886751410500000E+01   6.822865220900000E-01
   1.238239704000000E+00   3.373353065900000E-02   2.886751410500000E+01   2.886751410500000E+01   6.964910306500000E-01   1.500000013000000E-03   2.886751410500000E+01   6.964910306500000E-01

