   1.139445055900000E+00   0.000000000000000E+00   1.443375705200000E+01   1.443375705200000E+01   0.000000000000000E+00   2.500000118700000E-04   1.443375705200000E+01   0.000000000000000E+00
   1.147387992000000E+00   0.000000000000000E+00   1.443375705200000E+01   1.443375705200000E+01   0.000000000000000E+00   2.500000118700000E-04   1.443375705200000E+01   0.000000000000000E+00
   1.155371503600000E+00   0.000000000000000E+00   1.443375705200000E+01   1.443375705200000E+01   0.000000000000000E+00   2.500000118700000E-04   1.443375705200000E+01   0.000000000000000E+00
   1.163394871800000E+00   0.000000000000000E+00   1.443375705200000E+01   1.443375705200000E+01   0.000000000000000E+00   2.500000118700000E-04   1.443375705200000E+01   0.000000000000000E+00
   1.171457508000000E+00   0.000000000000000E+00   1.443375705200000E+01   1.443375705200000E+01   0.000000000000000E+00   2.500000118700000E-04   1.443375705200000E+01   0.000000000000000E+00
   1.179558819900000E+00   0.000000000000000E+00   1.443375705200000E+01   1.443375705200000E+01   0.000000000000000E+00   2.500000118700000E-04   1.443375705200000E+01   0.000000000000000E+00
   1.187698212300000E+00   0.000000000000000E+00   1.443375705200000E+01   1.443375705200000E+01   0.000000000000000E+00   2.500000118700000E-04   1.443375705200000E+01   0.000000000000000E+00
   1.194501941900000E+00   0.000000000000000E+00   1.443375705200000E+01   1.443375705200000E+01   0.000000000000000E+00   2.500000118700000E-04   1.443375705200000E+01   0.000000000000000E+00
   1.202709432100000E+00   0.000000000000000E+00   1.443375705200000E+01   1.443375705200000E+01   0.000000000000000E+00   2.500000118700000E-04   1.443375705200000E+01   0.000000000000000E+00
   1.210953434200000E+00   0.000000000000000E+00   1.443375705200000E+01   1.443375705200000E+01   0.000000000000000E+00   2.500000118700000E-04   1.443375705200000E+01   0.000000000000000E+00
   1.219233219600000E+00   0.000000000000000E+00   1.443375705200000E+01   1.443375705200000E+01   0.000000000000000E+00   2.500000118700000E-04   1.443375705200000E+01   0.000000000000000E+00
   1.227548187700000E+00   0.000000000000000E+00   1.443375705200000E+01   1.443375705200000E+01   0.000000000000000E+00   2.500000118700000E-04   1.443375705200000E+01   0.000000000000000E+00
   1.235897738300000E+00   0.000000000000000E+00   1.443375705200000E+01   1.443375705200000E+01   0.000000000000000E+00   2.500000118700000E-04   1.443375705200000E+01   0.000000000000000E+00
   1.244281272500000E+00   0.000000000000000E+00   1.443375705200000E+01   1.443375705200000E+01   0.000000000000000E+00   2.500000118700000E-04   1.443375705200000E+01   0.000000000000000E+00
   1.252698193100000E+00   0.000000000000000E+00   1.443375705200000E+01   1.443375705200000E+01   0.000000000000000E+00   2.500000118700000E-04   1.443375705200000E+01   0.000000000000000E+00
   1.261147904900000E+00   0.000000000000000E+00   1.443375705200000E+01   1.443375705200000E+01   0.000000000000000E+00   2.500000118700000E-04   1.443375705200000E+01   0.000000000000000E+00
   1.269629815700000E+00   0.000000000000000E+00   1.443375705200000E+01   1.443375705200000E+01   0.000000000000000E+00   2.500000118700000E-04   1.443375705200000E+01   0.000000000000000E+00
   1.278143336100000E+00   0.000000000000000E+00   1.443375705200000E+01   1.443375705200000E+01   0.000000000000000E+00   2.500000118700000E-04   1.443375705200000E+01   0.000000000000000E+00
   1.286687880500000E+00   0.000000000000000E+00   1.443375705200000E+01   1.443375705200000E+01   0.000000000000000E+00   2.500000118700000E-04   1.443375705200000E+01   0.000000000000000E+00
   1.295262867200000E+00   0.000000000000000E+00   1.443375705200000E+01   1.443375705200000E+01   0.000000000000000E+00   2.500000118700000E-04   1.443375705200000E+01   0.000000000000000E+00
   1.303867718800000E+00   0.000000000000000E+00   1.443375705200000E+01   1.443375705200000E+01   0.000000000000000E+00   2.500000118700000E-04   1.443375705200000E+01   0.000000000000000E+00
   1.312501862800000E+00   0.000000000000000E+00   1.443375705200000E+01   1.443375705200000E+01   0.000000000000000E+00   2.500000118700000E-04   1.443375705200000E+01   0.000000000000000E+00
   1.321164731800000E+00   0.000000000000000E+00   1.443375705200000E+01   1.443375705200000E+01   0.000000000000000E+00   2.500000118700000E-04   1.443375705200000E+01   0.000000000000000E+00
   1.329855763700000E+00   0.000000000000000E+00   1.443375705200000E+01   1.443375705200000E+01   0.000000000000000E+00   2.500000118700000E-04   1.443375705200000E+01   0.000000000000000E+00
   1.338574402300000E+00   0.000000000000000E+00   1.443375705200000E+01   1.443375705200000E+01   0.000000000000000E+00   2.500000118700000E-04   1.443375705200000E+01   0.000000000000000E+00
   1.347320097200000E+00   0.000000000000000E+00   1.443375705200000E+01   1.443375705200000E+01   0.000000000000000E+00   2.500000118700000E-04   1.443375705200000E+01   0.000000000000000E+00
   1.356092304400000E+00   0.000000000000000E+00   1.443375705200000E+01   1.443375705200000E+01   0.000000000000000E+00   2.500000118700000E-04   1.443375705200000E+01   0.000000000000000E+00
   1.364890486500000E+00   0.000000000000000E+00   1.443375705200000E+01   1.443375705200000E+01   0.000000000000000E+00   2.500000118700000E-04   1.443375705200000E+01   0.000000000000000E+00
   1.373714112500000E+00   0.000000000000000E+00   1.443375705200000E+01   1.443375705200000E+01   0.000000000000000E+00   2.500000118700000E-04   1.443375705200000E+01   0.000000000000000E+00
   1.382562658600000E+00   0.000000000000000E+00   1.443375705200000E+01   1.443375705200000E+01   0.000000000000000E+00   2.500000118700000E-04   1.443375705200000E+01   0.000000000000000E+00
   1.391435608200000E+00   0.000000000000000E+00   1.443375705200000E+01   1.443375705200000E+01   0.000000000000000E+00   2.500000118700000E-04   1.443375705200000E+01   0.000000000000000E+00
   1.400332451500000E+00   0.000000000000000E+00   1.443375705200000E+01   1.443375705200000E+01   0.000000000000000E+00   2.500000118700000E-04   1.443375705200000E+01   0.000000000000000E+00
   1.409252686500000E+00   0.000000000000000E+00   1.443375705200000E+01   1.443375705200000E+01   0.000000000000000E+00   2.500000118700000E-04   1.443375705200000E+01   0.000000000000000E+00
   1.418195818700000E+00   0.000000000000000E+00   1.443375705200000E+01   1.443375705200000E+01   0.000000000000000E+00   2.500000118700000E-04   1.443375705200000E+01   0.000000000000000E+00
   1.427161360900000E+00   0.000000000000000E+00   1.443375705200000E+01   1.443375705200000E+01   0.000000000000000E+00   2.500000118700000E-04   1.443375705200000E+01   0.000000000000000E+00
   1.428971997800000E+00   0.000000000000000E+00   1.443375705200000E+01   1.443375705200000E+01   0.000000000000000E+00   2.500000118700000E-04   1.443375705200000E+01   0.000000000000000E+00
   1.437963752500000E+00   0.000000000000000E+00   1.443375705200000E+01   1.443375705200000E+01   0.000000000000000E+00   2.500000118700000E-04   1.443375705200000E+01   0.000000000000000E+00
   1.446976955700000E+00   0.000000000000000E+00   1.443375705200000E+01   1.443375705200000E+01   0.000000000000000E+00   2.500000118700000E-04   1.443375705200000E+01   0.000000000000000E+00
   1.456011062100000E+00   0.000000000000000E+00   1.443375705200000E+01   1.443375705200000E+01   0.000000000000000E+00   2.500000118700000E-04   1.443375705200000E+01   0.000000000000000E+00
   1.465065617600000E+00   0.000000000000000E+00   1.443375705200000E+01   1.443375705200000E+01   0.000000000000000E+00   2.500000118700000E-04   1.443375705200000E+01   0.000000000000000E+00
   1.474140175800000E+00   0.000000000000000E+00   1.443375705200000E+01   1.443375705200000E+01   0.000000000000000E+00   2.500000118700000E-04   1.443375705200000E+01   0.000000000000000E+00
   1.483234298600000E+00   0.000000000000000E+00   1.443375705200000E+01   1.443375705200000E+01   0.000000000000000E+00   2.500000118700000E-04   1.443375705200000E+01   0.000000000000000E+00
   1.492347555700000E+00   0.000000000000000E+00   1.443375705200000E+01   1.443375705200000E+01   0.000000000000000E+00   2.500000118700000E-04   1.443375705200000E+01   0.000000000000000E+00
   1.501479524600000E+00   0.000000000000000E+00   1.443375705200000E+01   1.443375705200000E+01   0.000000000000000E+00   2.500000118700000E-04   1.443375705200000E+01   0.000000000000000E+00
   1.510629790900000E+00   0.000000000000000E+00   1.443375705200000E+01   1.443375705200000E+01   0.000000000000000E+00   2.500000118700000E-04   1.443375705200000E+01   0.000000000000000E+00
   1.519797948000000E+00   0.000000000000000E+00   1.443375705200000E+01   1.443375705200000E+01   0.000000000000000E+00   2.500000118700000E-04   1.443375705200000E+01   0.000000000000000E+00
   1.528983597400000E+00   0.000000000000000E+00   1.443375705200000E+01   1.443375705200000E+01   0.000000000000000E+00   2.500000118700000E-04   1.443375705200000E+01   0.000000000000000E+00
   1.538186348200000E+00   0.000000000000000E+00   1.443375705200000E+01   1.443375705200000E+01   0.000000000000000E+00   2.500000118700000E-04   1.443375705200000E+01   0.000000000000000E+00
   1.547405817300000E+00   0.000000000000000E+00   1.443375705200000E+01   1.443375705200000E+01   0.000000000000000E+00   2.500000118700000E-04   1.443375705200000E+01   0.000000000000000E+00
   1.556641629400000E+00   0.000000000000000E+00   1.443375705200000E+01   1.443375705200000E+01   0.000000000000000E+00   2.500000118700000E-04   1.443375705200000E+01   0.000000000000000E+00

