   1.376126012900000E+00   0.000000000000000E+00   1.443375705200000E+01   1.443375705200000E+01   0.000000000000000E+00   1.999999955300000E-02   1.443375705200000E+01   0.000000000000000E+00
   1.376132702300000E+00   1.668731062800000E-03   1.443375705200000E+01   1.443375705200000E+01   1.771227891100000E-02   1.999999955300000E-02   1.443375705200000E+01   1.771227891100000E-02
   1.376152770900000E+00   3.337424815800000E-03   1.443375705200000E+01   1.443375705200000E+01   3.542446557300000E-02   1.999999955300000E-02   1.443375705200000E+01   3.542446557300000E-02
   1.376186219400000E+00   5.005987260600000E-03   1.443375705200000E+01   1.443375705200000E+01   5.313633849900000E-02   1.999999955300000E-02   1.443375705200000E+01   5.313633849900000E-02
   1.376233049000000E+00   6.674449717800000E-03   1.443375705200000E+01   1.443375705200000E+01   7.084774069600000E-02   1.999999955300000E-02   1.443375705200000E+01   7.084774069600000E-02
   1.376293261600000E+00   8.342739085900001E-03   1.443375705200000E+01   1.443375705200000E+01   8.855851501900000E-02   1.999999955300000E-02   1.443375705200000E+01   8.855851501900000E-02
   1.376366859300000E+00   1.001075091900000E-02   1.443375705200000E+01   1.443375705200000E+01   1.062685041200000E-01   1.999999955300000E-02   1.443375705200000E+01   1.062685041200000E-01
   1.376453845000000E+00   1.167854976400000E-02   1.443375705200000E+01   1.443375705200000E+01   1.239775503900000E-01   1.999999955300000E-02   1.443375705200000E+01   1.239775503900000E-01
   1.376554221900000E+00   1.334604390800000E-02   1.443375705200000E+01   1.443375705200000E+01   1.416854959300000E-01   1.999999955300000E-02   1.443375705200000E+01   1.416854959300000E-01
   1.376667993700000E+00   1.501319867800000E-02   1.443375705200000E+01   1.443375705200000E+01   1.593921824600000E-01   1.999999955300000E-02   1.443375705200000E+01   1.593921824600000E-01
   1.376795164700000E+00   1.667995443200000E-02   1.443375705200000E+01   1.443375705200000E+01   1.770974513200000E-01   1.999999955300000E-02   1.443375705200000E+01   1.770974513200000E-01
   1.376935739600000E+00   1.834627559200000E-02   1.443375705200000E+01   1.443375705200000E+01   1.948011433900000E-01   1.999999955300000E-02   1.443375705200000E+01   1.948011433900000E-01
   1.377089723600000E+00   2.001243506600000E-02   1.443375705200000E+01   1.443375705200000E+01   2.125030990100000E-01   1.999999955300000E-02   1.443375705200000E+01   2.125030990100000E-01
   1.377257122500000E+00   2.167779528300000E-02   1.443375705200000E+01   1.443375705200000E+01   2.302031580200000E-01   1.999999955300000E-02   1.443375705200000E+01   2.302031580200000E-01
   1.377437942500000E+00   2.334259440000000E-02   1.443375705200000E+01   1.443375705200000E+01   2.479011596000000E-01   1.999999955300000E-02   1.443375705200000E+01   2.479011596000000E-01
   1.377632190200000E+00   2.500674283600000E-02   1.443375705200000E+01   1.443375705200000E+01   2.655969423100000E-01   1.999999955300000E-02   1.443375705200000E+01   2.655969423100000E-01
   1.377839872800000E+00   2.667028126700000E-02   1.443375705200000E+01   1.443375705200000E+01   2.832903440000000E-01   1.999999955300000E-02   1.443375705200000E+01   2.832903440000000E-01
   1.378060998000000E+00   2.833312948300000E-02   1.443375705200000E+01   1.443375705200000E+01   3.009812017400000E-01   1.999999955300000E-02   1.443375705200000E+01   3.009812017400000E-01
   1.378295573900000E+00   2.999531545100000E-02   1.443375705200000E+01   1.443375705200000E+01   3.186693518500000E-01   1.999999955300000E-02   1.443375705200000E+01   3.186693518500000E-01
   1.378543609000000E+00   3.165666488300000E-02   1.443375705200000E+01   1.443375705200000E+01   3.363546297400000E-01   1.999999955300000E-02   1.443375705200000E+01   3.363546297400000E-01
   1.378805112500000E+00   3.331719806800000E-02   1.443375705200000E+01   1.443375705200000E+01   3.540368699800000E-01   1.999999955300000E-02   1.443375705200000E+01   3.540368699800000E-01
   1.379080093800000E+00   3.497671738700000E-02   1.443375705200000E+01   1.443375705200000E+01   3.717159061400000E-01   1.999999955300000E-02   1.443375705200000E+01   3.717159061400000E-01
   1.379368562900000E+00   3.663547598200000E-02   1.443375705200000E+01   1.443375705200000E+01   3.893915708500000E-01   1.999999955300000E-02   1.443375705200000E+01   3.893915708500000E-01
   1.379670530200000E+00   3.829329175300000E-02   1.443375705200000E+01   1.443375705200000E+01   4.070636956800000E-01   1.999999955300000E-02   1.443375705200000E+01   4.070636956800000E-01
   1.379986006600000E+00   3.995039783100000E-02   1.443375705200000E+01   1.443375705200000E+01   4.247321110900000E-01   1.999999955300000E-02   1.443375705200000E+01   4.247321110900000E-01
   1.380315003400000E+00   4.160623660100000E-02   1.443375705200000E+01   1.443375705200000E+01   4.423966464500000E-01   1.999999955300000E-02   1.443375705200000E+01   4.423966464500000E-01
   1.380657532500000E+00   4.326101125300000E-02   1.443375705200000E+01   1.443375705200000E+01   4.600571299300000E-01   1.999999955300000E-02   1.443375705200000E+01   4.600571299300000E-01
   1.381013605900000E+00   4.491444751700000E-02   1.443375705200000E+01   1.443375705200000E+01   4.777133884800000E-01   1.999999955300000E-02   1.443375705200000E+01   4.777133884800000E-01
   1.381383236300000E+00   4.656694298700000E-02   1.443375705200000E+01   1.443375705200000E+01   4.953652478100000E-01   1.999999955300000E-02   1.443375705200000E+01   4.953652478100000E-01
   1.381766436700000E+00   4.821825040000000E-02   1.443375705200000E+01   1.443375705200000E+01   5.130125322800000E-01   1.999999955300000E-02   1.443375705200000E+01   5.130125322800000E-01
   1.382163220700000E+00   4.986847159700000E-02   1.443375705200000E+01   1.443375705200000E+01   5.306550649300000E-01   1.999999955300000E-02   1.443375705200000E+01   5.306550649300000E-01
   1.382573602000000E+00   5.151735166300000E-02   1.443375705200000E+01   1.443375705200000E+01   5.482926673900000E-01   1.999999955300000E-02   1.443375705200000E+01   5.482926673900000E-01
   1.382997595100000E+00   5.316493000100000E-02   1.443375705200000E+01   1.443375705200000E+01   5.659251598500000E-01   1.999999955300000E-02   1.443375705200000E+01   5.659251598500000E-01
   1.383435214400000E+00   5.481070212500000E-02   1.443375705200000E+01   1.443375705200000E+01   5.835523610300000E-01   1.999999955300000E-02   1.443375705200000E+01   5.835523610300000E-01
   1.383886475200000E+00   5.645557216400000E-02   1.443375705200000E+01   1.443375705200000E+01   6.011740880999999E-01   1.999999955300000E-02   1.443375705200000E+01   6.011740880999999E-01
   1.384351392900000E+00   5.809902580300000E-02   1.443375705200000E+01   1.443375705200000E+01   6.187901567100000E-01   1.999999955300000E-02   1.443375705200000E+01   6.187901567100000E-01
   1.384829983300000E+00   5.974080155400000E-02   1.443375705200000E+01   1.443375705200000E+01   6.364003808699999E-01   1.999999955300000E-02   1.443375705200000E+01   6.364003808699999E-01
   1.385322262700000E+00   6.138117892100000E-02   1.443375705200000E+01   1.443375705200000E+01   6.540045729500000E-01   1.999999955300000E-02   1.443375705200000E+01   6.540045729500000E-01
   1.385828247600000E+00   6.302001576200000E-02   1.443375705200000E+01   1.443375705200000E+01   6.716025436600001E-01   1.999999955300000E-02   1.443375705200000E+01   6.716025436600001E-01
   1.386347955000000E+00   6.465758605999999E-02   1.443375705200000E+01   1.443375705200000E+01   6.891941019700000E-01   1.999999955300000E-02   1.443375705200000E+01   6.891941019700000E-01
   1.386881402200000E+00   6.629339879200000E-02   1.443375705200000E+01   1.443375705200000E+01   7.067790550800001E-01   1.999999955300000E-02   1.443375705200000E+01   7.067790550800001E-01
   1.387428606800000E+00   6.792757086200001E-02   1.443375705200000E+01   1.443375705200000E+01   7.243572084100000E-01   1.999999955300000E-02   1.443375705200000E+01   7.243572084100000E-01
   1.387989586900000E+00   6.956045252500000E-02   1.443375705200000E+01   1.443375705200000E+01   7.419283655200000E-01   1.999999955300000E-02   1.443375705200000E+01   7.419283655200000E-01
   1.388564360700000E+00   7.119121140300000E-02   1.443375705200000E+01   1.443375705200000E+01   7.594923281200000E-01   1.999999955300000E-02   1.443375705200000E+01   7.594923281200000E-01
   1.389152946800000E+00   7.282021920800000E-02   1.443375705200000E+01   1.443375705200000E+01   7.770488959900000E-01   1.999999955300000E-02   1.443375705200000E+01   7.770488959900000E-01
   1.389755364300000E+00   7.444665815800000E-02   1.443375705200000E+01   1.443375705200000E+01   7.945978669700000E-01   1.999999955300000E-02   1.443375705200000E+01   7.945978669700000E-01
   1.390371632500000E+00   7.607191326500000E-02   1.443375705200000E+01   1.443375705200000E+01   8.121390369200000E-01   1.999999955300000E-02   1.443375705200000E+01   8.121390369200000E-01
   1.391001770800000E+00   7.769530422699999E-02   1.443375705200000E+01   1.443375705200000E+01   8.296721996600001E-01   1.999999955300000E-02   1.443375705200000E+01   8.296721996600001E-01
   1.391645799100000E+00   7.931742103000000E-02   1.443375705200000E+01   1.443375705200000E+01   8.471971469900000E-01   1.999999955300000E-02   1.443375705200000E+01   8.471971469900000E-01
   1.392303737700000E+00   8.093721591600000E-02   1.443375705200000E+01   1.443375705200000E+01   8.647136685800000E-01   1.999999955300000E-02   1.443375705200000E+01   8.647136685800000E-01

