   4.571846640200000E-15   0.000000000000000E+00   2.000000000000000E+00   2.000000000000000E+00   0.000000000000000E+00  -1.955923292600000E+02   8.680555684900000E+03   0.000000000000000E+00
   5.605290805200000E-11   2.011244435600000E-04   2.000000000000000E+00   2.000000000000000E+00   2.057857745800000E-06  -1.955923292100000E+02   8.680555684900000E+03   2.057857745800000E-06
   2.242235900600000E-10   4.022488863200000E-04   2.000000000000000E+00   2.000000000000000E+00   4.115715484400000E-06  -1.955923290900000E+02   8.680555684900000E+03   4.115715484400000E-06
   5.045172207100000E-10   6.033858014600000E-04   2.000000000000000E+00   2.000000000000000E+00   6.172902272200000E-06  -1.955923288900000E+02   8.680555684900000E+03   6.173690753800000E-06
   8.969140520400000E-10   8.045143965000000E-04   2.000000000000000E+00   2.000000000000000E+00   8.230536311900000E-06  -1.955923286200000E+02   8.680555684900000E+03   8.231587620800000E-06
   1.401418129000000E-09   1.005642986800000E-03   2.000000000000000E+00   2.000000000000000E+00   1.028817030700000E-05  -1.955923282600000E+02   8.680555684900000E+03   1.028948444300000E-05
   2.018035778300000E-09   1.206603403700000E-03   2.000000000000000E+00   2.000000000000000E+00   1.234728747500000E-05  -1.955923278300000E+02   8.680555684900000E+03   1.234728747500000E-05
   2.746768115900000E-09   1.407703953100000E-03   2.000000000000000E+00   2.000000000000000E+00   1.440516855200000E-05  -1.955923273100000E+02   8.680555684900000E+03   1.440516855200000E-05
   3.587612042800000E-09   1.608804494200000E-03   2.000000000000000E+00   2.000000000000000E+00   1.646304955200000E-05  -1.955923267200000E+02   8.680555684900000E+03   1.646304955200000E-05
   4.540573805100000E-09   1.810084561300000E-03   2.000000000000000E+00   2.000000000000000E+00   1.851906583300000E-05  -1.955923260500000E+02   8.680555684900000E+03   1.852024515800000E-05
   5.605640722300000E-09   2.011205030600000E-03   2.000000000000000E+00   2.000000000000000E+00   2.057673946200000E-05  -1.955923253000000E+02   8.680555684900000E+03   2.057804982400000E-05
   6.782824048000000E-09   2.212325488100000E-03   2.000000000000000E+00   2.000000000000000E+00   2.263441298000000E-05  -1.955923244700000E+02   8.680555684900000E+03   2.263585437900000E-05
   8.072119519800000E-09   2.413175196700000E-03   2.000000000000000E+00   2.000000000000000E+00   2.469142739600000E-05  -1.955923235600000E+02   8.680555684900000E+03   2.469234638200000E-05
   9.473530122100000E-09   2.614273065300000E-03   2.000000000000000E+00   2.000000000000000E+00   2.674904574300000E-05  -1.955923225700000E+02   8.680555684900000E+03   2.675004131100000E-05
   1.098705163000000E-08   2.815370918400000E-03   2.000000000000000E+00   2.000000000000000E+00   2.880666394500000E-05  -1.955923215000000E+02   8.680555684900000E+03   2.880773609600000E-05
   1.261268371300000E-08   3.016900787900000E-03   2.000000000000000E+00   2.000000000000000E+00   3.086602309300000E-05  -1.955923203600000E+02   8.680555684900000E+03   3.086698914100000E-05
   1.435043238500000E-08   3.218027409000000E-03   2.000000000000000E+00   2.000000000000000E+00   3.292375704700000E-05  -1.955923191300000E+02   8.680555684900000E+03   3.292478749900000E-05
   1.620029110800000E-08   3.419154011200000E-03   2.000000000000000E+00   2.000000000000000E+00   3.498149082400000E-05  -1.955923178300000E+02   8.680555684900000E+03   3.498258567800000E-05
   1.816225694300000E-08   3.620227608300000E-03   2.000000000000000E+00   2.000000000000000E+00   3.704198119300000E-05  -1.955923164500000E+02   8.680555684900000E+03   3.704198119300000E-05
   2.023634025100000E-08   3.821351225400000E-03   2.000000000000000E+00   2.000000000000000E+00   3.909986773400000E-05  -1.955923149800000E+02   8.680555684900000E+03   3.909986773400000E-05
   2.242253907900000E-08   4.022474820000000E-03   2.000000000000000E+00   2.000000000000000E+00   4.115775406400000E-05  -1.955923134400000E+02   8.680555684900000E+03   4.115775406400000E-05
   2.472084515500000E-08   4.223659962800000E-03   2.000000000000000E+00   2.000000000000000E+00   4.321550537700000E-05  -1.955923118200000E+02   8.680555684900000E+03   4.321550537700000E-05
   2.713126762000000E-08   4.424786440300000E-03   2.000000000000000E+00   2.000000000000000E+00   4.527338483200000E-05  -1.955923101200000E+02   8.680555684900000E+03   4.527338483200000E-05
   2.965379837800000E-08   4.625912891700000E-03   2.000000000000000E+00   2.000000000000000E+00   4.733126404300000E-05  -1.955923083500000E+02   8.680555684900000E+03   4.733126404300000E-05
   3.228844323900000E-08   4.827022791900000E-03   2.000000000000000E+00   2.000000000000000E+00   4.938464006900000E-05  -1.955923064900000E+02   8.680555684900000E+03   4.938895865100000E-05
   3.503519915600000E-08   5.028148499000000E-03   2.000000000000000E+00   2.000000000000000E+00   5.144233113700000E-05  -1.955923045500000E+02   8.680555684900000E+03   5.144682965700000E-05
   3.789406552500000E-08   5.229274176300000E-03   2.000000000000000E+00   2.000000000000000E+00   5.350002192700000E-05  -1.955923025400000E+02   8.680555684900000E+03   5.350470038500000E-05
   4.086505021400000E-08   5.429803661800000E-03   2.000000000000000E+00   2.000000000000000E+00   5.556127350200000E-05  -1.955923004400000E+02   8.680555684900000E+03   5.556127350200000E-05
   4.394814405900000E-08   5.630907195500000E-03   2.000000000000000E+00   2.000000000000000E+00   5.761909559400000E-05  -1.955922982700000E+02   8.680555684900000E+03   5.761909559400000E-05
   4.714334625700000E-08   5.832010695800000E-03   2.000000000000000E+00   2.000000000000000E+00   5.967691737400000E-05  -1.955922960200000E+02   8.680555684900000E+03   5.967691737400000E-05
   5.045066756600000E-08   6.033868641000000E-03   2.000000000000000E+00   2.000000000000000E+00   6.173110532800001E-05  -1.955922936900000E+02   8.680555684900000E+03   6.173690331300000E-05
   5.387009479300000E-08   6.234997221500000E-03   2.000000000000000E+00   2.000000000000000E+00   6.378880533200000E-05  -1.955922912700000E+02   8.680555684900000E+03   6.379479658500000E-05
   5.740163405400000E-08   6.436125765300000E-03   2.000000000000000E+00   2.000000000000000E+00   6.584650499100000E-05  -1.955922887900000E+02   8.680555684900000E+03   6.585268951300001E-05
   6.104528876300000E-08   6.636600572300000E-03   2.000000000000000E+00   2.000000000000000E+00   6.791051418200000E-05  -1.955922862200000E+02   8.680555684900000E+03   6.791051418200000E-05
   6.480105839700000E-08   6.837709231100000E-03   2.000000000000000E+00   2.000000000000000E+00   6.996840433000000E-05  -1.955922835700000E+02   8.680555684900000E+03   6.996840433000000E-05
   6.866893374400000E-08   7.038817849700000E-03   2.000000000000000E+00   2.000000000000000E+00   7.202629409900000E-05  -1.955922808400000E+02   8.680555684900000E+03   7.202629409900000E-05
   7.264891929200000E-08   7.240639496700000E-03   2.000000000000000E+00   2.000000000000000E+00   7.408421016900001E-05  -1.955922780400000E+02   8.680555684900000E+03   7.408427879700000E-05
   7.674101566200000E-08   7.441767837200000E-03   2.000000000000000E+00   2.000000000000000E+00   7.614209989000000E-05  -1.955922751500000E+02   8.680555684900000E+03   7.614217042400000E-05
   8.094523123500001E-08   7.642896133800000E-03   2.000000000000000E+00   2.000000000000000E+00   7.819998920000000E-05  -1.955922721900000E+02   8.680555684900000E+03   7.820006164000001E-05
   8.526155085300000E-08   7.844023580900000E-03   2.000000000000000E+00   2.000000000000000E+00   8.024826446800000E-05  -1.955922691500000E+02   8.680555684900000E+03   8.025790063200000E-05
   8.968998525500000E-08   8.045151765500001E-03   2.000000000000000E+00   2.000000000000000E+00   8.230590642400000E-05  -1.955922660200000E+02   8.680555684900000E+03   8.231578966300000E-05
   9.423052659100000E-08   8.246279902600000E-03   2.000000000000000E+00   2.000000000000000E+00   8.436354793500000E-05  -1.955922628200000E+02   8.680555684900000E+03   8.437367824900000E-05
   9.888318798800000E-08   8.447173336900000E-03   2.000000000000000E+00   2.000000000000000E+00   8.642403046100000E-05  -1.955922595500000E+02   8.680555684900000E+03   8.642865512200000E-05
   1.036479568800000E-07   8.648295787400000E-03   2.000000000000000E+00   2.000000000000000E+00   8.848173869300001E-05  -1.955922561900000E+02   8.680555684900000E+03   8.848647346700000E-05
   1.085248351200000E-07   8.849418186700000E-03   2.000000000000000E+00   2.000000000000000E+00   9.053944644700000E-05  -1.955922527500000E+02   8.680555684900000E+03   9.054429133399999E-05
   1.135138199700000E-07   9.050651557700001E-03   2.000000000000000E+00   2.000000000000000E+00   9.259770794699999E-05  -1.955922492300000E+02   8.680555684900000E+03   9.260310475100000E-05
   1.186149223800000E-07   9.251776318700000E-03   2.000000000000000E+00   2.000000000000000E+00   9.465542703699999E-05  -1.955922456400000E+02   8.680555684900000E+03   9.466094376200001E-05
   1.238281348600000E-07   9.452901025100000E-03   2.000000000000000E+00   2.000000000000000E+00   9.671314561700001E-05  -1.955922419600000E+02   8.680555684900000E+03   9.671878226200000E-05
   1.291534549100000E-07   9.654152993100001E-03   2.000000000000000E+00   2.000000000000000E+00   9.877549100400001E-05  -1.955922382100000E+02   8.680555684900000E+03   9.877811008600000E-05
   1.345908917900000E-07   9.855280239600001E-03   2.000000000000000E+00   2.000000000000000E+00   1.008333049300000E-04  -1.955922343700000E+02   8.680555684900000E+03   1.008359785700000E-04
   1.401404378500000E-07   1.005640742800000E-02   2.000000000000000E+00   2.000000000000000E+00   1.028911183100000E-04  -1.955922304600000E+02   8.680555684900000E+03   1.028938465100000E-04
   1.458020867300000E-07   1.025714216500000E-02   2.000000000000000E+00   2.000000000000000E+00   1.049385924700000E-04  -1.955922264700000E+02   8.680555684900000E+03   1.049488879100000E-04
   1.515758503300000E-07   1.045826153800000E-02   2.000000000000000E+00   2.000000000000000E+00   1.069962020000000E-04  -1.955922224000000E+02   8.680555684900000E+03   1.070066993100000E-04
   1.574617302300000E-07   1.065938084900000E-02   2.000000000000000E+00   2.000000000000000E+00   1.090538109500000E-04  -1.955922182500000E+02   8.680555684900000E+03   1.090645101400000E-04
   1.634597097100000E-07   1.085952786100000E-02   2.000000000000000E+00   2.000000000000000E+00   1.111247302100000E-04  -1.955922140200000E+02   8.680555684900000E+03   1.111247302100000E-04
   1.695698084000000E-07   1.106062903900000E-02   2.000000000000000E+00   2.000000000000000E+00   1.131825844700000E-04  -1.955922097200000E+02   8.680555684900000E+03   1.131825844700000E-04
   1.757920161400000E-07   1.126173015200000E-02   2.000000000000000E+00   2.000000000000000E+00   1.152404381100000E-04  -1.955922053300000E+02   8.680555684900000E+03   1.152404381100000E-04
   1.821263264900000E-07   1.146379828000000E-02   2.000000000000000E+00   2.000000000000000E+00   1.172905081700000E-04  -1.955922008700000E+02   8.680555684900000E+03   1.172966341600000E-04
   1.885727567700000E-07   1.166491622600000E-02   2.000000000000000E+00   2.000000000000000E+00   1.193482240200000E-04  -1.955921963300000E+02   8.680555684900000E+03   1.193544574800000E-04
   1.951312927800000E-07   1.186603410300000E-02   2.000000000000000E+00   2.000000000000000E+00   1.214059392200000E-04  -1.955921917000000E+02   8.680555684900000E+03   1.214122801500000E-04
   2.018019353300000E-07   1.206770477400000E-02   2.000000000000000E+00   2.000000000000000E+00   1.234727628200000E-04  -1.955921870000000E+02   8.680555684900000E+03   1.234734461200000E-04
   2.085846918700000E-07   1.226883172600000E-02   2.000000000000000E+00   2.000000000000000E+00   1.255306285200000E-04  -1.955921822200000E+02   8.680555684900000E+03   1.255313232100000E-04
   2.154795557600000E-07   1.246995860600000E-02   2.000000000000000E+00   2.000000000000000E+00   1.275884935400000E-04  -1.955921773600000E+02   8.680555684900000E+03   1.275891996200000E-04
   2.224865329200000E-07   1.267043570000000E-02   2.000000000000000E+00   2.000000000000000E+00   1.296325326800000E-04  -1.955921724200000E+02   8.680555684900000E+03   1.296421705800000E-04
   2.296056161100000E-07   1.287155212200000E-02   2.000000000000000E+00   2.000000000000000E+00   1.316901768600000E-04  -1.955921674000000E+02   8.680555684900000E+03   1.316999677600000E-04
   2.368368044700000E-07   1.307266846900000E-02   2.000000000000000E+00   2.000000000000000E+00   1.337478203200000E-04  -1.955921623000000E+02   8.680555684900000E+03   1.337577642200000E-04
   2.441801036500000E-07   1.327445346100000E-02   2.000000000000000E+00   2.000000000000000E+00   1.358083297000000E-04  -1.955921571300000E+02   8.680555684900000E+03   1.358205441700000E-04
   2.516355155700000E-07   1.347557978000000E-02   2.000000000000000E+00   2.000000000000000E+00   1.378660151300000E-04  -1.955921518800000E+02   8.680555684900000E+03   1.378784146800000E-04
   2.592030332100000E-07   1.367670601900000E-02   2.000000000000000E+00   2.000000000000000E+00   1.399236998300000E-04  -1.955921465400000E+02   8.680555684900000E+03   1.399362844500000E-04
   2.668826627500000E-07   1.387722788500000E-02   2.000000000000000E+00   2.000000000000000E+00   1.419761215900000E-04  -1.955921411200000E+02   8.680555684900000E+03   1.419902247300000E-04
   2.746743985600000E-07   1.407834520900000E-02   2.000000000000000E+00   2.000000000000000E+00   1.440337285200000E-04  -1.955921356300000E+02   8.680555684900000E+03   1.440480360500000E-04
   2.825782434900000E-07   1.427946244900000E-02   2.000000000000000E+00   2.000000000000000E+00   1.460913346800000E-04  -1.955921300600000E+02   8.680555684900000E+03   1.461058465900000E-04
   2.905941944000000E-07   1.447941990900000E-02   2.000000000000000E+00   2.000000000000000E+00   1.481500923600000E-04  -1.955921244100000E+02   8.680555684900000E+03   1.481510763100000E-04
   2.987222528700000E-07   1.468052086200000E-02   2.000000000000000E+00   2.000000000000000E+00   1.502077129300000E-04  -1.955921186800000E+02   8.680555684900000E+03   1.502087105200000E-04
   3.069624251800000E-07   1.488162172900000E-02   2.000000000000000E+00   2.000000000000000E+00   1.522653326900000E-04  -1.955921128700000E+02   8.680555684900000E+03   1.522663439100000E-04
   3.153147095800000E-07   1.508386178700000E-02   2.000000000000000E+00   2.000000000000000E+00   1.543331077400000E-04  -1.955921069900000E+02   8.680555684900000E+03   1.543351784600000E-04
   3.237790886100000E-07   1.528497767000000E-02   2.000000000000000E+00   2.000000000000000E+00   1.563908612300000E-04  -1.955921010200000E+02   8.680555684900000E+03   1.563929595600000E-04
   3.323555864000000E-07   1.548609346100000E-02   2.000000000000000E+00   2.000000000000000E+00   1.584486138800000E-04  -1.955920949800000E+02   8.680555684900000E+03   1.584507398100000E-04
   3.410441797200000E-07   1.568603232900000E-02   2.000000000000000E+00   2.000000000000000E+00   1.605009512500000E-04  -1.955920888400000E+02   8.680555684900000E+03   1.605009512500000E-04
   3.498448900300000E-07   1.588713284600000E-02   2.000000000000000E+00   2.000000000000000E+00   1.625586327900000E-04  -1.955920826400000E+02   8.680555684900000E+03   1.625586327900000E-04
   3.587577037500000E-07   1.608823326900000E-02   2.000000000000000E+00   2.000000000000000E+00   1.646163134400000E-04  -1.955920763600000E+02   8.680555684900000E+03   1.646163134400000E-04
   3.677826300000000E-07   1.629111806800000E-02   2.000000000000000E+00   2.000000000000000E+00   1.666638957100000E-04  -1.955920700000000E+02   8.680555684900000E+03   1.666860992300000E-04
   3.769196554800000E-07   1.649224033500000E-02   2.000000000000000E+00   2.000000000000000E+00   1.687214498700000E-04  -1.955920635600000E+02   8.680555684900000E+03   1.687439275300000E-04
   3.861687932300000E-07   1.669336250500000E-02   2.000000000000000E+00   2.000000000000000E+00   1.707790031300000E-04  -1.955920570400000E+02   8.680555684900000E+03   1.708017549200000E-04
   3.955300383300000E-07   1.689473000000000E-02   2.000000000000000E+00   2.000000000000000E+00   1.728595809300000E-04  -1.955920504500000E+02   8.680555684900000E+03   1.728623551000000E-04
   4.050033869600000E-07   1.709585489600000E-02   2.000000000000000E+00   2.000000000000000E+00   1.749174064500000E-04  -1.955920437700000E+02   8.680555684900000E+03   1.749202136600000E-04
   4.145888462500000E-07   1.729697969100000E-02   2.000000000000000E+00   2.000000000000000E+00   1.769752310300000E-04  -1.955920370100000E+02   8.680555684900000E+03   1.769780712700000E-04
   4.242864063300000E-07   1.749701338000000E-02   2.000000000000000E+00   2.000000000000000E+00   1.790358841200000E-04  -1.955920301700000E+02   8.680555684900000E+03   1.790358841200000E-04
   4.340960723400000E-07   1.769812542300000E-02   2.000000000000000E+00   2.000000000000000E+00   1.810937393000000E-04  -1.955920232600000E+02   8.680555684900000E+03   1.810937393000000E-04
   4.440178509900000E-07   1.789923736100000E-02   2.000000000000000E+00   2.000000000000000E+00   1.831515935100000E-04  -1.955920162600000E+02   8.680555684900000E+03   1.831515935100000E-04
   4.540517284300000E-07   1.810029551200000E-02   2.000000000000000E+00   2.000000000000000E+00   1.851917916400000E-04  -1.955920091800000E+02   8.680555684900000E+03   1.852010171800000E-04
   4.641977126500000E-07   1.830140665500000E-02   2.000000000000000E+00   2.000000000000000E+00   1.872494477100000E-04  -1.955920020300000E+02   8.680555684900000E+03   1.872587757500000E-04
   4.744558072800000E-07   1.850251769100000E-02   2.000000000000000E+00   2.000000000000000E+00   1.893071027700000E-04  -1.955919948000000E+02   8.680555684900000E+03   1.893165333000000E-04
   4.848260080700000E-07   1.870475110600000E-02   2.000000000000000E+00   2.000000000000000E+00   1.913639031600000E-04  -1.955919874900000E+02   8.680555684900000E+03   1.913821304200000E-04
   4.953083137500000E-07   1.890587398100000E-02   2.000000000000000E+00   2.000000000000000E+00   1.934215469900000E-04  -1.955919801000000E+02   8.680555684900000E+03   1.934399702100000E-04
   5.059027134700000E-07   1.910699674500000E-02   2.000000000000000E+00   2.000000000000000E+00   1.954791897700000E-04  -1.955919726300000E+02   8.680555684900000E+03   1.954978089500000E-04
   5.166092279100000E-07   1.930816967700000E-02   2.000000000000000E+00   2.000000000000000E+00   1.975316343700000E-04  -1.955919650900000E+02   8.680555684900000E+03   1.975565628300000E-04
   5.274278443800000E-07   1.950929274200000E-02   2.000000000000000E+00   2.000000000000000E+00   1.995892208400000E-04  -1.955919574600000E+02   8.680555684900000E+03   1.996144090000000E-04
   5.383585706000000E-07   1.971041569200000E-02   2.000000000000000E+00   2.000000000000000E+00   2.016468062300000E-04  -1.955919497600000E+02   8.680555684900000E+03   2.016722540900000E-04
   5.494013950600000E-07   1.991149960500000E-02   2.000000000000000E+00   2.000000000000000E+00   2.037124193100000E-04  -1.955919419700000E+02   8.680555684900000E+03   2.037299391200000E-04
   5.605563250200000E-07   2.011262192800000E-02   2.000000000000000E+00   2.000000000000000E+00   2.057700836700000E-04  -1.955919341100000E+02   8.680555684900000E+03   2.057877804200000E-04
   5.718233637000000E-07   2.031374413300000E-02   2.000000000000000E+00   2.000000000000000E+00   2.078277469100000E-04  -1.955919261700000E+02   8.680555684900000E+03   2.078456206000000E-04
   5.832025032000000E-07   2.051477511100000E-02   2.000000000000000E+00   2.000000000000000E+00   2.098734294800000E-04  -1.955919181500000E+02   8.680555684900000E+03   2.099021640700000E-04
   5.946937446800000E-07   2.071589618300000E-02   2.000000000000000E+00   2.000000000000000E+00   2.119309729600000E-04  -1.955919100500000E+02   8.680555684900000E+03   2.119599893000000E-04
   6.062970874900000E-07   2.091701713300000E-02   2.000000000000000E+00   2.000000000000000E+00   2.139885152900000E-04  -1.955919018700000E+02   8.680555684900000E+03   2.140178133800000E-04
   6.180125365400000E-07   2.111762198300000E-02   2.000000000000000E+00   2.000000000000000E+00   2.160657211100000E-04  -1.955918936100000E+02   8.680555684900000E+03   2.160724671500000E-04
   6.298400920899999E-07   2.131873777500000E-02   2.000000000000000E+00   2.000000000000000E+00   2.181234484600000E-04  -1.955918852700000E+02   8.680555684900000E+03   2.181302587400000E-04
   6.417797415600000E-07   2.151985344100000E-02   2.000000000000000E+00   2.000000000000000E+00   2.201811746200000E-04  -1.955918768500000E+02   8.680555684900000E+03   2.201880491400000E-04
   6.538315017300000E-07   2.171895691100000E-02   2.000000000000000E+00   2.000000000000000E+00   2.222377930100000E-04  -1.955918683600000E+02   8.680555684900000E+03   2.222377930100000E-04
   6.659953649700000E-07   2.192005367000000E-02   2.000000000000000E+00   2.000000000000000E+00   2.242955064900000E-04  -1.955918597900000E+02   8.680555684900000E+03   2.242955064900000E-04
   6.782713295200000E-07   2.212115029900000E-02   2.000000000000000E+00   2.000000000000000E+00   2.263532187600000E-04  -1.955918511300000E+02   8.680555684900000E+03   2.263532187600000E-04
   6.906593997000000E-07   2.232464213500000E-02   2.000000000000000E+00   2.000000000000000E+00   2.284203335200000E-04  -1.955918424200000E+02   8.680555684900000E+03   2.284203335200000E-04
   7.031595626100000E-07   2.252576008900000E-02   2.000000000000000E+00   2.000000000000000E+00   2.304781280600000E-04  -1.955918336000000E+02   8.680555684900000E+03   2.304781280600000E-04
   7.157718352700000E-07   2.272687791100000E-02   2.000000000000000E+00   2.000000000000000E+00   2.325359213600000E-04  -1.955918247100000E+02   8.680555684900000E+03   2.325359213600000E-04
   7.284962044400000E-07   2.292842675400000E-02   2.000000000000000E+00   2.000000000000000E+00   2.345918310200000E-04  -1.955918157300000E+02   8.680555684900000E+03   2.345976903000000E-04
   7.413326769099999E-07   2.312954809400000E-02   2.000000000000000E+00   2.000000000000000E+00   2.366496053100000E-04  -1.955918066800000E+02   8.680555684900000E+03   2.366555159700000E-04
   7.542812553600000E-07   2.333066929700000E-02   2.000000000000000E+00   2.000000000000000E+00   2.387073783300000E-04  -1.955917975500000E+02   8.680555684900000E+03   2.387133403600000E-04
   7.673419276900000E-07   2.353055590400000E-02   2.000000000000000E+00   2.000000000000000E+00   2.407515552600000E-04  -1.955917883400000E+02   8.680555684900000E+03   2.407602285100000E-04
   7.805147052900000E-07   2.373166626900000E-02   2.000000000000000E+00   2.000000000000000E+00   2.428092095000000E-04  -1.955917790600000E+02   8.680555684900000E+03   2.428179568200000E-04
   7.937995841600000E-07   2.393277649300000E-02   2.000000000000000E+00   2.000000000000000E+00   2.448668624400000E-04  -1.955917696900000E+02   8.680555684900000E+03   2.448756838300000E-04
   8.071965551500000E-07   2.413515300200000E-02   2.000000000000000E+00   2.000000000000000E+00   2.469430840600000E-04  -1.955917602700000E+02   8.680555684900000E+03   2.469446824700000E-04
   8.207056347500000E-07   2.433627350800000E-02   2.000000000000000E+00   2.000000000000000E+00   2.490008890400000E-04  -1.955917507500000E+02   8.680555684900000E+03   2.490025007800000E-04
   8.343268145700000E-07   2.453739387000000E-02   2.000000000000000E+00   2.000000000000000E+00   2.510586926800000E-04  -1.955917411500000E+02   8.680555684900000E+03   2.510603177500000E-04
   8.480600917900000E-07   2.473842367400000E-02   2.000000000000000E+00   2.000000000000000E+00   2.531001213100000E-04  -1.955917314600000E+02   8.680555684900000E+03   2.531175025900000E-04
   8.619054686700000E-07   2.493954301300000E-02   2.000000000000000E+00   2.000000000000000E+00   2.551577890800000E-04  -1.955917217000000E+02   8.680555684900000E+03   2.551753117100000E-04
   8.758629458800000E-07   2.514066220500000E-02   2.000000000000000E+00   2.000000000000000E+00   2.572154554700000E-04  -1.955917118600000E+02   8.680555684900000E+03   2.572331194500000E-04
   8.899325254400000E-07   2.534181092800000E-02   2.000000000000000E+00   2.000000000000000E+00   2.592761509600000E-04  -1.955917019500000E+02   8.680555684900000E+03   2.592913053400000E-04
   9.041142008500000E-07   2.554293005700000E-02   2.000000000000000E+00   2.000000000000000E+00   2.613338386100000E-04  -1.955916919500000E+02   8.680555684900000E+03   2.613491133000000E-04
   9.184079769300000E-07   2.574404903600000E-02   2.000000000000000E+00   2.000000000000000E+00   2.633915248500000E-04  -1.955916818800000E+02   8.680555684900000E+03   2.634069198400000E-04
   9.328138456900001E-07   2.594312613100000E-02   2.000000000000000E+00   2.000000000000000E+00   2.654489809600000E-04  -1.955916717200000E+02   8.680555684900000E+03   2.654489809600000E-04
   9.473318178600000E-07   2.614422895800000E-02   2.000000000000000E+00   2.000000000000000E+00   2.675066625600000E-04  -1.955916614900000E+02   8.680555684900000E+03   2.675066625600000E-04
   9.619618820999999E-07   2.634533163000000E-02   2.000000000000000E+00   2.000000000000000E+00   2.695643427300000E-04  -1.955916511800000E+02   8.680555684900000E+03   2.695643427300000E-04
   9.767040524600001E-07   2.654852936300000E-02   2.000000000000000E+00   2.000000000000000E+00   2.716276574800000E-04  -1.955916408000000E+02   8.680555684900000E+03   2.716371001700000E-04
   9.915583162600001E-07   2.674964761000000E-02   2.000000000000000E+00   2.000000000000000E+00   2.736853774200000E-04  -1.955916303300000E+02   8.680555684900000E+03   2.736948916600000E-04
   1.006524674700000E-06   2.695076569800000E-02   2.000000000000000E+00   2.000000000000000E+00   2.757430958800000E-04  -1.955916197800000E+02   8.680555684900000E+03   2.757526816700000E-04
   1.021603140100000E-06   2.715112326800000E-02   2.000000000000000E+00   2.000000000000000E+00   2.778084835800000E-04  -1.955916091300000E+02   8.680555684900000E+03   2.778084835800000E-04
   1.036793694800000E-06   2.735223542000000E-02   2.000000000000000E+00   2.000000000000000E+00   2.798662558800000E-04  -1.955915984300000E+02   8.680555684900000E+03   2.798662558800000E-04
   1.052096348000000E-06   2.755334741000000E-02   2.000000000000000E+00   2.000000000000000E+00   2.819240266600000E-04  -1.955915876400000E+02   8.680555684900000E+03   2.819240266600000E-04
   1.067511096400000E-06   2.775528008400000E-02   2.000000000000000E+00   2.000000000000000E+00   2.839430730300000E-04  -1.955915767600000E+02   8.680555684900000E+03   2.839847044500000E-04
   1.083037942400000E-06   2.795639768300000E-02   2.000000000000000E+00   2.000000000000000E+00   2.860005601200000E-04  -1.955915658200000E+02   8.680555684900000E+03   2.860424932600000E-04
   1.098676881300000E-06   2.815751511700000E-02   2.000000000000000E+00   2.000000000000000E+00   2.880580456600000E-04  -1.955915547900000E+02   8.680555684900000E+03   2.881002805300000E-04
   1.114427924800000E-06   2.835819008500000E-02   2.000000000000000E+00   2.000000000000000E+00   2.901346776800000E-04  -1.955915437100000E+02   8.680555684900000E+03   2.901533731800000E-04
   1.130291064700000E-06   2.855930404100000E-02   2.000000000000000E+00   2.000000000000000E+00   2.921922959200000E-04  -1.955915325300000E+02   8.680555684900000E+03   2.922111240200000E-04
   1.146266286000000E-06   2.876041782900000E-02   2.000000000000000E+00   2.000000000000000E+00   2.942499125700000E-04  -1.955915212700000E+02   8.680555684900000E+03   2.942688732900000E-04
   1.162353607000000E-06   2.896186897500000E-02   2.000000000000000E+00   2.000000000000000E+00   2.963286688500000E-04  -1.955915099200000E+02   8.680555684900000E+03   2.963313619300000E-04
   1.178553028500000E-06   2.916298478000000E-02   2.000000000000000E+00   2.000000000000000E+00   2.983864291500000E-04  -1.955914985000000E+02   8.680555684900000E+03   2.983891409600000E-04
   1.194864544200000E-06   2.936410041200000E-02   2.000000000000000E+00   2.000000000000000E+00   3.004441878400000E-04  -1.955914870000000E+02   8.680555684900000E+03   3.004469183800000E-04
   1.211288150400000E-06   2.956502109700000E-02   2.000000000000000E+00   2.000000000000000E+00   3.024808337700000E-04  -1.955914754100000E+02   8.680555684900000E+03   3.025028621400000E-04
   1.227823852500000E-06   2.976613506000000E-02   2.000000000000000E+00   2.000000000000000E+00   3.045384455600000E-04  -1.955914637600000E+02   8.680555684900000E+03   3.045606238500000E-04
   1.244471649200000E-06   2.996724884700000E-02   2.000000000000000E+00   2.000000000000000E+00   3.065960557100000E-04  -1.955914520200000E+02   8.680555684900000E+03   3.066183839100000E-04
   1.261231537900000E-06   3.016834607600000E-02   2.000000000000000E+00   2.000000000000000E+00   3.086728889100000E-04  -1.955914402400000E+02   8.680555684900000E+03   3.086740602300000E-04
   1.278103524000000E-06   3.036945938200000E-02   2.000000000000000E+00   2.000000000000000E+00   3.107306239200000E-04  -1.955914283500000E+02   8.680555684900000E+03   3.107318030500000E-04
   1.295087599300000E-06   3.057057251000000E-02   2.000000000000000E+00   2.000000000000000E+00   3.127883572400000E-04  -1.955914163800000E+02   8.680555684900000E+03   3.127895441900000E-04
   1.312183769400000E-06   3.077155361100000E-02   2.000000000000000E+00   2.000000000000000E+00   3.148311342500000E-04  -1.955914043100000E+02   8.680555684900000E+03   3.148494288200000E-04
   1.329392023400000E-06   3.097266553300000E-02   2.000000000000000E+00   2.000000000000000E+00   3.168887664300000E-04  -1.955913921800000E+02   8.680555684900000E+03   3.169071806300000E-04
   1.346712380900000E-06   3.117377727300000E-02   2.000000000000000E+00   2.000000000000000E+00   3.189463968900000E-04  -1.955913799700000E+02   8.680555684900000E+03   3.189649307200000E-04
   1.364144822000000E-06   3.137448689100000E-02   2.000000000000000E+00   2.000000000000000E+00   3.210007138500000E-04  -1.955913676900000E+02   8.680555684900000E+03   3.210166782700000E-04
   1.381689360500000E-06   3.157559566000000E-02   2.000000000000000E+00   2.000000000000000E+00   3.230583196100000E-04  -1.955913553200000E+02   8.680555684900000E+03   3.230743863900000E-04
   1.399345989900000E-06   3.177670424300000E-02   2.000000000000000E+00   2.000000000000000E+00   3.251159236300000E-04  -1.955913428800000E+02   8.680555684900000E+03   3.251320927700000E-04
   1.417114710600000E-06   3.197751759800000E-02   2.000000000000000E+00   2.000000000000000E+00   3.271984802700000E-04  -1.955913303400000E+02   8.680555684900000E+03   3.271984802700000E-04
   1.434995518600000E-06   3.217862394700000E-02   2.000000000000000E+00   2.000000000000000E+00   3.292562377600000E-04  -1.955913177300000E+02   8.680555684900000E+03   3.292562377600000E-04
   1.452988421700000E-06   3.237973010500000E-02   2.000000000000000E+00   2.000000000000000E+00   3.313139934800000E-04  -1.955913050500000E+02   8.680555684900000E+03   3.313139934800000E-04
   1.471093416300000E-06   3.258021098800000E-02   2.000000000000000E+00   2.000000000000000E+00   3.333716680000000E-04  -1.955912922900000E+02   8.680555684900000E+03   3.333716680000000E-04
   1.489310497400000E-06   3.278131290000000E-02   2.000000000000000E+00   2.000000000000000E+00   3.354294196300000E-04  -1.955912794500000E+02   8.680555684900000E+03   3.354294196300000E-04
   1.507639671100000E-06   3.298241461700000E-02   2.000000000000000E+00   2.000000000000000E+00   3.374871694400000E-04  -1.955912665300000E+02   8.680555684900000E+03   3.374871694400000E-04
   1.526080929300000E-06   3.318537323300000E-02   2.000000000000000E+00   2.000000000000000E+00   3.395388804900000E-04  -1.955912535600000E+02   8.680555684900000E+03   3.395435907000000E-04
   1.544634280400000E-06   3.338648583400000E-02   2.000000000000000E+00   2.000000000000000E+00   3.415965900300000E-04  -1.955912404900000E+02   8.680555684900000E+03   3.416013288100000E-04
   1.563299715400000E-06   3.358759823700000E-02   2.000000000000000E+00   2.000000000000000E+00   3.436542977300000E-04  -1.955912273300000E+02   8.680555684900000E+03   3.436590650700000E-04
   1.582077247800000E-06   3.378794277000000E-02   2.000000000000000E+00   2.000000000000000E+00   3.457102863000000E-04  -1.955912140900000E+02   8.680555684900000E+03   3.457102863000000E-04
   1.600966861000000E-06   3.398905019400000E-02   2.000000000000000E+00   2.000000000000000E+00   3.477679800500000E-04  -1.955912007700000E+02   8.680555684900000E+03   3.477679800500000E-04
   1.619968565700000E-06   3.419015741800000E-02   2.000000000000000E+00   2.000000000000000E+00   3.498256719200000E-04  -1.955911873800000E+02   8.680555684900000E+03   3.498256719200000E-04
   1.639082363200000E-06   3.439083262800000E-02   2.000000000000000E+00   2.000000000000000E+00   3.518830699000000E-04  -1.955911739100000E+02   8.680555684900000E+03   3.518830699000000E-04
   1.658308240300000E-06   3.459193691800000E-02   2.000000000000000E+00   2.000000000000000E+00   3.539407562700000E-04  -1.955911603600000E+02   8.680555684900000E+03   3.539407562700000E-04
   1.677646205100000E-06   3.479304100300000E-02   2.000000000000000E+00   2.000000000000000E+00   3.559984407300000E-04  -1.955911467300000E+02   8.680555684900000E+03   3.559984407300000E-04
   1.697096260500000E-06   3.499477080700000E-02   2.000000000000000E+00   2.000000000000000E+00   3.580644994100000E-04  -1.955911330000000E+02   8.680555684900000E+03   3.580644994100000E-04
   1.716658405000000E-06   3.519587808200000E-02   2.000000000000000E+00   2.000000000000000E+00   3.601222281900000E-04  -1.955911192100000E+02   8.680555684900000E+03   3.601222281900000E-04
   1.736332627500000E-06   3.539698515000000E-02   2.000000000000000E+00   2.000000000000000E+00   3.621799550300000E-04  -1.955911053400000E+02   8.680555684900000E+03   3.621799550300000E-04
   1.756118943000000E-06   3.559761833300000E-02   2.000000000000000E+00   2.000000000000000E+00   3.642176546100000E-04  -1.955910913800000E+02   8.680555684900000E+03   3.642309026000000E-04
   1.776017341000000E-06   3.579872234100000E-02   2.000000000000000E+00   2.000000000000000E+00   3.662752643200000E-04  -1.955910773500000E+02   8.680555684900000E+03   3.662885872500000E-04
   1.796027826600000E-06   3.599982613700000E-02   2.000000000000000E+00   2.000000000000000E+00   3.683328720500000E-04  -1.955910632400000E+02   8.680555684900000E+03   3.683462699300000E-04
   1.816150395500000E-06   3.619894501100000E-02   2.000000000000000E+00   2.000000000000000E+00   3.703918148800000E-04  -1.955910490700000E+02   8.680555684900000E+03   3.703918148800000E-04
   1.836385051600000E-06   3.640003730300000E-02   2.000000000000000E+00   2.000000000000000E+00   3.724494260500000E-04  -1.955910348000000E+02   8.680555684900000E+03   3.724494260500000E-04
   1.856731792100000E-06   3.660112937900000E-02   2.000000000000000E+00   2.000000000000000E+00   3.745070352100000E-04  -1.955910204600000E+02   8.680555684900000E+03   3.745070352100000E-04
   1.877190611400000E-06   3.680446678500000E-02   2.000000000000000E+00   2.000000000000000E+00   3.765702383500000E-04  -1.955910060700000E+02   8.680555684900000E+03   3.765723763700000E-04
   1.897761521300000E-06   3.700557071300000E-02   2.000000000000000E+00   2.000000000000000E+00   3.786278740300000E-04  -1.955909915700000E+02   8.680555684900000E+03   3.786300237500000E-04
   1.918444512200000E-06   3.720667442100000E-02   2.000000000000000E+00   2.000000000000000E+00   3.806855076700000E-04  -1.955909769900000E+02   8.680555684900000E+03   3.806876690700000E-04
   1.939239583000000E-06   3.740553467500000E-02   2.000000000000000E+00   2.000000000000000E+00   3.827567511400000E-04  -1.955909622900000E+02   8.680555684900000E+03   3.827567511400000E-04
   1.960146741000000E-06   3.760662586700000E-02   2.000000000000000E+00   2.000000000000000E+00   3.848144539000000E-04  -1.955909475500000E+02   8.680555684900000E+03   3.848144539000000E-04
   1.981165981900000E-06   3.780771683700000E-02   2.000000000000000E+00   2.000000000000000E+00   3.868721545800000E-04  -1.955909327300000E+02   8.680555684900000E+03   3.868721545800000E-04
   2.002297299500000E-06   3.801131859800000E-02   2.000000000000000E+00   2.000000000000000E+00   3.889301320100000E-04  -1.955909179000000E+02   8.680555684900000E+03   3.889301320100000E-04
   2.023540703800000E-06   3.821242242300000E-02   2.000000000000000E+00   2.000000000000000E+00   3.909878299700000E-04  -1.955909029300000E+02   8.680555684900000E+03   3.909878299700000E-04
   2.044896185700000E-06   3.841352602300000E-02   2.000000000000000E+00   2.000000000000000E+00   3.930455258200000E-04  -1.955908878700000E+02   8.680555684900000E+03   3.930455258200000E-04
   2.066363746600000E-06   3.860993274600000E-02   2.000000000000000E+00   2.000000000000000E+00   3.950840360000000E-04  -1.955908726700000E+02   8.680555684900000E+03   3.950840360000000E-04
   2.087943396800000E-06   3.881101149900000E-02   2.000000000000000E+00   2.000000000000000E+00   3.971416277500000E-04  -1.955908574600000E+02   8.680555684900000E+03   3.971416277500000E-04
   2.109635123600000E-06   3.901209002300000E-02   2.000000000000000E+00   2.000000000000000E+00   3.991992173500000E-04  -1.955908421700000E+02   8.680555684900000E+03   3.991992173500000E-04
   2.131438931600000E-06   3.921590043400000E-02   2.000000000000000E+00   2.000000000000000E+00   4.012732869000000E-04  -1.955908268300000E+02   8.680555684900000E+03   4.012732869000000E-04
   2.153354820200000E-06   3.941699242100000E-02   2.000000000000000E+00   2.000000000000000E+00   4.033309566600000E-04  -1.955908113800000E+02   8.680555684900000E+03   4.033309566600000E-04
   2.175382790600000E-06   3.961808417500000E-02   2.000000000000000E+00   2.000000000000000E+00   4.053886242400000E-04  -1.955907958500000E+02   8.680555684900000E+03   4.053886242400000E-04
   2.197522836600000E-06   3.982153299000000E-02   2.000000000000000E+00   2.000000000000000E+00   4.074496084700000E-04  -1.955907803000000E+02   8.680555684900000E+03   4.074496084700000E-04
   2.219774962500000E-06   4.002263620000000E-02   2.000000000000000E+00   2.000000000000000E+00   4.095072883900000E-04  -1.955907646100000E+02   8.680555684900000E+03   4.095072883900000E-04
   2.242139168100000E-06   4.022373917400000E-02   2.000000000000000E+00   2.000000000000000E+00   4.115649661000000E-04  -1.955907488500000E+02   8.680555684900000E+03   4.115649661000000E-04
   2.264615449300000E-06   4.042420181300000E-02   2.000000000000000E+00   2.000000000000000E+00   4.136219226500000E-04  -1.955907329800000E+02   8.680555684900000E+03   4.136219226500000E-04
   2.287203813500000E-06   4.062530111800000E-02   2.000000000000000E+00   2.000000000000000E+00   4.156795923100000E-04  -1.955907170600000E+02   8.680555684900000E+03   4.156795923100000E-04
   2.309904249100000E-06   4.082640018300000E-02   2.000000000000000E+00   2.000000000000000E+00   4.177372597300000E-04  -1.955907010600000E+02   8.680555684900000E+03   4.177372597300000E-04
   2.332716764800000E-06   4.102654602100000E-02   2.000000000000000E+00   2.000000000000000E+00   4.197927077000000E-04  -1.955906849800000E+02   8.680555684900000E+03   4.197927077000000E-04
   2.355641358500000E-06   4.122763992300000E-02   2.000000000000000E+00   2.000000000000000E+00   4.218503597100000E-04  -1.955906688200000E+02   8.680555684900000E+03   4.218503597100000E-04
   2.378678025800000E-06   4.142873358100000E-02   2.000000000000000E+00   2.000000000000000E+00   4.239080094300000E-04  -1.955906525900000E+02   8.680555684900000E+03   4.239080094300000E-04
   2.401826772900000E-06   4.163039297100000E-02   2.000000000000000E+00   2.000000000000000E+00   4.259679210800000E-04  -1.955906362600000E+02   8.680555684900000E+03   4.259679210800000E-04
   2.425087595200000E-06   4.183148887600000E-02   2.000000000000000E+00   2.000000000000000E+00   4.280255772000000E-04  -1.955906198600000E+02   8.680555684900000E+03   4.280255772000000E-04
   2.448460492500000E-06   4.203258453500000E-02   2.000000000000000E+00   2.000000000000000E+00   4.300832310000000E-04  -1.955906033900000E+02   8.680555684900000E+03   4.300832310000000E-04
   2.471945463700000E-06   4.223475150500000E-02   2.000000000000000E+00   2.000000000000000E+00   4.321335369100000E-04  -1.955905868600000E+02   8.680555684900000E+03   4.321337704800000E-04
   2.495542505800000E-06   4.243585178100000E-02   2.000000000000000E+00   2.000000000000000E+00   4.341911510100000E-04  -1.955905702300000E+02   8.680555684900000E+03   4.341913857000000E-04
   2.519251625100000E-06   4.263695180500000E-02   2.000000000000000E+00   2.000000000000000E+00   4.362487627700000E-04  -1.955905535200000E+02   8.680555684900000E+03   4.362489985700000E-04
   2.543072821100000E-06   4.283821057400000E-02   2.000000000000000E+00   2.000000000000000E+00   4.383144576000000E-04  -1.955905366900000E+02   8.680555684900000E+03   4.383144576000000E-04
   2.567006090500000E-06   4.303931084400000E-02   2.000000000000000E+00   2.000000000000000E+00   4.403721026400000E-04  -1.955905198200000E+02   8.680555684900000E+03   4.403721026400000E-04
   2.591051434000000E-06   4.324041085900000E-02   2.000000000000000E+00   2.000000000000000E+00   4.424297453000000E-04  -1.955905028700000E+02   8.680555684900000E+03   4.424297453000000E-04
   2.615208841600000E-06   4.344182954400000E-02   2.000000000000000E+00   2.000000000000000E+00   4.444866594000000E-04  -1.955904859000000E+02   8.680555684900000E+03   4.444874723600000E-04
   2.639478330300000E-06   4.364293054600000E-02   2.000000000000000E+00   2.000000000000000E+00   4.465442939300000E-04  -1.955904687900000E+02   8.680555684900000E+03   4.465451106400000E-04
   2.663859890100000E-06   4.384403129000000E-02   2.000000000000000E+00   2.000000000000000E+00   4.486019260500000E-04  -1.955904516000000E+02   8.680555684900000E+03   4.486027465200000E-04
   2.688353520800000E-06   4.404374899100000E-02   2.000000000000000E+00   2.000000000000000E+00   4.506597572000000E-04  -1.955904343300000E+02   8.680555684900000E+03   4.506597572000000E-04
   2.712959224900000E-06   4.424484286600000E-02   2.000000000000000E+00   2.000000000000000E+00   4.527173853500000E-04  -1.955904169900000E+02   8.680555684900000E+03   4.527173853500000E-04
   2.737676999700000E-06   4.444593648000000E-02   2.000000000000000E+00   2.000000000000000E+00   4.547750110600000E-04  -1.955903995700000E+02   8.680555684900000E+03   4.547750110600000E-04
   2.762506839600000E-06   4.464456884800000E-02   2.000000000000000E+00   2.000000000000000E+00   4.568325286700000E-04  -1.955903820000000E+02   8.680555684900000E+03   4.568325286700000E-04
   2.787448758000000E-06   4.484565083100000E-02   2.000000000000000E+00   2.000000000000000E+00   4.588901490100000E-04  -1.955903644200000E+02   8.680555684900000E+03   4.588901490100000E-04
   2.812502740100000E-06   4.504673254900000E-02   2.000000000000000E+00   2.000000000000000E+00   4.609477668700000E-04  -1.955903467600000E+02   8.680555684900000E+03   4.609477668700000E-04
   2.837668789000000E-06   4.525051413800000E-02   2.000000000000000E+00   2.000000000000000E+00   4.630044913000000E-04  -1.955903290800000E+02   8.680555684900000E+03   4.630044913000000E-04
   2.862946914100000E-06   4.545160734400000E-02   2.000000000000000E+00   2.000000000000000E+00   4.650621001600000E-04  -1.955903112600000E+02   8.680555684900000E+03   4.650621001600000E-04
   2.888337108100000E-06   4.565270028100000E-02   2.000000000000000E+00   2.000000000000000E+00   4.671197065200000E-04  -1.955902933600000E+02   8.680555684900000E+03   4.671197065200000E-04
   2.913839370800000E-06   4.585140168300000E-02   2.000000000000000E+00   2.000000000000000E+00   4.691709922300000E-04  -1.955902753500000E+02   8.680555684900000E+03   4.691709922300000E-04
   2.939453696200000E-06   4.605248357100000E-02   2.000000000000000E+00   2.000000000000000E+00   4.712285657900000E-04  -1.955902572900000E+02   8.680555684900000E+03   4.712285657900000E-04
   2.965180090400000E-06   4.625356518800000E-02   2.000000000000000E+00   2.000000000000000E+00   4.732861368000000E-04  -1.955902391600000E+02   8.680555684900000E+03   4.732861368000000E-04
   2.991018554400000E-06   4.645588875000000E-02   2.000000000000000E+00   2.000000000000000E+00   4.753463623900000E-04  -1.955902209900000E+02   8.680555684900000E+03   4.753463623900000E-04
   3.016969083900000E-06   4.665697520500000E-02   2.000000000000000E+00   2.000000000000000E+00   4.774039397900000E-04  -1.955902027000000E+02   8.680555684900000E+03   4.774039397900000E-04
   3.043031679500000E-06   4.685806138400000E-02   2.000000000000000E+00   2.000000000000000E+00   4.794615146100000E-04  -1.955901843300000E+02   8.680555684900000E+03   4.794615146100000E-04
   3.069206341500000E-06   4.705906937700000E-02   2.000000000000000E+00   2.000000000000000E+00   4.815243736200000E-04  -1.955901658600000E+02   8.680555684900000E+03   4.815243736200000E-04
   3.095493067400000E-06   4.726015466700000E-02   2.000000000000000E+00   2.000000000000000E+00   4.835819658800000E-04  -1.955901473300000E+02   8.680555684900000E+03   4.835819658800000E-04
   3.121891860500000E-06   4.746123967800000E-02   2.000000000000000E+00   2.000000000000000E+00   4.856395555300000E-04  -1.955901287300000E+02   8.680555684900000E+03   4.856395555300000E-04
   3.148402715200000E-06   4.766425447400000E-02   2.000000000000000E+00   2.000000000000000E+00   4.876826021600000E-04  -1.955901100400000E+02   8.680555684900000E+03   4.876874418100000E-04
   3.175025638800000E-06   4.786534708700000E-02   2.000000000000000E+00   2.000000000000000E+00   4.897401251400000E-04  -1.955900912800000E+02   8.680555684900000E+03   4.897449852100000E-04
   3.201760621700000E-06   4.806643941800000E-02   2.000000000000000E+00   2.000000000000000E+00   4.917976454600000E-04  -1.955900724300000E+02   8.680555684900000E+03   4.918025259700000E-04
   3.228607670300000E-06   4.826734411300000E-02   2.000000000000000E+00   2.000000000000000E+00   4.938669182100000E-04  -1.955900534900000E+02   8.680555684900000E+03   4.938669182100000E-04
   3.255566782400000E-06   4.846843509100000E-02   2.000000000000000E+00   2.000000000000000E+00   4.959244822400000E-04  -1.955900344900000E+02   8.680555684900000E+03   4.959244822400000E-04
   3.282637962000000E-06   4.866952578300000E-02   2.000000000000000E+00   2.000000000000000E+00   4.979820435800000E-04  -1.955900154100000E+02   8.680555684900000E+03   4.979820435800000E-04
   3.309821195200000E-06   4.886803296200000E-02   2.000000000000000E+00   2.000000000000000E+00   5.000427973500000E-04  -1.955899962300000E+02   8.680555684900000E+03   5.000427973500000E-04
   3.337116497000000E-06   4.906911242200000E-02   2.000000000000000E+00   2.000000000000000E+00   5.021003664900000E-04  -1.955899769900000E+02   8.680555684900000E+03   5.021003664900000E-04
   3.364523856700000E-06   4.927019159200000E-02   2.000000000000000E+00   2.000000000000000E+00   5.041579329300000E-04  -1.955899576700000E+02   8.680555684900000E+03   5.041579329300000E-04
   3.392043278500000E-06   4.947403360800000E-02   2.000000000000000E+00   2.000000000000000E+00   5.061939299600000E-04  -1.955899383500000E+02   8.680555684900000E+03   5.062049413900000E-04
   3.419674758300000E-06   4.967512345400000E-02   2.000000000000000E+00   2.000000000000000E+00   5.082514031700000E-04  -1.955899188800000E+02   8.680555684900000E+03   5.082624593900000E-04
   3.447418299700000E-06   4.987621300800000E-02   2.000000000000000E+00   2.000000000000000E+00   5.103088736299999E-04  -1.955898993200000E+02   8.680555684900000E+03   5.103199746400000E-04
   3.475273901000000E-06   5.007762043200000E-02   2.000000000000000E+00   2.000000000000000E+00   5.123882411600000E-04  -1.955898796000000E+02   8.680555684900000E+03   5.123882411600000E-04
   3.503241563300000E-06   5.027871067900000E-02   2.000000000000000E+00   2.000000000000000E+00   5.144457941500000E-04  -1.955898598900000E+02   8.680555684900000E+03   5.144457941500000E-04
   3.531321285200000E-06   5.047980062900000E-02   2.000000000000000E+00   2.000000000000000E+00   5.165033443600000E-04  -1.955898400900000E+02   8.680555684900000E+03   5.165033443600000E-04
   3.559513066900000E-06   5.068055021600000E-02   2.000000000000000E+00   2.000000000000000E+00   5.185484559300000E-04  -1.955898202500000E+02   8.680555684900000E+03   5.185548910600000E-04
   3.587816902200000E-06   5.088163827100000E-02   2.000000000000000E+00   2.000000000000000E+00   5.206059511300000E-04  -1.955898003000000E+02   8.680555684900000E+03   5.206124119300000E-04
   3.616232799100000E-06   5.108272602500000E-02   2.000000000000000E+00   2.000000000000000E+00   5.226634435100000E-04  -1.955897802700000E+02   8.680555684900000E+03   5.226699299900000E-04
   3.644760749900000E-06   5.128450047700000E-02   2.000000000000000E+00   2.000000000000000E+00   5.246663498200000E-04  -1.955897601200000E+02   8.680555684900000E+03   5.247307722500000E-04
   3.673400758500000E-06   5.148559028100000E-02   2.000000000000000E+00   2.000000000000000E+00   5.267236228100000E-04  -1.955897399300000E+02   8.680555684900000E+03   5.267882976000000E-04
   3.702152818700000E-06   5.168667978000000E-02   2.000000000000000E+00   2.000000000000000E+00   5.287808929500000E-04  -1.955897196700000E+02   8.680555684900000E+03   5.288458201100000E-04
   3.731016945400000E-06   5.188306750200000E-02   2.000000000000000E+00   2.000000000000000E+00   5.309032990200001E-04  -1.955896993000000E+02   8.680555684900000E+03   5.309032990200001E-04
   3.759993117900000E-06   5.208413825400000E-02   2.000000000000000E+00   2.000000000000000E+00   5.329608156400000E-04  -1.955896788700000E+02   8.680555684900000E+03   5.329608156400000E-04
   3.789081352400000E-06   5.228520870100000E-02   2.000000000000000E+00   2.000000000000000E+00   5.350183293900000E-04  -1.955896583700000E+02   8.680555684900000E+03   5.350183293900000E-04
   3.818281633400000E-06   5.248418995300000E-02   2.000000000000000E+00   2.000000000000000E+00   5.370761465500000E-04  -1.955896379300000E+02   8.680555684900000E+03   5.370761465500000E-04
   3.847593969200000E-06   5.268525161900000E-02   2.000000000000000E+00   2.000000000000000E+00   5.391336557600000E-04  -1.955896172700000E+02   8.680555684900000E+03   5.391336557600000E-04
   3.877018364700000E-06   5.288631297400000E-02   2.000000000000000E+00   2.000000000000000E+00   5.411911620600000E-04  -1.955895965400000E+02   8.680555684900000E+03   5.411911620600000E-04
   3.906554816400000E-06   5.309017882300000E-02   2.000000000000000E+00   2.000000000000000E+00   5.432388422000000E-04  -1.955895756300000E+02   8.680555684900000E+03   5.432388422000000E-04
   3.936203311100000E-06   5.329125019300000E-02   2.000000000000000E+00   2.000000000000000E+00   5.452963054900000E-04  -1.955895547300000E+02   8.680555684900000E+03   5.452963054900000E-04
   3.965963862600000E-06   5.349232124900000E-02   2.000000000000000E+00   2.000000000000000E+00   5.473537658300000E-04  -1.955895337600000E+02   8.680555684900000E+03   5.473537658300000E-04
   3.995836465000000E-06   5.369385372200000E-02   2.000000000000000E+00   2.000000000000000E+00   5.494214867600000E-04  -1.955895127300000E+02   8.680555684900000E+03   5.494214867600000E-04
   4.025821114900000E-06   5.389492587700000E-02   2.000000000000000E+00   2.000000000000000E+00   5.514789794900000E-04  -1.955894915900000E+02   8.680555684900000E+03   5.514789794900000E-04
   4.055917823700000E-06   5.409599771300000E-02   2.000000000000000E+00   2.000000000000000E+00   5.535364692400000E-04  -1.955894703800000E+02   8.680555684900000E+03   5.535364692400000E-04
   4.086126580100000E-06   5.429447644400000E-02   2.000000000000000E+00   2.000000000000000E+00   5.555950226500000E-04  -1.955894490500000E+02   8.680555684900000E+03   5.555950226500000E-04
   4.116447388200000E-06   5.449553801800000E-02   2.000000000000000E+00   2.000000000000000E+00   5.576525104300000E-04  -1.955894276800000E+02   8.680555684900000E+03   5.576525104300000E-04
   4.146880241800000E-06   5.469659927000000E-02   2.000000000000000E+00   2.000000000000000E+00   5.597099952000000E-04  -1.955894062300000E+02   8.680555684900000E+03   5.597099952000000E-04
   4.177425144600000E-06   5.490011278700000E-02   2.000000000000000E+00   2.000000000000000E+00   5.617686793400000E-04  -1.955893847400000E+02   8.680555684900000E+03   5.617686793400000E-04
   4.208082100100000E-06   5.510118239100000E-02   2.000000000000000E+00   2.000000000000000E+00   5.638261624300000E-04  -1.955893631300000E+02   8.680555684900000E+03   5.638261624300000E-04
   4.238851094700000E-06   5.530225166900000E-02   2.000000000000000E+00   2.000000000000000E+00   5.658836424700000E-04  -1.955893414500000E+02   8.680555684900000E+03   5.658836424700000E-04
   4.269732148600000E-06   5.550098583400000E-02   2.000000000000000E+00   2.000000000000000E+00   5.679380021200000E-04  -1.955893196000000E+02   8.680555684900000E+03   5.679380021200000E-04
   4.300725245300000E-06   5.570204616500000E-02   2.000000000000000E+00   2.000000000000000E+00   5.699954648000000E-04  -1.955892977500000E+02   8.680555684900000E+03   5.699954648000000E-04
   4.331830383300000E-06   5.590310616800000E-02   2.000000000000000E+00   2.000000000000000E+00   5.720529244100000E-04  -1.955892758300000E+02   8.680555684900000E+03   5.720529244100000E-04
   4.363047573600000E-06   5.610882935800000E-02   2.000000000000000E+00   2.000000000000000E+00   5.741059671100000E-04  -1.955892539500000E+02   8.680555684900000E+03   5.741059671100000E-04
   4.394376806900000E-06   5.630990527100000E-02   2.000000000000000E+00   2.000000000000000E+00   5.761634047400000E-04  -1.955892318600000E+02   8.680555684900000E+03   5.761634047400000E-04
   4.425818088000000E-06   5.651098085000000E-02   2.000000000000000E+00   2.000000000000000E+00   5.782208392500000E-04  -1.955892097000000E+02   8.680555684900000E+03   5.782208392500000E-04
   4.457371410400000E-06   5.671386935700000E-02   2.000000000000000E+00   2.000000000000000E+00   5.802354131800000E-04  -1.955891873600000E+02   8.680555684900000E+03   5.802858075000000E-04
   4.489036780400000E-06   5.691495076100000E-02   2.000000000000000E+00   2.000000000000000E+00   5.822926892000000E-04  -1.955891650400000E+02   8.680555684900000E+03   5.823432624200000E-04
   4.520814191700000E-06   5.711603182900000E-02   2.000000000000000E+00   2.000000000000000E+00   5.843499620800000E-04  -1.955891426400000E+02   8.680555684900000E+03   5.844007141900000E-04
   4.552703651400000E-06   5.731139401800000E-02   2.000000000000000E+00   2.000000000000000E+00   5.864140914600000E-04  -1.955891202000000E+02   8.680555684900000E+03   5.864140914600000E-04
   4.584705151400000E-06   5.751245424600000E-02   2.000000000000000E+00   2.000000000000000E+00   5.884713820900000E-04  -1.955890976500000E+02   8.680555684900000E+03   5.884713820900000E-04
   4.616818683500000E-06   5.771351413500000E-02   2.000000000000000E+00   2.000000000000000E+00   5.905286695400000E-04  -1.955890750100000E+02   8.680555684900000E+03   5.905286695400000E-04
   4.649044267900000E-06   5.791803326700000E-02   2.000000000000000E+00   2.000000000000000E+00   5.925894605700000E-04  -1.955890523700000E+02   8.680555684900000E+03   5.926038750100000E-04
   4.681381890900000E-06   5.811910451500000E-02   2.000000000000000E+00   2.000000000000000E+00   5.946467538100000E-04  -1.955890295800000E+02   8.680555684900000E+03   5.946612183300000E-04
   4.713831557400000E-06   5.832017542000000E-02   2.000000000000000E+00   2.000000000000000E+00   5.967040438400000E-04  -1.955890067100000E+02   8.680555684900000E+03   5.967185584400000E-04
   4.746393267300000E-06   5.851953316000000E-02   2.000000000000000E+00   2.000000000000000E+00   5.988029634400000E-04  -1.955889836100000E+02   8.680555684900000E+03   5.988029634400000E-04
   4.779067008600000E-06   5.872059763100000E-02   2.000000000000000E+00   2.000000000000000E+00   6.008603902600000E-04  -1.955889605800000E+02   8.680555684900000E+03   6.008603902600000E-04
   4.811852795300000E-06   5.892166175600000E-02   2.000000000000000E+00   2.000000000000000E+00   6.029178138300000E-04  -1.955889374700000E+02   8.680555684900000E+03   6.029178138300000E-04
   4.844750619100000E-06   5.912490093300000E-02   2.000000000000000E+00   2.000000000000000E+00   6.049736896600000E-04  -1.955889144500000E+02   8.680555684900000E+03   6.049736896600000E-04
   4.877760479100000E-06   5.932597162300000E-02   2.000000000000000E+00   2.000000000000000E+00   6.070311015000000E-04  -1.955888911900000E+02   8.680555684900000E+03   6.070311015000000E-04
   4.910882377900000E-06   5.952704196300000E-02   2.000000000000000E+00   2.000000000000000E+00   6.090885100500000E-04  -1.955888678400000E+02   8.680555684900000E+03   6.090885100500000E-04
   4.944116313300000E-06   5.972970163800000E-02   2.000000000000000E+00   2.000000000000000E+00   6.111377900600000E-04  -1.955888443600000E+02   8.680555684900000E+03   6.111408413500000E-04
   4.977462290400000E-06   5.993077665500000E-02   2.000000000000000E+00   2.000000000000000E+00   6.131951645400000E-04  -1.955888208600000E+02   8.680555684900000E+03   6.131982261200000E-04
   5.010920299100000E-06   6.013185131800000E-02   2.000000000000000E+00   2.000000000000000E+00   6.152525357100000E-04  -1.955887972800000E+02   8.680555684900000E+03   6.152556075800000E-04
   5.044490343300000E-06   6.033262630900000E-02   2.000000000000000E+00   2.000000000000000E+00   6.173182962100001E-04  -1.955887735200000E+02   8.680555684900000E+03   6.173182962100001E-04
   5.078172420800000E-06   6.053369925600000E-02   2.000000000000000E+00   2.000000000000000E+00   6.193756887600000E-04  -1.955887497800000E+02   8.680555684900000E+03   6.193756887600000E-04
   5.111966537600000E-06   6.073477184600000E-02   2.000000000000000E+00   2.000000000000000E+00   6.214330779600000E-04  -1.955887259600000E+02   8.680555684900000E+03   6.214330779600000E-04
   5.145872686600000E-06   6.093637394500000E-02   2.000000000000000E+00   2.000000000000000E+00   6.234891725600000E-04  -1.955887021400000E+02   8.680555684900000E+03   6.234912176500000E-04
   5.179890871200000E-06   6.113744762200000E-02   2.000000000000000E+00   2.000000000000000E+00   6.255465507700000E-04  -1.955886781700000E+02   8.680555684900000E+03   6.255486026799999E-04
   5.214021088500000E-06   6.133852093900000E-02   2.000000000000000E+00   2.000000000000000E+00   6.276039256000000E-04  -1.955886541100000E+02   8.680555684900000E+03   6.276059843400000E-04
   5.248263338100000E-06   6.153581461000000E-02   2.000000000000000E+00   2.000000000000000E+00   6.296291298199999E-04  -1.955886300200000E+02   8.680555684900000E+03   6.296291298199999E-04
   5.282617618200000E-06   6.173687475000000E-02   2.000000000000000E+00   2.000000000000000E+00   6.316863926200000E-04  -1.955886058100000E+02   8.680555684900000E+03   6.316863926200000E-04
   5.317083929800000E-06   6.193793452400000E-02   2.000000000000000E+00   2.000000000000000E+00   6.337436520100000E-04  -1.955885815200000E+02   8.680555684900000E+03   6.337436520100000E-04
   5.351662273300000E-06   6.214254378900000E-02   2.000000000000000E+00   2.000000000000000E+00   6.357823618600000E-04  -1.955885570900000E+02   8.680555684900000E+03   6.358274413200000E-04
   5.386352649500000E-06   6.234361437100000E-02   2.000000000000000E+00   2.000000000000000E+00   6.378395543400000E-04  -1.955885326400000E+02   8.680555684900000E+03   6.378847798100000E-04
   5.421155058100000E-06   6.254468458500000E-02   2.000000000000000E+00   2.000000000000000E+00   6.398967433700000E-04  -1.955885081100000E+02   8.680555684900000E+03   6.399421148500000E-04
   5.456069495900000E-06   6.274352190099999E-02   2.000000000000000E+00   2.000000000000000E+00   6.419687355200000E-04  -1.955884835200000E+02   8.680555684900000E+03   6.419767729900000E-04
   5.491095952100000E-06   6.294458418100000E-02   2.000000000000000E+00   2.000000000000000E+00   6.440259651099999E-04  -1.955884588400000E+02   8.680555684900000E+03   6.440340283600000E-04
   5.526234446700000E-06   6.314564608999999E-02   2.000000000000000E+00   2.000000000000000E+00   6.460831912300000E-04  -1.955884340700000E+02   8.680555684900000E+03   6.460912802600000E-04
   5.561484963100000E-06   6.334574980000000E-02   2.000000000000000E+00   2.000000000000000E+00   6.481683004800000E-04  -1.955884090800000E+02   8.680555684900000E+03   6.481683004800000E-04
   5.596847509500000E-06   6.354680808000000E-02   2.000000000000000E+00   2.000000000000000E+00   6.502256084400000E-04  -1.955883841600000E+02   8.680555684900000E+03   6.502256084400000E-04
   5.632322083800000E-06   6.374786598600000E-02   2.000000000000000E+00   2.000000000000000E+00   6.522829129000000E-04  -1.955883591600000E+02   8.680555684900000E+03   6.522829129000000E-04
   5.667908683300000E-06   6.394960094400000E-02   2.000000000000000E+00   2.000000000000000E+00   6.543497198000000E-04  -1.955883341700000E+02   8.680555684900000E+03   6.543497198000000E-04
   5.703607305400000E-06   6.415066022000000E-02   2.000000000000000E+00   2.000000000000000E+00   6.564070470300000E-04  -1.955883090100000E+02   8.680555684900000E+03   6.564070470300000E-04
   5.739417957200000E-06   6.435171911900001E-02   2.000000000000000E+00   2.000000000000000E+00   6.584643707200000E-04  -1.955882837700000E+02   8.680555684900000E+03   6.584643707200000E-04
   5.775340638600000E-06   6.454834922400000E-02   2.000000000000000E+00   2.000000000000000E+00   6.605241820100000E-04  -1.955882585200000E+02   8.680555684900000E+03   6.605241820100000E-04
   5.811375336200000E-06   6.474939336799999E-02   2.000000000000000E+00   2.000000000000000E+00   6.625815062700000E-04  -1.955882331300000E+02   8.680555684900000E+03   6.625815062700000E-04
   5.847522060200000E-06   6.495043712800000E-02   2.000000000000000E+00   2.000000000000000E+00   6.646388269500000E-04  -1.955882076500000E+02   8.680555684900000E+03   6.646388269500000E-04
   5.883780805200000E-06   6.515364463200000E-02   2.000000000000000E+00   2.000000000000000E+00   6.666960825600000E-04  -1.955881819800000E+02   8.680555684900000E+03   6.666960825600000E-04
   5.920151571900000E-06   6.535469453499999E-02   2.000000000000000E+00   2.000000000000000E+00   6.687533958900000E-04  -1.955881563500000E+02   8.680555684900000E+03   6.687533958900000E-04
   5.956634362100000E-06   6.555574405300001E-02   2.000000000000000E+00   2.000000000000000E+00   6.708107056200000E-04  -1.955881306300000E+02   8.680555684900000E+03   6.708107056200000E-04
   5.993229173500000E-06   6.575848356199999E-02   2.000000000000000E+00   2.000000000000000E+00   6.728640716600000E-04  -1.955881049400000E+02   8.680555684900000E+03   6.728640716600000E-04
   6.029936005500000E-06   6.595953727600000E-02   2.000000000000000E+00   2.000000000000000E+00   6.749213619999999E-04  -1.955880790700000E+02   8.680555684900000E+03   6.749213619999999E-04
   6.066754860900000E-06   6.616059060100000E-02   2.000000000000000E+00   2.000000000000000E+00   6.769786487000000E-04  -1.955880531200000E+02   8.680555684900000E+03   6.769786487000000E-04
   6.103685732100000E-06   6.635760746500000E-02   2.000000000000000E+00   2.000000000000000E+00   6.790370533500000E-04  -1.955880269600000E+02   8.680555684900000E+03   6.790370533500000E-04
   6.140728622700000E-06   6.655864800400001E-02   2.000000000000000E+00   2.000000000000000E+00   6.810943361300000E-04  -1.955880008600000E+02   8.680555684900000E+03   6.810943361300000E-04
   6.177883532500000E-06   6.675968815199999E-02   2.000000000000000E+00   2.000000000000000E+00   6.831516152400000E-04  -1.955879746700000E+02   8.680555684900000E+03   6.831516152400000E-04
   6.215150456600000E-06   6.696599695700001E-02   2.000000000000000E+00   2.000000000000000E+00   6.852064531700000E-04  -1.955879484100000E+02   8.680555684900000E+03   6.852064531700000E-04
   6.252529400300000E-06   6.716705208199999E-02   2.000000000000000E+00   2.000000000000000E+00   6.872637177300000E-04  -1.955879220700000E+02   8.680555684900000E+03   6.872637177300000E-04
   6.290020362000000E-06   6.736810681100000E-02   2.000000000000000E+00   2.000000000000000E+00   6.893209785800000E-04  -1.955878956400000E+02   8.680555684900000E+03   6.893209785800000E-04
   6.327623338300000E-06   6.756961329300000E-02   2.000000000000000E+00   2.000000000000000E+00   6.913837996100000E-04  -1.955878692800000E+02   8.680555684900000E+03   6.913837996100000E-04
   6.365338329400000E-06   6.777066842000000E-02   2.000000000000000E+00   2.000000000000000E+00   6.934410694800000E-04  -1.955878427000000E+02   8.680555684900000E+03   6.934410694800000E-04
   6.403165340100000E-06   6.797172314699999E-02   2.000000000000000E+00   2.000000000000000E+00   6.954983356000000E-04  -1.955878160400000E+02   8.680555684900000E+03   6.954983356000000E-04
   6.441104365900000E-06   6.817294058200001E-02   2.000000000000000E+00   2.000000000000000E+00   6.975551506800000E-04  -1.955877891500000E+02   8.680555684900000E+03   6.975551506800000E-04
   6.479155398600000E-06   6.837399498900000E-02   2.000000000000000E+00   2.000000000000000E+00   6.996124079900000E-04  -1.955877623300000E+02   8.680555684900000E+03   6.996124079900000E-04
   6.517318451600000E-06   6.857504899300000E-02   2.000000000000000E+00   2.000000000000000E+00   7.016696615300000E-04  -1.955877354300000E+02   8.680555684900000E+03   7.016696615300000E-04
   6.555593511700000E-06   6.877455423700000E-02   2.000000000000000E+00   2.000000000000000E+00   7.037246535900000E-04  -1.955877085500000E+02   8.680555684900000E+03   7.037246535900000E-04
   6.593980587700000E-06   6.897560288000000E-02   2.000000000000000E+00   2.000000000000000E+00   7.057818928500000E-04  -1.955876814900000E+02   8.680555684900000E+03   7.057818928500000E-04
   6.632479673400000E-06   6.917665111700000E-02   2.000000000000000E+00   2.000000000000000E+00   7.078391283100000E-04  -1.955876543600000E+02   8.680555684900000E+03   7.078391283100000E-04
   6.671090767800000E-06   6.937224004100000E-02   2.000000000000000E+00   2.000000000000000E+00   7.098988896800000E-04  -1.955876271400000E+02   8.680555684900000E+03   7.098988896800000E-04
   6.709813875600000E-06   6.957327158500000E-02   2.000000000000000E+00   2.000000000000000E+00   7.119561249000000E-04  -1.955875998500000E+02   8.680555684900000E+03   7.119561249000000E-04
   6.748648993300000E-06   6.977430271700000E-02   2.000000000000000E+00   2.000000000000000E+00   7.140133562700000E-04  -1.955875724800000E+02   8.680555684900000E+03   7.140133562700000E-04
   6.787596118500000E-06   6.998285388400000E-02   2.000000000000000E+00   2.000000000000000E+00   7.160706667999999E-04  -1.955875451000000E+02   8.680555684900000E+03   7.160706667999999E-04
   6.826655255200000E-06   7.018390588200001E-02   2.000000000000000E+00   2.000000000000000E+00   7.181278906600000E-04  -1.955875175700000E+02   8.680555684900000E+03   7.181278906600000E-04
   6.865826396600000E-06   7.038495746600000E-02   2.000000000000000E+00   2.000000000000000E+00   7.201851106500000E-04  -1.955874899700000E+02   8.680555684900000E+03   7.201851106500000E-04
   6.905109546000000E-06   7.058541226999999E-02   2.000000000000000E+00   2.000000000000000E+00   7.222365736700000E-04  -1.955874620700000E+02   8.680555684900000E+03   7.222365736700000E-04
   6.944504703100000E-06   7.078646131300000E-02   2.000000000000000E+00   2.000000000000000E+00   7.242937696000000E-04  -1.955874343000000E+02   8.680555684900000E+03   7.242937696000000E-04
   6.984011866000000E-06   7.098750993700000E-02   2.000000000000000E+00   2.000000000000000E+00   7.263509616199999E-04  -1.955874064600000E+02   8.680555684900000E+03   7.263509616199999E-04
   7.023631031300000E-06   7.118782021200000E-02   2.000000000000000E+00   2.000000000000000E+00   7.284128045900000E-04  -1.955873788200000E+02   8.680555684900000E+03   7.284128045900000E-04
   7.063362206300000E-06   7.138886590100001E-02   2.000000000000000E+00   2.000000000000000E+00   7.304700018600000E-04  -1.955873508200000E+02   8.680555684900000E+03   7.304700018600000E-04
   7.103205383700000E-06   7.158991116900000E-02   2.000000000000000E+00   2.000000000000000E+00   7.325271951800001E-04  -1.955873227400000E+02   8.680555684900000E+03   7.325271951800001E-04
   7.143160565900000E-06   7.179201863300000E-02   2.000000000000000E+00   2.000000000000000E+00   7.345700799600000E-04  -1.955872944900000E+02   8.680555684900000E+03   7.345700799600000E-04
   7.183227750600000E-06   7.199306604700000E-02   2.000000000000000E+00   2.000000000000000E+00   7.366272251000000E-04  -1.955872662500000E+02   8.680555684900000E+03   7.366272251000000E-04
   7.223406936700000E-06   7.219411303600000E-02   2.000000000000000E+00   2.000000000000000E+00   7.386843662600000E-04  -1.955872379300000E+02   8.680555684900000E+03   7.386843662600000E-04
   7.263698116100000E-06   7.238990225300000E-02   2.000000000000000E+00   2.000000000000000E+00   7.407265431100000E-04  -1.955872094700000E+02   8.680555684900000E+03   7.407265431100000E-04
   7.304101313800000E-06   7.259093372200000E-02   2.000000000000000E+00   2.000000000000000E+00   7.427836346800000E-04  -1.955871810000000E+02   8.680555684900000E+03   7.427836346800000E-04
   7.344616501100000E-06   7.279196476100000E-02   2.000000000000000E+00   2.000000000000000E+00   7.448407222400000E-04  -1.955871524400000E+02   8.680555684900000E+03   7.448407222400000E-04
   7.385243697100000E-06   7.299083456600000E-02   2.000000000000000E+00   2.000000000000000E+00   7.469275550600000E-04  -1.955871237900000E+02   8.680555684900000E+03   7.469275550600000E-04
   7.425982884200000E-06   7.319185877300000E-02   2.000000000000000E+00   2.000000000000000E+00   7.489847167700000E-04  -1.955870950800000E+02   8.680555684900000E+03   7.489847167700000E-04
   7.466834074600000E-06   7.339288254699999E-02   2.000000000000000E+00   2.000000000000000E+00   7.510418744500000E-04  -1.955870662900000E+02   8.680555684900000E+03   7.510418744500000E-04
   7.507797260500000E-06   7.359511368900000E-02   2.000000000000000E+00   2.000000000000000E+00   7.530981928600000E-04  -1.955870374700000E+02   8.680555684900000E+03   7.530981928600000E-04
   7.548872444300000E-06   7.379613990400000E-02   2.000000000000000E+00   2.000000000000000E+00   7.551553400300000E-04  -1.955870085200000E+02   8.680555684900000E+03   7.551553400300000E-04
   7.590059627700000E-06   7.399716568299999E-02   2.000000000000000E+00   2.000000000000000E+00   7.572124831300000E-04  -1.955869795000000E+02   8.680555684900000E+03   7.572124831300000E-04
   7.631358806600000E-06   7.420263850200000E-02   2.000000000000000E+00   2.000000000000000E+00   7.592619318900000E-04  -1.955869504200000E+02   8.680555684900000E+03   7.592619318900000E-04
   7.672769976499999E-06   7.440367550300001E-02   2.000000000000000E+00   2.000000000000000E+00   7.613190459000000E-04  -1.955869212300000E+02   8.680555684900000E+03   7.613190459000000E-04
   7.714293146300001E-06   7.460471206600000E-02   2.000000000000000E+00   2.000000000000000E+00   7.633761558000000E-04  -1.955868919700000E+02   8.680555684900000E+03   7.633761558000000E-04
   7.755928304700001E-06   7.480430018200000E-02   2.000000000000000E+00   2.000000000000000E+00   7.654363906300000E-04  -1.955868623800000E+02   8.680555684900000E+03   7.654363906300000E-04
   7.797675462600000E-06   7.500533221700000E-02   2.000000000000000E+00   2.000000000000000E+00   7.674935009300000E-04  -1.955868329600000E+02   8.680555684900000E+03   7.674935009300000E-04
   7.839534610200001E-06   7.520636381199999E-02   2.000000000000000E+00   2.000000000000000E+00   7.695506070900000E-04  -1.955868034500000E+02   8.680555684900000E+03   7.695506070900000E-04
   7.881505757799999E-06   7.540833294099999E-02   2.000000000000000E+00   2.000000000000000E+00   7.716022639800000E-04  -1.955867741100000E+02   8.680555684900000E+03   7.716022639800000E-04
   7.923588890300000E-06   7.560936589200000E-02   2.000000000000000E+00   2.000000000000000E+00   7.736593473500000E-04  -1.955867444500000E+02   8.680555684900000E+03   7.736593473500000E-04
   7.965784014899999E-06   7.581039839700000E-02   2.000000000000000E+00   2.000000000000000E+00   7.757164265500000E-04  -1.955867147100000E+02   8.680555684900000E+03   7.757164265500000E-04
   8.008091125799999E-06   7.601071463200000E-02   2.000000000000000E+00   2.000000000000000E+00   7.777760379299999E-04  -1.955866848000000E+02   8.680555684900000E+03   7.777760379299999E-04
   8.050510228700000E-06   7.621174433800000E-02   2.000000000000000E+00   2.000000000000000E+00   7.798331151600000E-04  -1.955866549100000E+02   8.680555684900000E+03   7.798331151600000E-04
   8.093041323900001E-06   7.641277359300000E-02   2.000000000000000E+00   2.000000000000000E+00   7.818901881900000E-04  -1.955866249300000E+02   8.680555684900000E+03   7.818901881900000E-04
   8.135684410200000E-06   7.660994312300000E-02   2.000000000000000E+00   2.000000000000000E+00   7.839469380600000E-04  -1.955865947600000E+02   8.680555684900000E+03   7.839469380600000E-04
   8.178439476200000E-06   7.681096130700001E-02   2.000000000000000E+00   2.000000000000000E+00   7.860040020800000E-04  -1.955865646300000E+02   8.680555684900000E+03   7.860040020800000E-04
   8.221306541100000E-06   7.701197903699999E-02   2.000000000000000E+00   2.000000000000000E+00   7.880610618600000E-04  -1.955865344200000E+02   8.680555684900000E+03   7.880610618600000E-04
   8.264285580299999E-06   7.721493343100000E-02   2.000000000000000E+00   2.000000000000000E+00   7.901280088000000E-04  -1.955865044500000E+02   8.680555684900000E+03   7.901280088000000E-04
   8.307376610700000E-06   7.741595531200000E-02   2.000000000000000E+00   2.000000000000000E+00   7.921850857000000E-04  -1.955864740800000E+02   8.680555684900000E+03   7.921850857000000E-04
   8.350579629900000E-06   7.761697673600000E-02   2.000000000000000E+00   2.000000000000000E+00   7.942421583400000E-04  -1.955864436300000E+02   8.680555684900000E+03   7.942421583400000E-04
   8.393894625799999E-06   7.782037494200000E-02   2.000000000000000E+00   2.000000000000000E+00   7.962966549600000E-04  -1.955864130200000E+02   8.680555684900000E+03   7.962966549600000E-04
   8.437321607400000E-06   7.802140161500000E-02   2.000000000000000E+00   2.000000000000000E+00   7.983537122700001E-04  -1.955863824100000E+02   8.680555684900000E+03   7.983537122700001E-04
   8.480860579900000E-06   7.822242782800000E-02   2.000000000000000E+00   2.000000000000000E+00   8.004107652600000E-04  -1.955863517300000E+02   8.680555684900000E+03   8.004107652600000E-04
   8.524511527699999E-06   7.842278128800000E-02   2.000000000000000E+00   2.000000000000000E+00   8.024563086500000E-04  -1.955863208200000E+02   8.680555684900000E+03   8.024563086500000E-04
   8.568274458800000E-06   7.862380484400000E-02   2.000000000000000E+00   2.000000000000000E+00   8.045133234100000E-04  -1.955862899700000E+02   8.680555684900000E+03   8.045133234100000E-04
   8.612149373400000E-06   7.882482793499999E-02   2.000000000000000E+00   2.000000000000000E+00   8.065703338300000E-04  -1.955862590500000E+02   8.680555684900000E+03   8.065703338300000E-04
   8.656136267600000E-06   7.902524200000000E-02   2.000000000000000E+00   2.000000000000000E+00   8.086218573800000E-04  -1.955862281500000E+02   8.680555684900000E+03   8.086218573800000E-04
   8.700235141900000E-06   7.922626260300000E-02   2.000000000000000E+00   2.000000000000000E+00   8.106788451100000E-04  -1.955861970800000E+02   8.680555684900000E+03   8.106788451100000E-04
   8.744445996200000E-06   7.942728273900000E-02   2.000000000000000E+00   2.000000000000000E+00   8.127358284600000E-04  -1.955861659200000E+02   8.680555684900000E+03   8.127358284600000E-04
   8.788768825500000E-06   7.962442211300000E-02   2.000000000000000E+00   2.000000000000000E+00   8.148081275800000E-04  -1.955861344700000E+02   8.680555684900000E+03   8.148081275800000E-04
   8.833203629600000E-06   7.982543187299999E-02   2.000000000000000E+00   2.000000000000000E+00   8.168651409400000E-04  -1.955861031600000E+02   8.680555684900000E+03   8.168651409400000E-04
   8.877750419000001E-06   8.002644116300001E-02   2.000000000000000E+00   2.000000000000000E+00   8.189221498800000E-04  -1.955860717600000E+02   8.680555684900000E+03   8.189221498800000E-04
   8.922409186100000E-06   8.023433042899999E-02   2.000000000000000E+00   2.000000000000000E+00   8.209786946400000E-04  -1.955860405100000E+02   8.680555684900000E+03   8.209786946400000E-04
   8.967179918400000E-06   8.043535569400000E-02   2.000000000000000E+00   2.000000000000000E+00   8.230356935800000E-04  -1.955860089600000E+02   8.680555684900000E+03   8.230356935800000E-04
   9.012062640500000E-06   8.063638048400000E-02   2.000000000000000E+00   2.000000000000000E+00   8.250926880800000E-04  -1.955859773300000E+02   8.680555684900000E+03   8.250926880800000E-04
   9.057057324300000E-06   8.083116535300000E-02   2.000000000000000E+00   2.000000000000000E+00   8.271543375000000E-04  -1.955859453700000E+02   8.680555684900000E+03   8.271543375000000E-04
   9.102163988100001E-06   8.103217359700000E-02   2.000000000000000E+00   2.000000000000000E+00   8.292113347400000E-04  -1.955859135800000E+02   8.680555684900000E+03   8.292113347400000E-04
   9.147382621900000E-06   8.123318136100000E-02   2.000000000000000E+00   2.000000000000000E+00   8.312683275100000E-04  -1.955858817100000E+02   8.680555684900000E+03   8.312683275100000E-04
   9.192713224900000E-06   8.143783185000000E-02   2.000000000000000E+00   2.000000000000000E+00   8.332809902500000E-04  -1.955858499200000E+02   8.680555684900000E+03   8.332809902500000E-04
   9.238155808000000E-06   8.163884768599999E-02   2.000000000000000E+00   2.000000000000000E+00   8.353378650100000E-04  -1.955858178900000E+02   8.680555684900000E+03   8.353378650100000E-04
   9.283710357700001E-06   8.183986304000000E-02   2.000000000000000E+00   2.000000000000000E+00   8.373947352500000E-04  -1.955857857900000E+02   8.680555684900000E+03   8.373947352500000E-04
   9.329376878200001E-06   8.204666776400001E-02   2.000000000000000E+00   2.000000000000000E+00   8.394675142500000E-04  -1.955857535500000E+02   8.680555684900000E+03   8.394872800100000E-04
   9.375155370700000E-06   8.224769644900000E-02   2.000000000000000E+00   2.000000000000000E+00   8.415244138500000E-04  -1.955857212800000E+02   8.680555684900000E+03   8.415442281500000E-04
   9.421045832300000E-06   8.244872465000000E-02   2.000000000000000E+00   2.000000000000000E+00   8.435813089000000E-04  -1.955856889400000E+02   8.680555684900000E+03   8.436011717500000E-04
   9.467048257700000E-06   8.264277664000000E-02   2.000000000000000E+00   2.000000000000000E+00   8.456318738700000E-04  -1.955856565700000E+02   8.680555684900000E+03   8.456318738700000E-04
   9.513162654599999E-06   8.284378677199999E-02   2.000000000000000E+00   2.000000000000000E+00   8.476887443900000E-04  -1.955856240600000E+02   8.680555684900000E+03   8.476887443900000E-04
   9.559389016500000E-06   8.304479641400001E-02   2.000000000000000E+00   2.000000000000000E+00   8.497456103500000E-04  -1.955855914900000E+02   8.680555684900000E+03   8.497456103500000E-04
   9.605727342600000E-06   8.324634324900000E-02   2.000000000000000E+00   2.000000000000000E+00   8.518283829600000E-04  -1.955855587800000E+02   8.680555684900000E+03   8.518283829600000E-04
   9.652177640700000E-06   8.344735356499999E-02   2.000000000000000E+00   2.000000000000000E+00   8.538853024400000E-04  -1.955855260400000E+02   8.680555684900000E+03   8.538853024400000E-04
   9.698739892199999E-06   8.364836339100000E-02   2.000000000000000E+00   2.000000000000000E+00   8.559422173200000E-04  -1.955854932200000E+02   8.680555684900000E+03   8.559422173200000E-04
   9.745414113100000E-06   8.384907403000000E-02   2.000000000000000E+00   2.000000000000000E+00   8.579991083100000E-04  -1.955854604800000E+02   8.680555684900000E+03   8.579991083100000E-04
   9.792200300800000E-06   8.405008179500000E-02   2.000000000000000E+00   2.000000000000000E+00   8.600560138900000E-04  -1.955854275000000E+02   8.680555684900000E+03   8.600560138900000E-04
   9.839098446800000E-06   8.425108906400000E-02   2.000000000000000E+00   2.000000000000000E+00   8.621129148300000E-04  -1.955853944500000E+02   8.680555684900000E+03   8.621129148300000E-04
   9.886108557199999E-06   8.445232118600000E-02   2.000000000000000E+00   2.000000000000000E+00   8.641276466800000E-04  -1.955853613400000E+02   8.680555684900000E+03   8.641276466800000E-04
   9.933230630899999E-06   8.465332799700000E-02   2.000000000000000E+00   2.000000000000000E+00   8.661844377400000E-04  -1.955853281300000E+02   8.680555684900000E+03   8.661844377400000E-04
   9.980464657600000E-06   8.485433430800000E-02   2.000000000000000E+00   2.000000000000000E+00   8.682412241300000E-04  -1.955852948400000E+02   8.680555684900000E+03   8.682412241300000E-04
   1.002781064800000E-05   8.505750755600000E-02   2.000000000000000E+00   2.000000000000000E+00   8.703505666200000E-04  -1.955852611600000E+02   8.680555684900000E+03   8.703505666200000E-04
   1.007526860100000E-05   8.525851832600000E-02   2.000000000000000E+00   2.000000000000000E+00   8.724074682700000E-04  -1.955852277100000E+02   8.680555684900000E+03   8.724074682700000E-04
   1.012283850300000E-05   8.545952859399999E-02   2.000000000000000E+00   2.000000000000000E+00   8.744643652100000E-04  -1.955851941800000E+02   8.680555684900000E+03   8.744643652100000E-04
   1.017052037000000E-05   8.566339362399999E-02   2.000000000000000E+00   2.000000000000000E+00   8.764467595900000E-04  -1.955851606800000E+02   8.680555684900000E+03   8.764904241100000E-04
   1.021831419700000E-05   8.586440932300000E-02   2.000000000000000E+00   2.000000000000000E+00   8.785034717700000E-04  -1.955851270000000E+02   8.680555684900000E+03   8.785472389200000E-04
   1.026621997200000E-05   8.606542451599999E-02   2.000000000000000E+00   2.000000000000000E+00   8.805601792100000E-04  -1.955850932400000E+02   8.680555684900000E+03   8.806040489900000E-04
   1.031423770200000E-05   8.626344523100000E-02   2.000000000000000E+00   2.000000000000000E+00   8.826664496700000E-04  -1.955850593400000E+02   8.680555684900000E+03   8.826664496700000E-04
   1.036236738900000E-05   8.646445237700000E-02   2.000000000000000E+00   2.000000000000000E+00   8.847232633000000E-04  -1.955850254200000E+02   8.680555684900000E+03   8.847232633000000E-04
   1.041060903200000E-05   8.666545901200000E-02   2.000000000000000E+00   2.000000000000000E+00   8.867800721500000E-04  -1.955849914200000E+02   8.680555684900000E+03   8.867800721500000E-04
   1.045896262700000E-05   8.686263216800000E-02   2.000000000000000E+00   2.000000000000000E+00   8.888516103100000E-04  -1.955849576500000E+02   8.680555684900000E+03   8.888516103100000E-04
   1.050742817000000E-05   8.706362886000001E-02   2.000000000000000E+00   2.000000000000000E+00   8.909084437700000E-04  -1.955849235000000E+02   8.680555684900000E+03   8.909084437700000E-04
   1.055600567200000E-05   8.726462503700000E-02   2.000000000000000E+00   2.000000000000000E+00   8.929652724200000E-04  -1.955848892600000E+02   8.680555684900000E+03   8.929652724200000E-04
   1.060469512400000E-05   8.747301741800000E-02   2.000000000000000E+00   2.000000000000000E+00   8.950289786500000E-04  -1.955848545800000E+02   8.680555684900000E+03   8.950289786500000E-04
   1.065349652400000E-05   8.767402987400000E-02   2.000000000000000E+00   2.000000000000000E+00   8.970858137800000E-04  -1.955848201800000E+02   8.680555684900000E+03   8.970858137800000E-04
   1.070240987000000E-05   8.787504181399999E-02   2.000000000000000E+00   2.000000000000000E+00   8.991426440800000E-04  -1.955847857100000E+02   8.680555684900000E+03   8.991426440800000E-04
   1.075143516700000E-05   8.806733964700000E-02   2.000000000000000E+00   2.000000000000000E+00   9.012041508600000E-04  -1.955847513200000E+02   8.680555684900000E+03   9.012041508600000E-04
   1.080057241100000E-05   8.826833080200000E-02   2.000000000000000E+00   2.000000000000000E+00   9.032609820100000E-04  -1.955847166900000E+02   8.680555684900000E+03   9.032609820100000E-04
   1.084982160300000E-05   8.846932144000000E-02   2.000000000000000E+00   2.000000000000000E+00   9.053178083000000E-04  -1.955846819800000E+02   8.680555684900000E+03   9.053178083000000E-04
   1.089918274100000E-05   8.866865085700000E-02   2.000000000000000E+00   2.000000000000000E+00   9.073681690000000E-04  -1.955846472900000E+02   8.680555684900000E+03   9.073681690000000E-04
   1.094865582600000E-05   8.886963619700000E-02   2.000000000000000E+00   2.000000000000000E+00   9.094249710100000E-04  -1.955846124300000E+02   8.680555684900000E+03   9.094249710100000E-04
   1.099824085600000E-05   8.907062101200000E-02   2.000000000000000E+00   2.000000000000000E+00   9.114817681200000E-04  -1.955845774800000E+02   8.680555684900000E+03   9.114817681200000E-04
   1.104793783000000E-05   8.927420930500000E-02   2.000000000000000E+00   2.000000000000000E+00   9.135300046500000E-04  -1.955845423000000E+02   8.680555684900000E+03   9.135300046500000E-04
   1.109774674500000E-05   8.947519941800000E-02   2.000000000000000E+00   2.000000000000000E+00   9.155867727300000E-04  -1.955845072000000E+02   8.680555684900000E+03   9.155867727300000E-04
   1.114766760200000E-05   8.967618900500000E-02   2.000000000000000E+00   2.000000000000000E+00   9.176435358700000E-04  -1.955844720100000E+02   8.680555684900000E+03   9.176435358700000E-04
   1.119770040500000E-05   8.987689949100000E-02   2.000000000000000E+00   2.000000000000000E+00   9.197153992700000E-04  -1.955844369600000E+02   8.680555684900000E+03   9.197153992700000E-04
   1.124784514400000E-05   9.007788693000000E-02   2.000000000000000E+00   2.000000000000000E+00   9.217721860600000E-04  -1.955844016200000E+02   8.680555684900000E+03   9.217721860600000E-04
   1.129810182600000E-05   9.027887383800000E-02   2.000000000000000E+00   2.000000000000000E+00   9.238289678700000E-04  -1.955843662000000E+02   8.680555684900000E+03   9.238289678700000E-04
   1.134847045100000E-05   9.048131581600000E-02   2.000000000000000E+00   2.000000000000000E+00   9.258796035200000E-04  -1.955843307800000E+02   8.680555684900000E+03   9.258796035200000E-04
   1.139895101200000E-05   9.068230490699999E-02   2.000000000000000E+00   2.000000000000000E+00   9.279363615900000E-04  -1.955842952100000E+02   8.680555684900000E+03   9.279363615900000E-04
   1.144954350800000E-05   9.088329346200000E-02   2.000000000000000E+00   2.000000000000000E+00   9.299931146600000E-04  -1.955842595500000E+02   8.680555684900000E+03   9.299931146600000E-04
   1.150024794500000E-05   9.108959842400000E-02   2.000000000000000E+00   2.000000000000000E+00   9.320481373300000E-04  -1.955842234700000E+02   8.680555684900000E+03   9.320481373300000E-04
   1.155106431200000E-05   9.129059800300000E-02   2.000000000000000E+00   2.000000000000000E+00   9.341048768600000E-04  -1.955841876500000E+02   8.680555684900000E+03   9.341048768600000E-04
   1.160199261800000E-05   9.149159704600000E-02   2.000000000000000E+00   2.000000000000000E+00   9.361616113500001E-04  -1.955841517600000E+02   8.680555684900000E+03   9.361616113500001E-04
   1.165303286100000E-05   9.168490844000000E-02   2.000000000000000E+00   2.000000000000000E+00   9.382254940800000E-04  -1.955841161900000E+02   8.680555684900000E+03   9.382254940800000E-04
   1.170418503300000E-05   9.188588966800000E-02   2.000000000000000E+00   2.000000000000000E+00   9.402822339300000E-04  -1.955840801400000E+02   8.680555684900000E+03   9.402822339300000E-04
   1.175544914500000E-05   9.208687035700000E-02   2.000000000000000E+00   2.000000000000000E+00   9.423389687200000E-04  -1.955840440100000E+02   8.680555684900000E+03   9.423389687200000E-04
   1.180682519100000E-05   9.228984871100000E-02   2.000000000000000E+00   2.000000000000000E+00   9.443833469800000E-04  -1.955840076400000E+02   8.680555684900000E+03   9.443833469800000E-04
   1.185831316500000E-05   9.249083217400000E-02   2.000000000000000E+00   2.000000000000000E+00   9.464400445300000E-04  -1.955839713500000E+02   8.680555684900000E+03   9.464400445300000E-04
   1.190991306700000E-05   9.269181509000000E-02   2.000000000000000E+00   2.000000000000000E+00   9.484967369800000E-04  -1.955839349900000E+02   8.680555684900000E+03   9.484967369800000E-04
   1.196162490200000E-05   9.289490463900001E-02   2.000000000000000E+00   2.000000000000000E+00   9.505622293000000E-04  -1.955838983700000E+02   8.680555684900000E+03   9.505622293000000E-04
   1.201344866600000E-05   9.309589146699999E-02   2.000000000000000E+00   2.000000000000000E+00   9.526189306500000E-04  -1.955838618500000E+02   8.680555684900000E+03   9.526189306500000E-04
   1.206538435600000E-05   9.329687774800000E-02   2.000000000000000E+00   2.000000000000000E+00   9.546756268600000E-04  -1.955838252400000E+02   8.680555684900000E+03   9.546756268600000E-04
   1.211743197900000E-05   9.349702421200000E-02   2.000000000000000E+00   2.000000000000000E+00   9.567251869800000E-04  -1.955837888600000E+02   8.680555684900000E+03   9.567251869800000E-04
   1.216959152700000E-05   9.369800715500000E-02   2.000000000000000E+00   2.000000000000000E+00   9.587818574800000E-04  -1.955837521000000E+02   8.680555684900000E+03   9.587818574800000E-04
   1.222186300000000E-05   9.389898954400000E-02   2.000000000000000E+00   2.000000000000000E+00   9.608385228100000E-04  -1.955837152600000E+02   8.680555684900000E+03   9.608385228100000E-04
   1.227424639700000E-05   9.409849449000000E-02   2.000000000000000E+00   2.000000000000000E+00   9.629028287800000E-04  -1.955836779400000E+02   8.680555684900000E+03   9.629028287800000E-04
   1.232674171500000E-05   9.429947309000000E-02   2.000000000000000E+00   2.000000000000000E+00   9.649595004100000E-04  -1.955836409500000E+02   8.680555684900000E+03   9.649595004100000E-04
   1.237934896400000E-05   9.450045113600000E-02   2.000000000000000E+00   2.000000000000000E+00   9.670161668300000E-04  -1.955836038700000E+02   8.680555684900000E+03   9.670161668300000E-04
   1.243206813200000E-05   9.470752845100000E-02   2.000000000000000E+00   2.000000000000000E+00   9.690438991500000E-04  -1.955835669700000E+02   8.680555684900000E+03   9.690438991500000E-04
   1.248489922400000E-05   9.490851792700000E-02   2.000000000000000E+00   2.000000000000000E+00   9.711004932600000E-04  -1.955835297400000E+02   8.680555684900000E+03   9.711004932600000E-04
   1.253784223800000E-05   9.510950684300000E-02   2.000000000000000E+00   2.000000000000000E+00   9.731570821400000E-04  -1.955834924300000E+02   8.680555684900000E+03   9.731570821400000E-04
   1.259089717100000E-05   9.530720877600000E-02   2.000000000000000E+00   2.000000000000000E+00   9.752454191800000E-04  -1.955834547900000E+02   8.680555684900000E+03   9.752454191800000E-04
   1.264406402600000E-05   9.550819000800000E-02   2.000000000000000E+00   2.000000000000000E+00   9.773020648000000E-04  -1.955834173200000E+02   8.680555684900000E+03   9.773020648000000E-04
   1.269734279800000E-05   9.570917067800000E-02   2.000000000000000E+00   2.000000000000000E+00   9.793587051500001E-04  -1.955833797700000E+02   8.680555684900000E+03   9.793587051500001E-04
   1.275073348900000E-05   9.590787361899999E-02   2.000000000000000E+00   2.000000000000000E+00   9.814100794899999E-04  -1.955833426400000E+02   8.680555684900000E+03   9.814100794899999E-04
   1.280423609700000E-05   9.610884792700000E-02   2.000000000000000E+00   2.000000000000000E+00   9.834666984800001E-04  -1.955833049300000E+02   8.680555684900000E+03   9.834666984800001E-04
   1.285785062000000E-05   9.630982166800001E-02   2.000000000000000E+00   2.000000000000000E+00   9.855233121800000E-04  -1.955832671500000E+02   8.680555684900000E+03   9.855233121800000E-04
   1.291157706400000E-05   9.650982814300001E-02   2.000000000000000E+00   2.000000000000000E+00   9.875634454200000E-04  -1.955832291600000E+02   8.680555684900000E+03   9.875634454200000E-04
   1.296541541500000E-05   9.671079872000000E-02   2.000000000000000E+00   2.000000000000000E+00   9.896200137100000E-04  -1.955831912200000E+02   8.680555684900000E+03   9.896200137100000E-04
   1.301936568300000E-05   9.691176872600001E-02   2.000000000000000E+00   2.000000000000000E+00   9.916765766500000E-04  -1.955831532000000E+02   8.680555684900000E+03   9.916765766500000E-04
   1.307342786500000E-05   9.711056827900000E-02   2.000000000000000E+00   2.000000000000000E+00   9.937401346899999E-04  -1.955831151100000E+02   8.680555684900000E+03   9.937401346899999E-04
   1.312760195900000E-05   9.731153262200000E-02   2.000000000000000E+00   2.000000000000000E+00   9.957967014700001E-04  -1.955830769400000E+02   8.680555684900000E+03   9.957967014700001E-04
   1.318188796400000E-05   9.751249639100000E-02   2.000000000000000E+00   2.000000000000000E+00   9.978532628800000E-04  -1.955830386800000E+02   8.680555684900000E+03   9.978532628800000E-04
   1.323628588100000E-05   9.772153378900000E-02   2.000000000000000E+00   2.000000000000000E+00   9.999263153999999E-04  -1.955829999600000E+02   8.680555684900000E+03   9.999263153999999E-04
   1.329079570600000E-05   9.792251348700000E-02   2.000000000000000E+00   2.000000000000000E+00   1.001982900200000E-03  -1.955829615500000E+02   8.680555684900000E+03   1.001982900200000E-03
   1.334541744200000E-05   9.812349260900000E-02   2.000000000000000E+00   2.000000000000000E+00   1.004039479600000E-03  -1.955829230500000E+02   8.680555684900000E+03   1.004039479600000E-03
   1.340015108700000E-05   9.832189114400000E-02   2.000000000000000E+00   2.000000000000000E+00   1.006045803000000E-03  -1.955828847100000E+02   8.680555684900000E+03   1.006045803000000E-03
   1.345499663200000E-05   9.852286388500001E-02   2.000000000000000E+00   2.000000000000000E+00   1.008102269300000E-03  -1.955828460600000E+02   8.680555684900000E+03   1.008102269300000E-03
   1.350995408900000E-05   9.872383604700000E-02   2.000000000000000E+00   2.000000000000000E+00   1.010158730200000E-03  -1.955828073300000E+02   8.680555684900000E+03   1.010158730200000E-03
   1.356502345400000E-05   9.892448137000000E-02   2.000000000000000E+00   2.000000000000000E+00   1.012261991400000E-03  -1.955827685400000E+02   8.680555684900000E+03   1.012261991400000E-03
   1.362020472200000E-05   9.912545171400000E-02   2.000000000000000E+00   2.000000000000000E+00   1.014318535900000E-03  -1.955827296500000E+02   8.680555684900000E+03   1.014318535900000E-03
   1.367549789200000E-05   9.932642147500000E-02   2.000000000000000E+00   2.000000000000000E+00   1.016375075000000E-03  -1.955826906900000E+02   8.680555684900000E+03   1.016375075000000E-03
   1.373090296600000E-05   9.953130018299999E-02   2.000000000000000E+00   2.000000000000000E+00   1.018408598100000E-03  -1.955826517200000E+02   8.680555684900000E+03   1.018408598100000E-03
   1.378641994400000E-05   9.973227626700000E-02   2.000000000000000E+00   2.000000000000000E+00   1.020465079500000E-03  -1.955826126000000E+02   8.680555684900000E+03   1.020465079500000E-03
   1.384204881700000E-05   9.993325176400000E-02   2.000000000000000E+00   2.000000000000000E+00   1.022521555400000E-03  -1.955825733900000E+02   8.680555684900000E+03   1.022521555400000E-03
   1.389778959700000E-05   1.001257783600000E-01   2.000000000000000E+00   2.000000000000000E+00   1.024604734600000E-03  -1.955825337800000E+02   8.680555684900000E+03   1.024604734600000E-03
   1.395364227600000E-05   1.003267355900000E-01   2.000000000000000E+00   2.000000000000000E+00   1.026661253400000E-03  -1.955824944200000E+02   8.680555684900000E+03   1.026661253400000E-03

