   1.189498279200000E+00   0.000000000000000E+00   2.886751410500000E+01   2.886751410500000E+01   0.000000000000000E+00   1.000000011700000E-07   2.886751410500000E+01   0.000000000000000E+00
   1.189500335700000E+00   1.256486597900000E-03   2.886751410500000E+01   2.886751410500000E+01   1.577471212300000E-02   1.000000011700000E-07   2.886751410500000E+01   1.577471212300000E-02
   1.189506505100000E+00   2.512947899600000E-03   2.886751410500000E+01   2.886751410500000E+01   3.154943619400000E-02   1.000000011700000E-07   2.886751410500000E+01   3.154943619400000E-02
   1.189516787600000E+00   3.769358297200000E-03   2.886751410500000E+01   2.886751410500000E+01   4.732362140300000E-02   1.000000011700000E-07   2.886751410500000E+01   4.732362140300000E-02
   1.189531183200000E+00   5.025692342800000E-03   2.886751410500000E+01   2.886751410500000E+01   6.309820910500000E-02   1.000000011700000E-07   2.886751410500000E+01   6.309820910500000E-02
   1.189549692100000E+00   6.281924592900000E-03   2.886751410500000E+01   2.886751410500000E+01   7.887283672600000E-02   1.000000011700000E-07   2.886751410500000E+01   7.887283672600000E-02
   1.189572314500000E+00   7.538029610100000E-03   2.886751410500000E+01   2.886751410500000E+01   9.464805851999999E-02   1.000000011700000E-07   2.886751410500000E+01   9.464805851999999E-02
   1.189599050600000E+00   8.793981964900000E-03   2.886751410500000E+01   2.886751410500000E+01   1.104228866100000E-01   1.000000011700000E-07   2.886751410500000E+01   1.104228866100000E-01
   1.189629900600000E+00   1.004975623700000E-02   2.886751410500000E+01   2.886751410500000E+01   1.261977845100000E-01   1.000000011700000E-07   2.886751410500000E+01   1.261977845100000E-01
   1.189664865000000E+00   1.130532701700000E-02   2.886751410500000E+01   2.886751410500000E+01   1.419736208900000E-01   1.000000011700000E-07   2.886751410500000E+01   1.419736208900000E-01
   1.189703943900000E+00   1.256066890800000E-02   2.886751410500000E+01   2.886751410500000E+01   1.577487836900000E-01   1.000000011700000E-07   2.886751410500000E+01   1.577487836900000E-01
   1.189747138000000E+00   1.381575652600000E-02   2.886751410500000E+01   2.886751410500000E+01   1.735240461200000E-01   1.000000011700000E-07   2.886751410500000E+01   1.735240461200000E-01
   1.189794447500000E+00   1.507056450500000E-02   2.886751410500000E+01   2.886751410500000E+01   1.892968299500000E-01   1.000000011700000E-07   2.886751410500000E+01   1.892968299500000E-01
   1.189845872900000E+00   1.632506749200000E-02   2.886751410500000E+01   2.886751410500000E+01   2.050721056800000E-01   1.000000011700000E-07   2.886751410500000E+01   2.050721056800000E-01
   1.189901414800000E+00   1.757924015600000E-02   2.886751410500000E+01   2.886751410500000E+01   2.208475107500000E-01   1.000000011700000E-07   2.886751410500000E+01   2.208475107500000E-01
   1.189961073800000E+00   1.883305718500000E-02   2.886751410500000E+01   2.886751410500000E+01   2.366262908100000E-01   1.000000011700000E-07   2.886751410500000E+01   2.366262908100000E-01
   1.190024850400000E+00   2.008649328900000E-02   2.886751410500000E+01   2.886751410500000E+01   2.524021999700000E-01   1.000000011700000E-07   2.886751410500000E+01   2.524021999700000E-01
   1.190092745300000E+00   2.133952319800000E-02   2.886751410500000E+01   2.886751410500000E+01   2.681782680600000E-01   1.000000011700000E-07   2.886751410500000E+01   2.681782680600000E-01
   1.190164759100000E+00   2.259212167200000E-02   2.886751410500000E+01   2.886751410500000E+01   2.839531228500000E-01   1.000000011700000E-07   2.886751410500000E+01   2.839531228500000E-01
   1.190240892600000E+00   2.384426349300000E-02   2.886751410500000E+01   2.886751410500000E+01   2.997294614300000E-01   1.000000011700000E-07   2.886751410500000E+01   2.997294614300000E-01
   1.190321146600000E+00   2.509592347200000E-02   2.886751410500000E+01   2.886751410500000E+01   3.155059883500000E-01   1.000000011700000E-07   2.886751410500000E+01   3.155059883500000E-01
   1.190405521800000E+00   2.634707645000000E-02   2.886751410500000E+01   2.886751410500000E+01   3.312828615300000E-01   1.000000011700000E-07   2.886751410500000E+01   3.312828615300000E-01
   1.190494019100000E+00   2.759769729700000E-02   2.886751410500000E+01   2.886751410500000E+01   3.470598014300000E-01   1.000000011700000E-07   2.886751410500000E+01   3.470598014300000E-01
   1.190586639300000E+00   2.884776091800000E-02   2.886751410500000E+01   2.886751410500000E+01   3.628369588800000E-01   1.000000011700000E-07   2.886751410500000E+01   3.628369588800000E-01
   1.190683383400000E+00   3.009724224800000E-02   2.886751410500000E+01   2.886751410500000E+01   3.786112987700000E-01   1.000000011700000E-07   2.886751410500000E+01   3.786112987700000E-01
   1.190784252300000E+00   3.134611626100000E-02   2.886751410500000E+01   2.886751410500000E+01   3.943887933500000E-01   1.000000011700000E-07   2.886751410500000E+01   3.943887933500000E-01
   1.190889247000000E+00   3.259435796500000E-02   2.886751410500000E+01   2.886751410500000E+01   4.101665344400000E-01   1.000000011700000E-07   2.886751410500000E+01   4.101665344400000E-01
   1.190998368600000E+00   3.384194240800000E-02   2.886751410500000E+01   2.886751410500000E+01   4.259498351700000E-01   1.000000011700000E-07   2.886751410500000E+01   4.259498351700000E-01
   1.191111618100000E+00   3.508884467800000E-02   2.886751410500000E+01   2.886751410500000E+01   4.417282947100000E-01   1.000000011700000E-07   2.886751410500000E+01   4.417282947100000E-01
   1.191228996600000E+00   3.633503990200000E-02   2.886751410500000E+01   2.886751410500000E+01   4.575070295000000E-01   1.000000011700000E-07   2.886751410500000E+01   4.575070295000000E-01
   1.191350505200000E+00   3.758050325200000E-02   2.886751410500000E+01   2.886751410500000E+01   4.732809389300000E-01   1.000000011700000E-07   2.886751410500000E+01   4.732809389300000E-01
   1.191476145100000E+00   3.882520994400000E-02   2.886751410500000E+01   2.886751410500000E+01   4.890600821200000E-01   1.000000011700000E-07   2.886751410500000E+01   4.890600821200000E-01
   1.191605917600000E+00   4.006913523900000E-02   2.886751410500000E+01   2.886751410500000E+01   5.048395289700000E-01   1.000000011700000E-07   2.886751410500000E+01   5.048395289700000E-01
   1.191739823900000E+00   4.131225444600000E-02   2.886751410500000E+01   2.886751410500000E+01   5.206248713800000E-01   1.000000011700000E-07   2.886751410500000E+01   5.206248713800000E-01
   1.191877865200000E+00   4.255454292100000E-02   2.886751410500000E+01   2.886751410500000E+01   5.364051231800000E-01   1.000000011700000E-07   2.886751410500000E+01   5.364051231800000E-01
   1.192020042800000E+00   4.379597607200000E-02   2.886751410500000E+01   2.886751410500000E+01   5.521857067700000E-01   1.000000011700000E-07   2.886751410500000E+01   5.521857067700000E-01
   1.192166358200000E+00   4.503652935900000E-02   2.886751410500000E+01   2.886751410500000E+01   5.679586891500000E-01   1.000000011700000E-07   2.886751410500000E+01   5.679586891500000E-01
   1.192316812700000E+00   4.627617829300000E-02   2.886751410500000E+01   2.886751410500000E+01   5.837397431100000E-01   1.000000011700000E-07   2.886751410500000E+01   5.837397431100000E-01
   1.192471407700000E+00   4.751489844100000E-02   2.886751410500000E+01   2.886751410500000E+01   5.995211565800000E-01   1.000000011700000E-07   2.886751410500000E+01   5.995211565800000E-01
   1.192630144600000E+00   4.875266542700000E-02   2.886751410500000E+01   2.886751410500000E+01   6.153112433100000E-01   1.000000011700000E-07   2.886751410500000E+01   6.153112433100000E-01
   1.192793024900000E+00   4.998945492900000E-02   2.886751410500000E+01   2.886751410500000E+01   6.310936167100000E-01   1.000000011700000E-07   2.886751410500000E+01   6.310936167100000E-01
   1.192960050100000E+00   5.122524268700000E-02   2.886751410500000E+01   2.886751410500000E+01   6.468763770400000E-01   1.000000011700000E-07   2.886751410500000E+01   6.468763770400000E-01
   1.193131221800000E+00   5.246000450000000E-02   2.886751410500000E+01   2.886751410500000E+01   6.626533003400000E-01   1.000000011700000E-07   2.886751410500000E+01   6.626533003400000E-01
   1.193306541600000E+00   5.369371623000000E-02   2.886751410500000E+01   2.886751410500000E+01   6.784367128000000E-01   1.000000011700000E-07   2.886751410500000E+01   6.784367128000000E-01
   1.193486010900000E+00   5.492635380100000E-02   2.886751410500000E+01   2.886751410500000E+01   6.942205391500000E-01   1.000000011700000E-07   2.886751410500000E+01   6.942205391500000E-01
   1.193669631500000E+00   5.615789320200000E-02   2.886751410500000E+01   2.886751410500000E+01   7.100069323300000E-01   1.000000011700000E-07   2.886751410500000E+01   7.100069323300000E-01
   1.193857405000000E+00   5.738831048700000E-02   2.886751410500000E+01   2.886751410500000E+01   7.257916609200000E-01   1.000000011700000E-07   2.886751410500000E+01   7.257916609200000E-01
   1.194049333100000E+00   5.861758177800000E-02   2.886751410500000E+01   2.886751410500000E+01   7.415768299700000E-01   1.000000011700000E-07   2.886751410500000E+01   7.415768299700000E-01
   1.194245417400000E+00   5.984568326700000E-02   2.886751410500000E+01   2.886751410500000E+01   7.573662291700000E-01   1.000000011700000E-07   2.886751410500000E+01   7.573662291700000E-01
   1.194445659800000E+00   6.107259121500000E-02   2.886751410500000E+01   2.886751410500000E+01   7.731523844000000E-01   1.000000011700000E-07   2.886751410500000E+01   7.731523844000000E-01

