   1.139445055200000E+00   0.000000000000000E+00   2.886751410500000E+01   2.886751410500000E+01   0.000000000000000E+00   2.000000095000000E-03   2.886751410500000E+01   0.000000000000000E+00
   1.147387991300000E+00   0.000000000000000E+00   2.886751410500000E+01   2.886751410500000E+01   0.000000000000000E+00   2.000000095000000E-03   2.886751410500000E+01   0.000000000000000E+00
   1.155371502900000E+00   0.000000000000000E+00   2.886751410500000E+01   2.886751410500000E+01   0.000000000000000E+00   2.000000095000000E-03   2.886751410500000E+01   0.000000000000000E+00
   1.157088270700000E+00   0.000000000000000E+00   2.886751410500000E+01   2.886751410500000E+01   0.000000000000000E+00   2.000000095000000E-03   2.886751410500000E+01   0.000000000000000E+00
   1.165119973800000E+00   0.000000000000000E+00   2.886751410500000E+01   2.886751410500000E+01   0.000000000000000E+00   2.000000095000000E-03   2.886751410500000E+01   0.000000000000000E+00
   1.173190950900000E+00   0.000000000000000E+00   2.886751410500000E+01   2.886751410500000E+01   0.000000000000000E+00   2.000000095000000E-03   2.886751410500000E+01   0.000000000000000E+00
   1.181300476400000E+00   0.000000000000000E+00   2.886751410500000E+01   2.886751410500000E+01   0.000000000000000E+00   2.000000095000000E-03   2.886751410500000E+01   0.000000000000000E+00
   1.189447954400000E+00   0.000000000000000E+00   2.886751410500000E+01   2.886751410500000E+01   0.000000000000000E+00   2.000000095000000E-03   2.886751410500000E+01   0.000000000000000E+00
   1.197632787000000E+00   0.000000000000000E+00   2.886751410500000E+01   2.886751410500000E+01   0.000000000000000E+00   2.000000095000000E-03   2.886751410500000E+01   0.000000000000000E+00
   1.205854374700000E+00   0.000000000000000E+00   2.886751410500000E+01   2.886751410500000E+01   0.000000000000000E+00   2.000000095000000E-03   2.886751410500000E+01   0.000000000000000E+00
   1.214112116900000E+00   0.000000000000000E+00   2.886751410500000E+01   2.886751410500000E+01   0.000000000000000E+00   2.000000095000000E-03   2.886751410500000E+01   0.000000000000000E+00
   1.222405413000000E+00   0.000000000000000E+00   2.886751410500000E+01   2.886751410500000E+01   0.000000000000000E+00   2.000000095000000E-03   2.886751410500000E+01   0.000000000000000E+00
   1.230733662300000E+00   0.000000000000000E+00   2.886751410500000E+01   2.886751410500000E+01   0.000000000000000E+00   2.000000095000000E-03   2.886751410500000E+01   0.000000000000000E+00
   1.239096265300000E+00   0.000000000000000E+00   2.886751410500000E+01   2.886751410500000E+01   0.000000000000000E+00   2.000000095000000E-03   2.886751410500000E+01   0.000000000000000E+00
   1.247492623400000E+00   0.000000000000000E+00   2.886751410500000E+01   2.886751410500000E+01   0.000000000000000E+00   2.000000095000000E-03   2.886751410500000E+01   0.000000000000000E+00
   1.255922140400000E+00   0.000000000000000E+00   2.886751410500000E+01   2.886751410500000E+01   0.000000000000000E+00   2.000000095000000E-03   2.886751410500000E+01   0.000000000000000E+00
   1.263664061500000E+00   0.000000000000000E+00   2.886751410500000E+01   2.886751410500000E+01   0.000000000000000E+00   2.000000095000000E-03   2.886751410500000E+01   0.000000000000000E+00
   1.272155305500000E+00   0.000000000000000E+00   2.886751410500000E+01   2.886751410500000E+01   0.000000000000000E+00   2.000000095000000E-03   2.886751410500000E+01   0.000000000000000E+00
   1.280678101900000E+00   0.000000000000000E+00   2.886751410500000E+01   2.886751410500000E+01   0.000000000000000E+00   2.000000095000000E-03   2.886751410500000E+01   0.000000000000000E+00
   1.289231749100000E+00   0.000000000000000E+00   2.886751410500000E+01   2.886751410500000E+01   0.000000000000000E+00   2.000000095000000E-03   2.886751410500000E+01   0.000000000000000E+00
   1.297815666500000E+00   0.000000000000000E+00   2.886751410500000E+01   2.886751410500000E+01   0.000000000000000E+00   2.000000095000000E-03   2.886751410500000E+01   0.000000000000000E+00
   1.302170301600000E+00   0.000000000000000E+00   2.886751410500000E+01   2.886751410500000E+01   0.000000000000000E+00   2.000000095000000E-03   2.886751410500000E+01   0.000000000000000E+00
   1.310798611500000E+00   0.000000000000000E+00   2.886751410500000E+01   2.886751410500000E+01   0.000000000000000E+00   2.000000095000000E-03   2.886751410500000E+01   0.000000000000000E+00
   1.319455866100000E+00   0.000000000000000E+00   2.886751410500000E+01   2.886751410500000E+01   0.000000000000000E+00   2.000000095000000E-03   2.886751410500000E+01   0.000000000000000E+00
   1.328141394000000E+00   0.000000000000000E+00   2.886751410500000E+01   2.886751410500000E+01   0.000000000000000E+00   2.000000095000000E-03   2.886751410500000E+01   0.000000000000000E+00
   1.336854637700000E+00   0.000000000000000E+00   2.886751410500000E+01   2.886751410500000E+01   0.000000000000000E+00   2.000000095000000E-03   2.886751410500000E+01   0.000000000000000E+00
   1.345595045600000E+00   0.000000000000000E+00   2.886751410500000E+01   2.886751410500000E+01   0.000000000000000E+00   2.000000095000000E-03   2.886751410500000E+01   0.000000000000000E+00
   1.354362072500000E+00   0.000000000000000E+00   2.886751410500000E+01   2.886751410500000E+01   0.000000000000000E+00   2.000000095000000E-03   2.886751410500000E+01   0.000000000000000E+00
   1.363155179600000E+00   0.000000000000000E+00   2.886751410500000E+01   2.886751410500000E+01   0.000000000000000E+00   2.000000095000000E-03   2.886751410500000E+01   0.000000000000000E+00
   1.371973834700000E+00   0.000000000000000E+00   2.886751410500000E+01   2.886751410500000E+01   0.000000000000000E+00   2.000000095000000E-03   2.886751410500000E+01   0.000000000000000E+00
   1.380817512600000E+00   0.000000000000000E+00   2.886751410500000E+01   2.886751410500000E+01   0.000000000000000E+00   2.000000095000000E-03   2.886751410500000E+01   0.000000000000000E+00
   1.389685695100000E+00   0.000000000000000E+00   2.886751410500000E+01   2.886751410500000E+01   0.000000000000000E+00   2.000000095000000E-03   2.886751410500000E+01   0.000000000000000E+00
   1.398577871200000E+00   0.000000000000000E+00   2.886751410500000E+01   2.886751410500000E+01   0.000000000000000E+00   2.000000095000000E-03   2.886751410500000E+01   0.000000000000000E+00
   1.407493537400000E+00   0.000000000000000E+00   2.886751410500000E+01   2.886751410500000E+01   0.000000000000000E+00   2.000000095000000E-03   2.886751410500000E+01   0.000000000000000E+00
   1.416432197500000E+00   0.000000000000000E+00   2.886751410500000E+01   2.886751410500000E+01   0.000000000000000E+00   2.000000095000000E-03   2.886751410500000E+01   0.000000000000000E+00
   1.425393363000000E+00   0.000000000000000E+00   2.886751410500000E+01   2.886751410500000E+01   0.000000000000000E+00   2.000000095000000E-03   2.886751410500000E+01   0.000000000000000E+00
   1.434376553100000E+00   0.000000000000000E+00   2.886751410500000E+01   2.886751410500000E+01   0.000000000000000E+00   2.000000095000000E-03   2.886751410500000E+01   0.000000000000000E+00
   1.443381294900000E+00   0.000000000000000E+00   2.886751410500000E+01   2.886751410500000E+01   0.000000000000000E+00   2.000000095000000E-03   2.886751410500000E+01   0.000000000000000E+00
   1.452407123100000E+00   0.000000000000000E+00   2.886751410500000E+01   2.886751410500000E+01   0.000000000000000E+00   2.000000095000000E-03   2.886751410500000E+01   0.000000000000000E+00
   1.457467721700000E+00   0.000000000000000E+00   2.886751410500000E+01   2.886751410500000E+01   0.000000000000000E+00   2.000000095000000E-03   2.886751410500000E+01   0.000000000000000E+00
   1.466525450000000E+00   0.000000000000000E+00   2.886751410500000E+01   2.886751410500000E+01   0.000000000000000E+00   2.000000095000000E-03   2.886751410500000E+01   0.000000000000000E+00
   1.475603187900000E+00   0.000000000000000E+00   2.886751410500000E+01   2.886751410500000E+01   0.000000000000000E+00   2.000000095000000E-03   2.886751410500000E+01   0.000000000000000E+00
   1.484700420500000E+00   0.000000000000000E+00   2.886751410500000E+01   2.886751410500000E+01   0.000000000000000E+00   2.000000095000000E-03   2.886751410500000E+01   0.000000000000000E+00
   1.493816718800000E+00   0.000000000000000E+00   2.886751410500000E+01   2.886751410500000E+01   0.000000000000000E+00   2.000000095000000E-03   2.886751410500000E+01   0.000000000000000E+00
   1.502951661700000E+00   0.000000000000000E+00   2.886751410500000E+01   2.886751410500000E+01   0.000000000000000E+00   2.000000095000000E-03   2.886751410500000E+01   0.000000000000000E+00
   1.512104836100000E+00   0.000000000000000E+00   2.886751410500000E+01   2.886751410500000E+01   0.000000000000000E+00   2.000000095000000E-03   2.886751410500000E+01   0.000000000000000E+00
   1.521275836500000E+00   0.000000000000000E+00   2.886751410500000E+01   2.886751410500000E+01   0.000000000000000E+00   2.000000095000000E-03   2.886751410500000E+01   0.000000000000000E+00
   1.530464265800000E+00   0.000000000000000E+00   2.886751410500000E+01   2.886751410500000E+01   0.000000000000000E+00   2.000000095000000E-03   2.886751410500000E+01   0.000000000000000E+00
   1.539669734200000E+00   0.000000000000000E+00   2.886751410500000E+01   2.886751410500000E+01   0.000000000000000E+00   2.000000095000000E-03   2.886751410500000E+01   0.000000000000000E+00
   1.548891859900000E+00   0.000000000000000E+00   2.886751410500000E+01   2.886751410500000E+01   0.000000000000000E+00   2.000000095000000E-03   2.886751410500000E+01   0.000000000000000E+00

