   1.932359967400000E-15   0.000000000000000E+00   2.000000000000000E+00   2.000000000000000E+00   0.000000000000000E+00  -6.727191240200000E+01   8.680555361500000E+02   0.000000000000000E+00
   4.343830879700000E-10   2.562976369100000E-04   2.000000000000000E+00   2.000000000000000E+00   1.046116431100000E-05  -6.727191227300000E+01   8.680555361500000E+02   1.046116431100000E-05
   1.737531415900000E-09   5.125952727800000E-04   2.000000000000000E+00   2.000000000000000E+00   2.092232859500000E-05  -6.727191212500000E+01   8.680555361500000E+02   2.092232859500000E-05
   3.909461457200000E-09   7.689168569900000E-04   2.000000000000000E+00   2.000000000000000E+00   3.138347210800000E-05  -6.727191188000000E+01   8.680555361500000E+02   3.138347210800000E-05
   6.950143583000000E-09   1.025222469500000E-03   2.000000000000000E+00   2.000000000000000E+00   4.184462928300000E-05  -6.727191153600000E+01   8.680555361500000E+02   4.184462928300000E-05
   1.085959274300000E-08   1.281528076200000E-03   2.000000000000000E+00   2.000000000000000E+00   5.230578628800000E-05  -6.727191109300000E+01   8.680555361500000E+02   5.230578628800000E-05
   1.563780633900000E-08   1.537817394300000E-03   2.000000000000000E+00   2.000000000000000E+00   6.276675057399999E-05  -6.727191055300000E+01   8.680555361500000E+02   6.276675057399999E-05
   2.128479142300000E-08   1.794120271800000E-03   2.000000000000000E+00   2.000000000000000E+00   7.322787502600000E-05  -6.727190991400001E+01   8.680555361500000E+02   7.322787502600000E-05
   2.780054091400000E-08   2.050423139300000E-03   2.000000000000000E+00   2.000000000000000E+00   8.368899917900000E-05  -6.727190917700000E+01   8.680555361500000E+02   8.368899917900000E-05
   3.518505781300000E-08   2.306778248700000E-03   2.000000000000000E+00   2.000000000000000E+00   9.415001089900000E-05  -6.727190834200000E+01   8.680555361500000E+02   9.415001089900000E-05
   4.343833989700000E-08   2.563086897800000E-03   2.000000000000000E+00   2.000000000000000E+00   1.046111218700000E-04  -6.727190740800000E+01   8.680555361500000E+02   1.046111218700000E-04
   5.256038664900000E-08   2.819395532700000E-03   2.000000000000000E+00   2.000000000000000E+00   1.150722324200000E-04  -6.727190637600000E+01   8.680555361500000E+02   1.150722324200000E-04
   6.255119638800000E-08   3.075606071700000E-03   2.000000000000000E+00   2.000000000000000E+00   1.255303923900000E-04  -6.727190524600000E+01   8.680555361500000E+02   1.255303923900000E-04
   7.341077807899999E-08   3.331906500300000E-03   2.000000000000000E+00   2.000000000000000E+00   1.359912561200000E-04  -6.727190401700000E+01   8.680555361500000E+02   1.359912561200000E-04
   8.513912546099999E-08   3.588206910300000E-03   2.000000000000000E+00   2.000000000000000E+00   1.464521192900000E-04  -6.727190269000000E+01   8.680555361500000E+02   1.464521192900000E-04
   9.773623399900000E-08   3.844563311200000E-03   2.000000000000000E+00   2.000000000000000E+00   1.569165647400000E-04  -6.727190126500000E+01   8.680555361500000E+02   1.569165647400000E-04
   1.112021132900000E-07   4.100867414200000E-03   2.000000000000000E+00   2.000000000000000E+00   1.673776655300000E-04  -6.727189974200000E+01   8.680555361500000E+02   1.673776655300000E-04
   1.255367535400000E-07   4.357171494400000E-03   2.000000000000000E+00   2.000000000000000E+00   1.778387656400000E-04  -6.727189812000000E+01   8.680555361500000E+02   1.778387656400000E-04
   1.407401587600000E-07   4.613513928800000E-03   2.000000000000000E+00   2.000000000000000E+00   1.883008095700000E-04  -6.727189640000000E+01   8.680555361500000E+02   1.883008095700000E-04
   1.568123354400000E-07   4.869820090800000E-03   2.000000000000000E+00   2.000000000000000E+00   1.987619606700000E-04  -6.727189458200000E+01   8.680555361500000E+02   1.987619606700000E-04
   1.737532695600000E-07   5.126126225800000E-03   2.000000000000000E+00   2.000000000000000E+00   2.092231109600000E-04  -6.727189266600000E+01   8.680555361500000E+02   2.092231109600000E-04
   1.915629702600000E-07   5.382470108000000E-03   2.000000000000000E+00   2.000000000000000E+00   2.196719961400000E-04  -6.727189065100001E+01   8.680555361500000E+02   2.196719961400000E-04
   2.102414357600000E-07   5.638777983600000E-03   2.000000000000000E+00   2.000000000000000E+00   2.301325606700000E-04  -6.727188853800000E+01   8.680555361500000E+02   2.301325606700000E-04
   2.297886613500000E-07   5.895085827800000E-03   2.000000000000000E+00   2.000000000000000E+00   2.405931242600000E-04  -6.727188632700000E+01   8.680555361500000E+02   2.405931242600000E-04
   2.502046582500000E-07   6.151374031100000E-03   2.000000000000000E+00   2.000000000000000E+00   2.510674922000000E-04  -6.727188401700000E+01   8.680555361500000E+02   2.510674922000000E-04
   2.714894226900000E-07   6.407680990900000E-03   2.000000000000000E+00   2.000000000000000E+00   2.615286290200000E-04  -6.727188160900000E+01   8.680555361500000E+02   2.615286290200000E-04
   2.936429396400000E-07   6.663987915000000E-03   2.000000000000000E+00   2.000000000000000E+00   2.719897647600000E-04  -6.727187910300000E+01   8.680555361500000E+02   2.719897647600000E-04
   3.166652220000000E-07   6.920332120100000E-03   2.000000000000000E+00   2.000000000000000E+00   2.824438180800000E-04  -6.727187649900000E+01   8.680555361500000E+02   2.824438180800000E-04
   3.405562742200000E-07   7.176640351100000E-03   2.000000000000000E+00   2.000000000000000E+00   2.929046893000000E-04  -6.727187379599999E+01   8.680555361500000E+02   2.929046893000000E-04
   3.653160810300000E-07   7.432948542000000E-03   2.000000000000000E+00   2.000000000000000E+00   3.033655593300000E-04  -6.727187099500000E+01   8.680555361500000E+02   3.033655593300000E-04
   3.909446531100000E-07   7.689235310800000E-03   2.000000000000000E+00   2.000000000000000E+00   3.138295731700000E-04  -6.727186809600001E+01   8.680555361500000E+02   3.138295731700000E-04
   4.174419848900000E-07   7.945542705200001E-03   2.000000000000000E+00   2.000000000000000E+00   3.242905455200000E-04  -6.727186509800001E+01   8.680555361500000E+02   3.242905455200000E-04
   4.448080811700000E-07   8.201850055300001E-03   2.000000000000000E+00   2.000000000000000E+00   3.347515165500000E-04  -6.727186200200001E+01   8.680555361500000E+02   3.347515165500000E-04
   4.730429361700000E-07   8.458120810500000E-03   2.000000000000000E+00   2.000000000000000E+00   3.452181233100000E-04  -6.727185880800000E+01   8.680555361500000E+02   3.452181233100000E-04
   5.021465545300000E-07   8.714426960600000E-03   2.000000000000000E+00   2.000000000000000E+00   3.556792623900000E-04  -6.727185551600000E+01   8.680555361500000E+02   3.556792623900000E-04
   5.321189341300000E-07   8.970733062200000E-03   2.000000000000000E+00   2.000000000000000E+00   3.661404000200000E-04  -6.727185212500000E+01   8.680555361500000E+02   3.661404000200000E-04
   5.629600725900000E-07   9.226707813299999E-03   2.000000000000000E+00   2.000000000000000E+00   3.766013686200000E-04  -6.727184863600000E+01   8.680555361500000E+02   3.766013686200000E-04
   5.946699694200000E-07   9.483004611799999E-03   2.000000000000000E+00   2.000000000000000E+00   3.870624985700000E-04  -6.727184504900001E+01   8.680555361500000E+02   3.870624985700000E-04
   6.272486266200000E-07   9.739301357700000E-03   2.000000000000000E+00   2.000000000000000E+00   3.975236269500000E-04  -6.727184136299999E+01   8.680555361500000E+02   3.975236269500000E-04
   6.606960476400000E-07   9.995915648400000E-03   2.000000000000000E+00   2.000000000000000E+00   4.079844252700000E-04  -6.727183757900001E+01   8.680555361500000E+02   4.079844252700000E-04
   6.950122231100000E-07   1.025222042700000E-02   2.000000000000000E+00   2.000000000000000E+00   4.184455419500000E-04  -6.727183369700001E+01   8.680555361500000E+02   4.184455419500000E-04
   7.301971601400000E-07   1.050852514900000E-02   2.000000000000000E+00   2.000000000000000E+00   4.289066569200000E-04  -6.727182971700000E+01   8.680555361500000E+02   4.289066569200000E-04
   7.662508498200000E-07   1.076494515200000E-02   2.000000000000000E+00   2.000000000000000E+00   4.393683184600000E-04  -6.727182563800000E+01   8.680555361500000E+02   4.393683184600000E-04
   8.031733004000000E-07   1.102125250100000E-02   2.000000000000000E+00   2.000000000000000E+00   4.498294429500000E-04  -6.727182146100000E+01   8.680555361500000E+02   4.498294429500000E-04
   8.409645027000001E-07   1.127755978900000E-02   2.000000000000000E+00   2.000000000000000E+00   4.602905656100000E-04  -6.727181718600001E+01   8.680555361500000E+02   4.602905656100000E-04
   8.796244697800000E-07   1.153385842500000E-02   2.000000000000000E+00   2.000000000000000E+00   4.707317613600000E-04  -6.727181281300000E+01   8.680555361500000E+02   4.707317613600000E-04
   9.191531884300000E-07   1.179016539500000E-02   2.000000000000000E+00   2.000000000000000E+00   4.811924374500000E-04  -6.727180834100000E+01   8.680555361500000E+02   4.811924374500000E-04
   9.595506634500000E-07   1.204647229900000E-02   2.000000000000000E+00   2.000000000000000E+00   4.916531115800000E-04  -6.727180377099999E+01   8.680555361500000E+02   4.916531115800000E-04
   1.000816890300000E-06   1.230272851500000E-02   2.000000000000000E+00   2.000000000000000E+00   5.021191844900000E-04  -6.727179910300001E+01   8.680555361500000E+02   5.021191844900000E-04
   1.042951873700000E-06   1.255903423000000E-02   2.000000000000000E+00   2.000000000000000E+00   5.125799670900000E-04  -6.727179433600000E+01   8.680555361500000E+02   5.125799670900000E-04
   1.085955617900000E-06   1.281533987500000E-02   2.000000000000000E+00   2.000000000000000E+00   5.230407476100000E-04  -6.727178947199999E+01   8.680555361500000E+02   5.230407476100000E-04
   1.129828109100000E-06   1.307171008800000E-02   2.000000000000000E+00   2.000000000000000E+00   5.335149925100000E-04  -6.727178450900000E+01   8.680555361500000E+02   5.335149925100000E-04
   1.174569352000000E-06   1.332801685600000E-02   2.000000000000000E+00   2.000000000000000E+00   5.439760327700000E-04  -6.727177944700000E+01   8.680555361500000E+02   5.439760327700000E-04
   1.220179352000000E-06   1.358432354900000E-02   2.000000000000000E+00   2.000000000000000E+00   5.544370708100000E-04  -6.727177428700000E+01   8.680555361500000E+02   5.544370708100000E-04
   1.266658106600000E-06   1.384040976400000E-02   2.000000000000000E+00   2.000000000000000E+00   5.648983733500000E-04  -6.727176902900000E+01   8.680555361500000E+02   5.648983733500000E-04
   1.314005607600000E-06   1.409671222100000E-02   2.000000000000000E+00   2.000000000000000E+00   5.753594117700000E-04  -6.727176367300000E+01   8.680555361500000E+02   5.753594117700000E-04
   1.362221859800000E-06   1.435301460000000E-02   2.000000000000000E+00   2.000000000000000E+00   5.858204478499999E-04  -6.727175821800000E+01   8.680555361500000E+02   5.858204478499999E-04
   1.411306856600000E-06   1.460939236100000E-02   2.000000000000000E+00   2.000000000000000E+00   5.962800592200000E-04  -6.727175266499999E+01   8.680555361500000E+02   5.962800592200000E-04
   1.461260611100000E-06   1.486569590300000E-02   2.000000000000000E+00   2.000000000000000E+00   6.067410655400000E-04  -6.727174701400000E+01   8.680555361500000E+02   6.067410655400000E-04
   1.512083115700000E-06   1.512199936100000E-02   2.000000000000000E+00   2.000000000000000E+00   6.172020693800000E-04  -6.727174126400000E+01   8.680555361500000E+02   6.172020693800000E-04
   1.563774364300000E-06   1.537833606500000E-02   2.000000000000000E+00   2.000000000000000E+00   6.276683238900000E-04  -6.727173541800001E+01   8.680555361500000E+02   6.276683238900000E-04
   1.616334361400000E-06   1.563463991000000E-02   2.000000000000000E+00   2.000000000000000E+00   6.381294102200000E-04  -6.727172947200000E+01   8.680555361500000E+02   6.381294102200000E-04
   1.669763106400000E-06   1.589094366700000E-02   2.000000000000000E+00   2.000000000000000E+00   6.485904939500000E-04  -6.727172342800000E+01   8.680555361500000E+02   6.485904939500000E-04
   1.724060600200000E-06   1.614686366800000E-02   2.000000000000000E+00   2.000000000000000E+00   6.590342516300000E-04  -6.727171728400000E+01   8.680555361500000E+02   6.590342516300000E-04
   1.779226840500000E-06   1.640316115500000E-02   2.000000000000000E+00   2.000000000000000E+00   6.694950550599999E-04  -6.727171104400000E+01   8.680555361500000E+02   6.694950550599999E-04
   1.835261820800000E-06   1.665945855100000E-02   2.000000000000000E+00   2.000000000000000E+00   6.799558557700000E-04  -6.727170470500000E+01   8.680555361500000E+02   6.799558557700000E-04
   1.892165549000000E-06   1.691621114400000E-02   2.000000000000000E+00   2.000000000000000E+00   6.904299822100000E-04  -6.727169826700000E+01   8.680555361500000E+02   6.904299822100000E-04
   1.949938022200000E-06   1.717251525300000E-02   2.000000000000000E+00   2.000000000000000E+00   7.008909792800000E-04  -6.727169173199999E+01   8.680555361500000E+02   7.008909792800000E-04
   2.008579237200000E-06   1.742881926600000E-02   2.000000000000000E+00   2.000000000000000E+00   7.113519735000001E-04  -6.727168509800001E+01   8.680555361500000E+02   7.113519735000001E-04
   2.068089195600000E-06   1.768478764700000E-02   2.000000000000000E+00   2.000000000000000E+00   7.218114351800000E-04  -6.727167836500000E+01   8.680555361500000E+02   7.218114351800000E-04
   2.128467900600000E-06   1.794108660700000E-02   2.000000000000000E+00   2.000000000000000E+00   7.322724013900000E-04  -6.727167153500000E+01   8.680555361500000E+02   7.322724013900000E-04
   2.189715335900000E-06   1.819738546800000E-02   2.000000000000000E+00   2.000000000000000E+00   7.427333646200000E-04  -6.727166460600000E+01   8.680555361500000E+02   7.427333646200000E-04
   2.251831514200000E-06   1.845408747000000E-02   2.000000000000000E+00   2.000000000000000E+00   7.531764176300000E-04  -6.727165758000000E+01   8.680555361500000E+02   7.531764176300000E-04
   2.314816439900000E-06   1.871039172200000E-02   2.000000000000000E+00   2.000000000000000E+00   7.636371260600000E-04  -6.727165045400000E+01   8.680555361500000E+02   7.636371260600000E-04
   2.378670098100000E-06   1.896669587000000E-02   2.000000000000000E+00   2.000000000000000E+00   7.740978313700000E-04  -6.727164323100000E+01   8.680555361500000E+02   7.740978313700000E-04
   2.443392500700000E-06   1.922304620800000E-02   2.000000000000000E+00   2.000000000000000E+00   7.845721935400000E-04  -6.727163590900000E+01   8.680555361500000E+02   7.845721935400000E-04
   2.508983634700000E-06   1.947935076200000E-02   2.000000000000000E+00   2.000000000000000E+00   7.950330746400000E-04  -6.727162848899999E+01   8.680555361500000E+02   7.950330746400000E-04
   2.575443503800000E-06   1.973565520700000E-02   2.000000000000000E+00   2.000000000000000E+00   8.054939525100000E-04  -6.727162097000000E+01   8.680555361500000E+02   8.054939525100000E-04
   2.642772113100000E-06   1.999169989100000E-02   2.000000000000000E+00   2.000000000000000E+00   8.159608595300000E-04  -6.727161335400000E+01   8.680555361500000E+02   8.159608595300000E-04
   2.710969457500000E-06   2.024800078300000E-02   2.000000000000000E+00   2.000000000000000E+00   8.264218081300000E-04  -6.727160563900000E+01   8.680555361500000E+02   8.264218081300000E-04
   2.780035530300000E-06   2.050430156300000E-02   2.000000000000000E+00   2.000000000000000E+00   8.368827533700000E-04  -6.727159782600000E+01   8.680555361500000E+02   8.368827533700000E-04
   2.849970344800000E-06   2.076065829100000E-02   2.000000000000000E+00   2.000000000000000E+00   8.473480700800000E-04  -6.727158991400000E+01   8.680555361500000E+02   8.473480700800000E-04
   2.920773886000000E-06   2.101695954000000E-02   2.000000000000000E+00   2.000000000000000E+00   8.578090624700001E-04  -6.727158190400000E+01   8.680555361500000E+02   8.578090624700001E-04
   2.992446160000000E-06   2.127326067200000E-02   2.000000000000000E+00   2.000000000000000E+00   8.682700513700000E-04  -6.727157379600000E+01   8.680555361500000E+02   8.682700513700000E-04
   3.064987165000000E-06   2.152964173700000E-02   2.000000000000000E+00   2.000000000000000E+00   8.787265607000000E-04  -6.727156559100000E+01   8.680555361500000E+02   8.787265607000000E-04
   3.138396902200000E-06   2.178594357700000E-02   2.000000000000000E+00   2.000000000000000E+00   8.891874891900000E-04  -6.727155728600000E+01   8.680555361500000E+02   8.891874891900000E-04
   3.212675365200000E-06   2.204224529600000E-02   2.000000000000000E+00   2.000000000000000E+00   8.996484140700000E-04  -6.727154888299999E+01   8.680555361500000E+02   8.996484140700000E-04
   3.287822557000000E-06   2.229847655200000E-02   2.000000000000000E+00   2.000000000000000E+00   9.101154044500000E-04  -6.727154038200000E+01   8.680555361500000E+02   9.101154044500000E-04
   3.363838478300000E-06   2.255477722300000E-02   2.000000000000000E+00   2.000000000000000E+00   9.205763917100000E-04  -6.727153178200000E+01   8.680555361500000E+02   9.205763917100000E-04
   3.440723123500000E-06   2.281107776800000E-02   2.000000000000000E+00   2.000000000000000E+00   9.310373752300000E-04  -6.727152308399999E+01   8.680555361500000E+02   9.310373752300000E-04
   3.518476493900000E-06   2.306680039800000E-02   2.000000000000000E+00   2.000000000000000E+00   9.414695887500000E-04  -6.727151428800001E+01   8.680555361500000E+02   9.414695887500000E-04
   3.597098588500000E-06   2.332309427200000E-02   2.000000000000000E+00   2.000000000000000E+00   9.519302450200000E-04  -6.727150539400000E+01   8.680555361500000E+02   9.519302450200000E-04
   3.676589405300000E-06   2.357938801600000E-02   2.000000000000000E+00   2.000000000000000E+00   9.623908974200000E-04  -6.727149640099999E+01   8.680555361500000E+02   9.623908974200000E-04
   3.756948950500000E-06   2.383644201800000E-02   2.000000000000000E+00   2.000000000000000E+00   9.728787698200000E-04  -6.727148731400000E+01   8.680555361500000E+02   9.728787698200000E-04
   3.838177217500000E-06   2.409274367000000E-02   2.000000000000000E+00   2.000000000000000E+00   9.833397070599999E-04  -6.727147812500000E+01   8.680555361500000E+02   9.833397070599999E-04
   3.920274200600000E-06   2.434904518800000E-02   2.000000000000000E+00   2.000000000000000E+00   9.938006403000001E-04  -6.727146883800000E+01   8.680555361500000E+02   9.938006403000001E-04
   4.003239904700000E-06   2.460497773500000E-02   2.000000000000000E+00   2.000000000000000E+00   1.004225841200000E-03  -6.727145944800000E+01   8.680555361500000E+02   1.004225841200000E-03
   4.087074328000000E-06   2.486127512900000E-02   2.000000000000000E+00   2.000000000000000E+00   1.014686394200000E-03  -6.727144996400000E+01   8.680555361500000E+02   1.014686394200000E-03
   4.171777467500000E-06   2.511757238400000E-02   2.000000000000000E+00   2.000000000000000E+00   1.025146943000000E-03  -6.727144038199999E+01   8.680555361500000E+02   1.025146943000000E-03
   4.257349322100000E-06   2.537433749000000E-02   2.000000000000000E+00   2.000000000000000E+00   1.035638120900000E-03  -6.727143070200000E+01   8.680555361500000E+02   1.035638120900000E-03
   4.343789893500000E-06   2.563063919800000E-02   2.000000000000000E+00   2.000000000000000E+00   1.046098970700000E-03  -6.727142092299999E+01   8.680555361500000E+02   1.046098970700000E-03
   4.431099184300000E-06   2.588694076300000E-02   2.000000000000000E+00   2.000000000000000E+00   1.056559816300000E-03  -6.727141104600000E+01   8.680555361500000E+02   1.056559816300000E-03
   4.519277183800000E-06   2.614285318300000E-02   2.000000000000000E+00   2.000000000000000E+00   1.066997706900000E-03  -6.727140107100000E+01   8.680555361500000E+02   1.066997706900000E-03
   4.608323893900000E-06   2.639915063800000E-02   2.000000000000000E+00   2.000000000000000E+00   1.077458318800000E-03  -6.727139099700000E+01   8.680555361500000E+02   1.077458318800000E-03
   4.698239320700000E-06   2.665544794700000E-02   2.000000000000000E+00   2.000000000000000E+00   1.087918926300000E-03  -6.727138082499999E+01   8.680555361500000E+02   1.087918926300000E-03
   4.789023457600000E-06   2.691210763600000E-02   2.000000000000000E+00   2.000000000000000E+00   1.098404275000000E-03  -6.727137055999999E+01   8.680555361500000E+02   1.098404275000000E-03
   4.880676302700000E-06   2.716840810400000E-02   2.000000000000000E+00   2.000000000000000E+00   1.108865109300000E-03  -6.727136019200000E+01   8.680555361500000E+02   1.108865109300000E-03
   4.973197855900000E-06   2.742470842000000E-02   2.000000000000000E+00   2.000000000000000E+00   1.119325939100000E-03  -6.727134972499999E+01   8.680555361500000E+02   1.119325939100000E-03
   5.066588111800000E-06   2.768100191000000E-02   2.000000000000000E+00   2.000000000000000E+00   1.129793504500000E-03  -6.727133915899999E+01   8.680555361500000E+02   1.129793504500000E-03
   5.160847076300000E-06   2.793730185700000E-02   2.000000000000000E+00   2.000000000000000E+00   1.140254387600000E-03  -6.727132849600000E+01   8.680555361500000E+02   1.140254387600000E-03
   5.255974748400000E-06   2.819360164900000E-02   2.000000000000000E+00   2.000000000000000E+00   1.150715266000000E-03  -6.727131773399999E+01   8.680555361500000E+02   1.150715266000000E-03
   5.351971118200000E-06   2.844872899400000E-02   2.000000000000000E+00   2.000000000000000E+00   1.161140605000000E-03  -6.727130687200000E+01   8.680555361500000E+02   1.161140605000000E-03
   5.448836199700000E-06   2.870501789900000E-02   2.000000000000000E+00   2.000000000000000E+00   1.171601153900000E-03  -6.727129591400001E+01   8.680555361500000E+02   1.171601153900000E-03
   5.546569975000000E-06   2.896130664400000E-02   2.000000000000000E+00   2.000000000000000E+00   1.182061697900000E-03  -6.727128485800000E+01   8.680555361500000E+02   1.182061697900000E-03
   5.645172452600000E-06   2.921876163100000E-02   2.000000000000000E+00   2.000000000000000E+00   1.192561099200000E-03  -6.727127370600000E+01   8.680555361500000E+02   1.192561099200000E-03
   5.744643629800000E-06   2.947506029300000E-02   2.000000000000000E+00   2.000000000000000E+00   1.203021974500000E-03  -6.727126245400000E+01   8.680555361500000E+02   1.203021974500000E-03
   5.844983506800000E-06   2.973135879100000E-02   2.000000000000000E+00   2.000000000000000E+00   1.213482844900000E-03  -6.727125110300000E+01   8.680555361500000E+02   1.213482844900000E-03
   5.946192079600000E-06   2.998741247800000E-02   2.000000000000000E+00   2.000000000000000E+00   1.223932936400000E-03  -6.727123964899999E+01   8.680555361500000E+02   1.223932936400000E-03
   6.048269347600000E-06   3.024370854900000E-02   2.000000000000000E+00   2.000000000000000E+00   1.234393704800000E-03  -6.727122810199999E+01   8.680555361500000E+02   1.234393704800000E-03
   6.151215307300000E-06   3.050000445100000E-02   2.000000000000000E+00   2.000000000000000E+00   1.244854468100000E-03  -6.727121645600000E+01   8.680555361500000E+02   1.244854468100000E-03
   6.255029959900000E-06   3.075595651900000E-02   2.000000000000000E+00   2.000000000000000E+00   1.255326568200000E-03  -6.727120471200000E+01   8.680555361500000E+02   1.255326568200000E-03
   6.359713306100000E-06   3.101224921200000E-02   2.000000000000000E+00   2.000000000000000E+00   1.265787415900000E-03  -6.727119286999999E+01   8.680555361500000E+02   1.265787415900000E-03
   6.465265341400000E-06   3.126854173300000E-02   2.000000000000000E+00   2.000000000000000E+00   1.276248258400000E-03  -6.727118092900000E+01   8.680555361500000E+02   1.276248258400000E-03
   6.571686062100000E-06   3.152520735500000E-02   2.000000000000000E+00   2.000000000000000E+00   1.286698057100000E-03  -6.727116889300000E+01   8.680555361500000E+02   1.286698057100000E-03
   6.678975478500000E-06   3.178150256400000E-02   2.000000000000000E+00   2.000000000000000E+00   1.297158799500000E-03  -6.727115675600000E+01   8.680555361500000E+02   1.297158799500000E-03
   6.787133575200000E-06   3.203779759600000E-02   2.000000000000000E+00   2.000000000000000E+00   1.307619536600000E-03  -6.727114452000001E+01   8.680555361500000E+02   1.307619536600000E-03
   6.896160365100000E-06   3.229432511800000E-02   2.000000000000000E+00   2.000000000000000E+00   1.318091165800000E-03  -6.727113218400000E+01   8.680555361500000E+02   1.318091165800000E-03
   7.006055831100000E-06   3.255062164200000E-02   2.000000000000000E+00   2.000000000000000E+00   1.328551978600000E-03  -6.727111975200000E+01   8.680555361500000E+02   1.328551978600000E-03
   7.116819981100000E-06   3.280691798500000E-02   2.000000000000000E+00   2.000000000000000E+00   1.339012786100000E-03  -6.727110722200000E+01   8.680555361500000E+02   1.339012786100000E-03
   7.228452814600000E-06   3.306292287700000E-02   2.000000000000000E+00   2.000000000000000E+00   1.349474799900000E-03  -6.727109459400000E+01   8.680555361500000E+02   1.349474799900000E-03
   7.340954327900000E-06   3.331921659100000E-02   2.000000000000000E+00   2.000000000000000E+00   1.359935605800000E-03  -6.727108186800000E+01   8.680555361500000E+02   1.359935605800000E-03
   7.454324519800000E-06   3.357551011900000E-02   2.000000000000000E+00   2.000000000000000E+00   1.370396406200000E-03  -6.727106904300000E+01   8.680555361500000E+02   1.370396406200000E-03
   7.568563389400000E-06   3.383151011700000E-02   2.000000000000000E+00   2.000000000000000E+00   1.380847850800000E-03  -6.727105611700000E+01   8.680555361500000E+02   1.380847850800000E-03
   7.683670935100000E-06   3.408780107000000E-02   2.000000000000000E+00   2.000000000000000E+00   1.391308569100000E-03  -6.727104309500000E+01   8.680555361500000E+02   1.391308569100000E-03
   7.799647151400000E-06   3.434409183300000E-02   2.000000000000000E+00   2.000000000000000E+00   1.401769281800000E-03  -6.727102997500000E+01   8.680555361500000E+02   1.401769281800000E-03
   7.916492047700001E-06   3.460109038600000E-02   2.000000000000000E+00   2.000000000000000E+00   1.412238789100000E-03  -6.727101676600000E+01   8.680555361500000E+02   1.412238789100000E-03
   8.034205615300000E-06   3.485738599500000E-02   2.000000000000000E+00   2.000000000000000E+00   1.422699555500000E-03  -6.727100344900001E+01   8.680555361500000E+02   1.422699555500000E-03
   8.152787846699999E-06   3.511368141100000E-02   2.000000000000000E+00   2.000000000000000E+00   1.433160316100000E-03  -6.727099003500000E+01   8.680555361500000E+02   1.433160316100000E-03
   8.272238745699999E-06   3.536998211300000E-02   2.000000000000000E+00   2.000000000000000E+00   1.443621771000000E-03  -6.727097651400000E+01   8.680555361500000E+02   1.443621771000000E-03
   8.392558317200000E-06   3.562627717900000E-02   2.000000000000000E+00   2.000000000000000E+00   1.454082525000000E-03  -6.727096290300000E+01   8.680555361500000E+02   1.454082525000000E-03
   8.513746553800001E-06   3.588257204600000E-02   2.000000000000000E+00   2.000000000000000E+00   1.464543273100000E-03  -6.727094919300001E+01   8.680555361500000E+02   1.464543273100000E-03
   8.635803460600001E-06   3.613820358800000E-02   2.000000000000000E+00   2.000000000000000E+00   1.474973616800000E-03  -6.727093538500000E+01   8.680555361500000E+02   1.474973616800000E-03
   8.758729023300000E-06   3.639449333600000E-02   2.000000000000000E+00   2.000000000000000E+00   1.485434137300000E-03  -6.727092147899999E+01   8.680555361500000E+02   1.485434137300000E-03
   8.882523251900000E-06   3.665078288200000E-02   2.000000000000000E+00   2.000000000000000E+00   1.495894651800000E-03  -6.727090747400000E+01   8.680555361500000E+02   1.495894651800000E-03
   9.007186141700000E-06   3.690706945100000E-02   2.000000000000000E+00   2.000000000000000E+00   1.506378765000000E-03  -6.727089337100000E+01   8.680555361500000E+02   1.506378765000000E-03
   9.132717686000000E-06   3.716335856700000E-02   2.000000000000000E+00   2.000000000000000E+00   1.516839431100000E-03  -6.727087917100000E+01   8.680555361500000E+02   1.516839431100000E-03
   9.259117890900000E-06   3.741964747700000E-02   2.000000000000000E+00   2.000000000000000E+00   1.527300091100000E-03  -6.727086487200000E+01   8.680555361500000E+02   1.527300091100000E-03
   9.386386743799999E-06   3.767594198200000E-02   2.000000000000000E+00   2.000000000000000E+00   1.537768584700000E-03  -6.727085047600001E+01   8.680555361500000E+02   1.537768584700000E-03
   9.514524254600000E-06   3.793223051300000E-02   2.000000000000000E+00   2.000000000000000E+00   1.548229285500000E-03  -6.727083598000000E+01   8.680555361500000E+02   1.548229285500000E-03
   9.643530420800000E-06   3.818851883200000E-02   2.000000000000000E+00   2.000000000000000E+00   1.558689980000000E-03  -6.727082138599999E+01   8.680555361500000E+02   1.558689980000000E-03
   9.773405238300000E-06   3.844513895300000E-02   2.000000000000000E+00   2.000000000000000E+00   1.569142391500000E-03  -6.727080669199999E+01   8.680555361500000E+02   1.569142391500000E-03
   9.904148705199999E-06   3.870142906300000E-02   2.000000000000000E+00   2.000000000000000E+00   1.579603018200000E-03  -6.727079190200000E+01   8.680555361500000E+02   1.579603018200000E-03
   1.003576081800000E-05   3.895771895700000E-02   2.000000000000000E+00   2.000000000000000E+00   1.590063638300000E-03  -6.727077701300000E+01   8.680555361500000E+02   1.590063638300000E-03
   1.016824157900000E-05   3.921425571400000E-02   2.000000000000000E+00   2.000000000000000E+00   1.600489389100000E-03  -6.727076202700000E+01   8.680555361500000E+02   1.600489389100000E-03
   1.030159098400000E-05   3.947054680600000E-02   2.000000000000000E+00   2.000000000000000E+00   1.610949768400000E-03  -6.727074694100000E+01   8.680555361500000E+02   1.610949768400000E-03
   1.043580903500000E-05   3.972683767900000E-02   2.000000000000000E+00   2.000000000000000E+00   1.621410141200000E-03  -6.727073175800000E+01   8.680555361500000E+02   1.621410141200000E-03
   1.057089572600000E-05   3.998218402000000E-02   2.000000000000000E+00   2.000000000000000E+00   1.631829884700000E-03  -6.727071647600000E+01   8.680555361500000E+02   1.631829884700000E-03
   1.070685105400000E-05   4.023846836800000E-02   2.000000000000000E+00   2.000000000000000E+00   1.642289983800000E-03  -6.727070109600000E+01   8.680555361500000E+02   1.642289983800000E-03
   1.084367502400000E-05   4.049475249200000E-02   2.000000000000000E+00   2.000000000000000E+00   1.652750076200000E-03  -6.727068561800000E+01   8.680555361500000E+02   1.652750076200000E-03
   1.098136762800000E-05   4.075196770000000E-02   2.000000000000000E+00   2.000000000000000E+00   1.663284614400000E-03  -6.727067004500000E+01   8.680555361500000E+02   1.663284614400000E-03
   1.111992886900000E-05   4.100825724100000E-02   2.000000000000000E+00   2.000000000000000E+00   1.673745161500000E-03  -6.727065437000000E+01   8.680555361500000E+02   1.673745161500000E-03
   1.125935874300000E-05   4.126454655400000E-02   2.000000000000000E+00   2.000000000000000E+00   1.684205701900000E-03  -6.727063859700000E+01   8.680555361500000E+02   1.684205701900000E-03
   1.139965724300000E-05   4.152100956500000E-02   2.000000000000000E+00   2.000000000000000E+00   1.694670483900000E-03  -6.727062273800000E+01   8.680555361500000E+02   1.694670483900000E-03
   1.154082438100000E-05   4.177729949900000E-02   2.000000000000000E+00   2.000000000000000E+00   1.705131036700000E-03  -6.727060676900000E+01   8.680555361500000E+02   1.705131036700000E-03
   1.168286014600000E-05   4.203358920000000E-02   2.000000000000000E+00   2.000000000000000E+00   1.715591582600000E-03  -6.727059070100000E+01   8.680555361500000E+02   1.715591582600000E-03
   1.182576453400000E-05   4.228987776700000E-02   2.000000000000000E+00   2.000000000000000E+00   1.725991373400000E-03  -6.727057452500000E+01   8.680555361500000E+02   1.725991373400000E-03
   1.196953755000000E-05   4.254616699400000E-02   2.000000000000000E+00   2.000000000000000E+00   1.736451537200000E-03  -6.727055826100001E+01   8.680555361500000E+02   1.736451537200000E-03
   1.211417918900000E-05   4.280245598300000E-02   2.000000000000000E+00   2.000000000000000E+00   1.746911693800000E-03  -6.727054189800000E+01   8.680555361500000E+02   1.746911693800000E-03
   1.225968945100000E-05   4.305874539800000E-02   2.000000000000000E+00   2.000000000000000E+00   1.757424387500000E-03  -6.727052543700000E+01   8.680555361500000E+02   1.757424387500000E-03
   1.240606832800000E-05   4.331503391400000E-02   2.000000000000000E+00   2.000000000000000E+00   1.767884842700000E-03  -6.727050887800000E+01   8.680555361500000E+02   1.767884842700000E-03
   1.255331582700000E-05   4.357132218800000E-02   2.000000000000000E+00   2.000000000000000E+00   1.778345290600000E-03  -6.727049221999999E+01   8.680555361500000E+02   1.778345290600000E-03
   1.270143194300000E-05   4.382620636300000E-02   2.000000000000000E+00   2.000000000000000E+00   1.788802749700000E-03  -6.727047547700001E+01   8.680555361500000E+02   1.788802749700000E-03
   1.285041667000000E-05   4.408248591600000E-02   2.000000000000000E+00   2.000000000000000E+00   1.799263165700000E-03  -6.727045862300000E+01   8.680555361500000E+02   1.799263165700000E-03
   1.300027000900000E-05   4.433876522300000E-02   2.000000000000000E+00   2.000000000000000E+00   1.809723574300000E-03  -6.727044167100000E+01   8.680555361500000E+02   1.809723574300000E-03
   1.315099196000000E-05   4.459636854900000E-02   2.000000000000000E+00   2.000000000000000E+00   1.820146064600000E-03  -6.727042460400000E+01   8.680555361500000E+02   1.820146064600000E-03
   1.330258252100000E-05   4.485265499100000E-02   2.000000000000000E+00   2.000000000000000E+00   1.830606240600000E-03  -6.727040745500000E+01   8.680555361500000E+02   1.830606240600000E-03
   1.345504168900000E-05   4.510894118300000E-02   2.000000000000000E+00   2.000000000000000E+00   1.841066409100000E-03  -6.727039020799999E+01   8.680555361500000E+02   1.841066409100000E-03
   1.360836945900000E-05   4.536505141500000E-02   2.000000000000000E+00   2.000000000000000E+00   1.851584499500000E-03  -6.727037287900001E+01   8.680555361500000E+02   1.851584499500000E-03
   1.376256583900000E-05   4.562133610500000E-02   2.000000000000000E+00   2.000000000000000E+00   1.862044980300000E-03  -6.727035543600000E+01   8.680555361500000E+02   1.862044980300000E-03
   1.391763081700000E-05   4.587762054200000E-02   2.000000000000000E+00   2.000000000000000E+00   1.872505453500000E-03  -6.727033789500000E+01   8.680555361500000E+02   1.872505453500000E-03
   1.407356439500000E-05   4.613382451500000E-02   2.000000000000000E+00   2.000000000000000E+00   1.882966727800000E-03  -6.727032024600000E+01   8.680555361500000E+02   1.882966727800000E-03
   1.423036657100000E-05   4.639010799200000E-02   2.000000000000000E+00   2.000000000000000E+00   1.893427190200000E-03  -6.727030250800000E+01   8.680555361500000E+02   1.893427190200000E-03
   1.438803734600000E-05   4.664639121100000E-02   2.000000000000000E+00   2.000000000000000E+00   1.903887645000000E-03  -6.727028467200000E+01   8.680555361500000E+02   1.903887645000000E-03
   1.454657671000000E-05   4.690275606800000E-02   2.000000000000000E+00   2.000000000000000E+00   1.914348640200000E-03  -6.727026674699999E+01   8.680555361500000E+02   1.914348640200000E-03
   1.470598466900000E-05   4.715903921400000E-02   2.000000000000000E+00   2.000000000000000E+00   1.924809082300000E-03  -6.727024871400000E+01   8.680555361500000E+02   1.924809082300000E-03
   1.486626121900000E-05   4.741532209900000E-02   2.000000000000000E+00   2.000000000000000E+00   1.935269516600000E-03  -6.727023058300000E+01   8.680555361500000E+02   1.935269516600000E-03
   1.502740636200000E-05   4.767163409400000E-02   2.000000000000000E+00   2.000000000000000E+00   1.945657907600000E-03  -6.727021233400001E+01   8.680555361500000E+02   1.945657907600000E-03
   1.518942008400000E-05   4.792791663400000E-02   2.000000000000000E+00   2.000000000000000E+00   1.956117938900000E-03  -6.727019400600000E+01   8.680555361500000E+02   1.956117938900000E-03
   1.535230239300000E-05   4.818419890700000E-02   2.000000000000000E+00   2.000000000000000E+00   1.966577962200000E-03  -6.727017558000000E+01   8.680555361500000E+02   1.966577962200000E-03
   1.551605328400000E-05   4.843966333000000E-02   2.000000000000000E+00   2.000000000000000E+00   1.977105148700000E-03  -6.727015707600000E+01   8.680555361500000E+02   1.977105148700000E-03
   1.568067275500000E-05   4.869594069900000E-02   2.000000000000000E+00   2.000000000000000E+00   1.987565511300000E-03  -6.727013845400000E+01   8.680555361500000E+02   1.987565511300000E-03
   1.584616081000000E-05   4.895221779700000E-02   2.000000000000000E+00   2.000000000000000E+00   1.998025865800000E-03  -6.727011973300000E+01   8.680555361500000E+02   1.998025865800000E-03
   1.601251743700000E-05   4.920889136200000E-02   2.000000000000000E+00   2.000000000000000E+00   2.008493176000000E-03  -6.727010090300000E+01   8.680555361500000E+02   2.008493176000000E-03
   1.617974264100000E-05   4.946516998500000E-02   2.000000000000000E+00   2.000000000000000E+00   2.018953550400000E-03  -6.727008198599999E+01   8.680555361500000E+02   2.018953550400000E-03
   1.634783641400000E-05   4.972144833200000E-02   2.000000000000000E+00   2.000000000000000E+00   2.029413916700000E-03  -6.727006297100000E+01   8.680555361500000E+02   2.029413916700000E-03
   1.651679876300000E-05   4.997548065200000E-02   2.000000000000000E+00   2.000000000000000E+00   2.039869569100000E-03  -6.727004384999999E+01   8.680555361500000E+02   2.039869569100000E-03
   1.668662968100000E-05   5.023174699800000E-02   2.000000000000000E+00   2.000000000000000E+00   2.050329894700000E-03  -6.727002463800000E+01   8.680555361500000E+02   2.050329894700000E-03
   1.685732916100000E-05   5.048801306500000E-02   2.000000000000000E+00   2.000000000000000E+00   2.060790211900000E-03  -6.727000532800000E+01   8.680555361500000E+02   2.060790211900000E-03
   1.702889720800000E-05   5.074721529100000E-02   2.000000000000000E+00   2.000000000000000E+00   2.071235249200000E-03  -6.726998591900001E+01   8.680555361500000E+02   2.071235249200000E-03
   1.720133381900000E-05   5.100349557000000E-02   2.000000000000000E+00   2.000000000000000E+00   2.081695472400000E-03  -6.726996641200000E+01   8.680555361500000E+02   2.081695472400000E-03
   1.737463898600000E-05   5.125977556500000E-02   2.000000000000000E+00   2.000000000000000E+00   2.092155687200000E-03  -6.726994680800000E+01   8.680555361500000E+02   2.092155687200000E-03
   1.754881271800000E-05   5.151613014900000E-02   2.000000000000000E+00   2.000000000000000E+00   2.102578744400000E-03  -6.726992710200000E+01   8.680555361500000E+02   2.102578744400000E-03
   1.772385499900000E-05   5.177240995400000E-02   2.000000000000000E+00   2.000000000000000E+00   2.113038757300000E-03  -6.726990730000000E+01   8.680555361500000E+02   2.113038757300000E-03
   1.789976583700000E-05   5.202868947000000E-02   2.000000000000000E+00   2.000000000000000E+00   2.123498761600000E-03  -6.726988740000000E+01   8.680555361500000E+02   2.123498761600000E-03
   1.807654522600000E-05   5.228409158400000E-02   2.000000000000000E+00   2.000000000000000E+00   2.133988672300000E-03  -6.726986740500000E+01   8.680555361500000E+02   2.133988672300000E-03
   1.825419316900000E-05   5.254036619100000E-02   2.000000000000000E+00   2.000000000000000E+00   2.144448805900000E-03  -6.726984730900000E+01   8.680555361500000E+02   2.144448805900000E-03
   1.843270965800000E-05   5.279664050600000E-02   2.000000000000000E+00   2.000000000000000E+00   2.154908930800000E-03  -6.726982711399999E+01   8.680555361500000E+02   2.154908930800000E-03
   1.861209469500000E-05   5.305380486300000E-02   2.000000000000000E+00   2.000000000000000E+00   2.165370378000000E-03  -6.726980682700000E+01   8.680555361500000E+02   2.165370378000000E-03
   1.879234827500000E-05   5.331008291800000E-02   2.000000000000000E+00   2.000000000000000E+00   2.175830491700000E-03  -6.726978643600000E+01   8.680555361500000E+02   2.175830491700000E-03
   1.897347039000000E-05   5.356636067700000E-02   2.000000000000000E+00   2.000000000000000E+00   2.186290596500000E-03  -6.726976594700000E+01   8.680555361500000E+02   2.186290596500000E-03
   1.915546105400000E-05   5.382258290100000E-02   2.000000000000000E+00   2.000000000000000E+00   2.196712483300000E-03  -6.726974535200000E+01   8.680555361500000E+02   2.196712483300000E-03
   1.933832025100000E-05   5.407885979100000E-02   2.000000000000000E+00   2.000000000000000E+00   2.207172388300000E-03  -6.726972466600000E+01   8.680555361500000E+02   2.207172388300000E-03
   1.952204798200000E-05   5.433513638000000E-02   2.000000000000000E+00   2.000000000000000E+00   2.217632284400000E-03  -6.726970388200000E+01   8.680555361500000E+02   2.217632284400000E-03
   1.970664424500000E-05   5.459119009400000E-02   2.000000000000000E+00   2.000000000000000E+00   2.228112379300000E-03  -6.726968301200000E+01   8.680555361500000E+02   2.228112379300000E-03
   1.989210903800000E-05   5.484746502300000E-02   2.000000000000000E+00   2.000000000000000E+00   2.238572352100000E-03  -6.726966203100000E+01   8.680555361500000E+02   2.238572352100000E-03
   2.007844236200000E-05   5.510373964600000E-02   2.000000000000000E+00   2.000000000000000E+00   2.249032315800000E-03  -6.726964095300001E+01   8.680555361500000E+02   2.249032315800000E-03
   2.026564421000000E-05   5.536023496900000E-02   2.000000000000000E+00   2.000000000000000E+00   2.259442093100000E-03  -6.726961976299999E+01   8.680555361500000E+02   2.259442093100000E-03
   2.045371458300000E-05   5.561651001000000E-02   2.000000000000000E+00   2.000000000000000E+00   2.269901806200000E-03  -6.726959848800000E+01   8.680555361500000E+02   2.269901806200000E-03
   2.064265347900000E-05   5.587278474000000E-02   2.000000000000000E+00   2.000000000000000E+00   2.280361510100000E-03  -6.726957711400000E+01   8.680555361500000E+02   2.280361510100000E-03
   2.083246089100000E-05   5.612907486100000E-02   2.000000000000000E+00   2.000000000000000E+00   2.290840848700000E-03  -6.726955564500000E+01   8.680555361500000E+02   2.290840848700000E-03
   2.102313682000000E-05   5.638534905500000E-02   2.000000000000000E+00   2.000000000000000E+00   2.301300623600000E-03  -6.726953407600000E+01   8.680555361500000E+02   2.301300623600000E-03
   2.121468126500000E-05   5.664162293600000E-02   2.000000000000000E+00   2.000000000000000E+00   2.311760389200000E-03  -6.726951240699999E+01   8.680555361500000E+02   2.311760389200000E-03
   2.140709421900000E-05   5.689772642200000E-02   2.000000000000000E+00   2.000000000000000E+00   2.322205172500000E-03  -6.726949063799999E+01   8.680555361500000E+02   2.322205172500000E-03
   2.160037569200000E-05   5.715399891400000E-02   2.000000000000000E+00   2.000000000000000E+00   2.332664851700000E-03  -6.726946877400000E+01   8.680555361500000E+02   2.332664851700000E-03
   2.179452566500000E-05   5.741027108700000E-02   2.000000000000000E+00   2.000000000000000E+00   2.343124521500000E-03  -6.726944681099999E+01   8.680555361500000E+02   2.343124521500000E-03
   2.198954414800000E-05   5.766652205600000E-02   2.000000000000000E+00   2.000000000000000E+00   2.353608690200000E-03  -6.726942475100000E+01   8.680555361500000E+02   2.353608690200000E-03
   2.218543112900000E-05   5.792279346400000E-02   2.000000000000000E+00   2.000000000000000E+00   2.364068449800000E-03  -6.726940259200001E+01   8.680555361500000E+02   2.364068449800000E-03
   2.238218661900000E-05   5.817906455000000E-02   2.000000000000000E+00   2.000000000000000E+00   2.374528199700000E-03  -6.726938033400000E+01   8.680555361500000E+02   2.374528199700000E-03
   2.257981060000000E-05   5.843557865700000E-02   2.000000000000000E+00   2.000000000000000E+00   2.384969028000000E-03  -6.726935797700000E+01   8.680555361500000E+02   2.384969028000000E-03
   2.277830307900000E-05   5.869185017600000E-02   2.000000000000000E+00   2.000000000000000E+00   2.395428675700000E-03  -6.726933552300000E+01   8.680555361500000E+02   2.395428675700000E-03
   2.297766405000000E-05   5.894812136800000E-02   2.000000000000000E+00   2.000000000000000E+00   2.405888313500000E-03  -6.726931297100001E+01   8.680555361500000E+02   2.405888313500000E-03
   2.317789351700000E-05   5.920439382700000E-02   2.000000000000000E+00   2.000000000000000E+00   2.416319665500000E-03  -6.726929032900000E+01   8.680555361500000E+02   2.416319665500000E-03
   2.337899146900000E-05   5.946066437200000E-02   2.000000000000000E+00   2.000000000000000E+00   2.426779161300000E-03  -6.726926758000000E+01   8.680555361500000E+02   2.426779161300000E-03
   2.358095791100000E-05   5.971693458700000E-02   2.000000000000000E+00   2.000000000000000E+00   2.437238647300000E-03  -6.726924473299999E+01   8.680555361500000E+02   2.437238647300000E-03
   2.378379283800000E-05   5.997263302600000E-02   2.000000000000000E+00   2.000000000000000E+00   2.447820671100000E-03  -6.726922179200000E+01   8.680555361500000E+02   2.447820671100000E-03
   2.398749624200000E-05   6.022890010400000E-02   2.000000000000000E+00   2.000000000000000E+00   2.458280660800000E-03  -6.726919874900000E+01   8.680555361500000E+02   2.458280660800000E-03
   2.419206812500000E-05   6.048516684600000E-02   2.000000000000000E+00   2.000000000000000E+00   2.468740640600000E-03  -6.726917560699999E+01   8.680555361500000E+02   2.468740640600000E-03
   2.439750848500000E-05   6.074179587600000E-02   2.000000000000000E+00   2.000000000000000E+00   2.479142967600000E-03  -6.726915235400000E+01   8.680555361500000E+02   2.479142967600000E-03
   2.460381732000000E-05   6.099806351800000E-02   2.000000000000000E+00   2.000000000000000E+00   2.489602684000000E-03  -6.726912901599999E+01   8.680555361500000E+02   2.489602684000000E-03
   2.481099463100000E-05   6.125433082100000E-02   2.000000000000000E+00   2.000000000000000E+00   2.500062390300000E-03  -6.726910557900000E+01   8.680555361500000E+02   2.500062390300000E-03
   2.501904041000000E-05   6.151060673900000E-02   2.000000000000000E+00   2.000000000000000E+00   2.510580269900000E-03  -6.726908204999999E+01   8.680555361500000E+02   2.510580269900000E-03
   2.522795465300000E-05   6.176687336200000E-02   2.000000000000000E+00   2.000000000000000E+00   2.521040198200000E-03  -6.726905841700000E+01   8.680555361500000E+02   2.521040198200000E-03
   2.543773736500000E-05   6.202313964000000E-02   2.000000000000000E+00   2.000000000000000E+00   2.531500116300000E-03  -6.726903468600000E+01   8.680555361500000E+02   2.531500116300000E-03
   2.564838853200000E-05   6.227930493300000E-02   2.000000000000000E+00   2.000000000000000E+00   2.541885801900000E-03  -6.726901085000000E+01   8.680555361500000E+02   2.541885801900000E-03
   2.585990816600000E-05   6.253557010200000E-02   2.000000000000000E+00   2.000000000000000E+00   2.552345393800000E-03  -6.726898692300000E+01   8.680555361500000E+02   2.552345393800000E-03
   2.607229625800000E-05   6.279183492300000E-02   2.000000000000000E+00   2.000000000000000E+00   2.562804975400000E-03  -6.726896289699999E+01   8.680555361500000E+02   2.562804975400000E-03
   2.628555279100000E-05   6.304829397700000E-02   2.000000000000000E+00   2.000000000000000E+00   2.573332124900000E-03  -6.726893879000001E+01   8.680555361500000E+02   2.573332124900000E-03
   2.649967778500000E-05   6.330455889599999E-02   2.000000000000000E+00   2.000000000000000E+00   2.583791960300000E-03  -6.726891456800000E+01   8.680555361500000E+02   2.583791960300000E-03
   2.671467122100000E-05   6.356082346300000E-02   2.000000000000000E+00   2.000000000000000E+00   2.594251785100000E-03  -6.726889024800001E+01   8.680555361500000E+02   2.594251785100000E-03
   2.693053311100000E-05   6.381709738900000E-02   2.000000000000000E+00   2.000000000000000E+00   2.604648307400000E-03  -6.726886581399999E+01   8.680555361500000E+02   2.604648307400000E-03
   2.714726344500000E-05   6.407336128600000E-02   2.000000000000000E+00   2.000000000000000E+00   2.615107856900000E-03  -6.726884129699999E+01   8.680555361500000E+02   2.615107856900000E-03
   2.736486221800000E-05   6.432962482700000E-02   2.000000000000000E+00   2.000000000000000E+00   2.625567395800000E-03  -6.726881668199999E+01   8.680555361500000E+02   2.625567395800000E-03
   2.758332943200000E-05   6.458530896600000E-02   2.000000000000000E+00   2.000000000000000E+00   2.636045196500000E-03  -6.726879198000000E+01   8.680555361500000E+02   2.636045196500000E-03
   2.780266508000000E-05   6.484156953900000E-02   2.000000000000000E+00   2.000000000000000E+00   2.646504786500000E-03  -6.726876716800000E+01   8.680555361500000E+02   2.646504786500000E-03
   2.802286916600000E-05   6.509782975200000E-02   2.000000000000000E+00   2.000000000000000E+00   2.656964365600000E-03  -6.726874225800000E+01   8.680555361500000E+02   2.656964365600000E-03
   2.824394167700000E-05   6.535411559199999E-02   2.000000000000000E+00   2.000000000000000E+00   2.667397848000000E-03  -6.726871723500000E+01   8.680555361500000E+02   2.667397848000000E-03
   2.846588261900000E-05   6.561037518100001E-02   2.000000000000000E+00   2.000000000000000E+00   2.677857303200000E-03  -6.726869212900000E+01   8.680555361500000E+02   2.677857303200000E-03
   2.868869198300000E-05   6.586663440500000E-02   2.000000000000000E+00   2.000000000000000E+00   2.688316747500000E-03  -6.726866692400000E+01   8.680555361500000E+02   2.688316747500000E-03
   2.891236977400000E-05   6.612356017700000E-02   2.000000000000000E+00   2.000000000000000E+00   2.698810306900000E-03  -6.726864162400000E+01   8.680555361500000E+02   2.698810306900000E-03
   2.913691598300000E-05   6.637982121200001E-02   2.000000000000000E+00   2.000000000000000E+00   2.709269861600000E-03  -6.726861622300000E+01   8.680555361500000E+02   2.709269861600000E-03
   2.936233060900000E-05   6.663608187700000E-02   2.000000000000000E+00   2.000000000000000E+00   2.719729405200000E-03  -6.726859072300000E+01   8.680555361500000E+02   2.719729405200000E-03
   2.958861365900000E-05   6.689234443700000E-02   2.000000000000000E+00   2.000000000000000E+00   2.730165632000000E-03  -6.726856512900000E+01   8.680555361500000E+02   2.730165632000000E-03
   2.981576510700000E-05   6.714860436800001E-02   2.000000000000000E+00   2.000000000000000E+00   2.740625064100000E-03  -6.726853943400000E+01   8.680555361500000E+02   2.740625064100000E-03
   3.004378497300000E-05   6.740486392599999E-02   2.000000000000000E+00   2.000000000000000E+00   2.751084485100000E-03  -6.726851363999999E+01   8.680555361500000E+02   2.751084485100000E-03
   3.027267324300000E-05   6.765934573300000E-02   2.000000000000000E+00   2.000000000000000E+00   2.761613530300000E-03  -6.726848778700000E+01   8.680555361500000E+02   2.761613530300000E-03
   3.050242991800000E-05   6.791559775500000E-02   2.000000000000000E+00   2.000000000000000E+00   2.772073192600000E-03  -6.726846179700000E+01   8.680555361500000E+02   2.772073192600000E-03
   3.073305499400000E-05   6.817184939900001E-02   2.000000000000000E+00   2.000000000000000E+00   2.782532843600000E-03  -6.726843570800000E+01   8.680555361500000E+02   2.782532843600000E-03
   3.096454847300000E-05   6.842974770500000E-02   2.000000000000000E+00   2.000000000000000E+00   2.792865661000000E-03  -6.726840947500000E+01   8.680555361500000E+02   2.792865661000000E-03
   3.119691034100000E-05   6.868600479700000E-02   2.000000000000000E+00   2.000000000000000E+00   2.803324814300000E-03  -6.726838318999999E+01   8.680555361500000E+02   2.803324814300000E-03
   3.143014060400000E-05   6.894226150700000E-02   2.000000000000000E+00   2.000000000000000E+00   2.813783956300000E-03  -6.726835680600000E+01   8.680555361500000E+02   2.813783956300000E-03
   3.166423925400000E-05   6.919842402800000E-02   2.000000000000000E+00   2.000000000000000E+00   2.824339145700000E-03  -6.726833034800001E+01   8.680555361500000E+02   2.824339145700000E-03
   3.189920629300000E-05   6.945467966299999E-02   2.000000000000000E+00   2.000000000000000E+00   2.834798620400000E-03  -6.726830376800000E+01   8.680555361500000E+02   2.834798620400000E-03
   3.213504172000000E-05   6.971093491100000E-02   2.000000000000000E+00   2.000000000000000E+00   2.845258083600000E-03  -6.726827709100000E+01   8.680555361500000E+02   2.845258083600000E-03
   3.237174552600000E-05   6.996560079300000E-02   2.000000000000000E+00   2.000000000000000E+00   2.855753249700000E-03  -6.726825031500000E+01   8.680555361500000E+02   2.855753249700000E-03
   3.260931771000000E-05   7.022184935900000E-02   2.000000000000000E+00   2.000000000000000E+00   2.866212820500000E-03  -6.726822344100000E+01   8.680555361500000E+02   2.866212820500000E-03
   3.284775827700000E-05   7.047809753500001E-02   2.000000000000000E+00   2.000000000000000E+00   2.876672379600000E-03  -6.726819646900000E+01   8.680555361500000E+02   2.876672379600000E-03
   3.308706720700000E-05   7.073424092699999E-02   2.000000000000000E+00   2.000000000000000E+00   2.887109701900000E-03  -6.726816940700000E+01   8.680555361500000E+02   2.887109701900000E-03
   3.332724451200000E-05   7.099048806500000E-02   2.000000000000000E+00   2.000000000000000E+00   2.897569157000000E-03  -6.726814223800000E+01   8.680555361500000E+02   2.897569157000000E-03
   3.356829018800000E-05   7.124673481000000E-02   2.000000000000000E+00   2.000000000000000E+00   2.908028600400000E-03  -6.726811497100000E+01   8.680555361500000E+02   2.908028600400000E-03
   3.381020421800000E-05   7.150491233200000E-02   2.000000000000000E+00   2.000000000000000E+00   2.918393181600000E-03  -6.726808758000000E+01   8.680555361500000E+02   2.918393181600000E-03
   3.405298662000000E-05   7.176116515000000E-02   2.000000000000000E+00   2.000000000000000E+00   2.928852261300000E-03  -6.726806011600000E+01   8.680555361500000E+02   2.928852261300000E-03
   3.429663737500000E-05   7.201741757000001E-02   2.000000000000000E+00   2.000000000000000E+00   2.939311329100000E-03  -6.726803255500000E+01   8.680555361500000E+02   2.939311329100000E-03
   3.454115648300000E-05   7.227353688200000E-02   2.000000000000000E+00   2.000000000000000E+00   2.949745889400000E-03  -6.726800488600000E+01   8.680555361500000E+02   2.949745889400000E-03
   3.478654395000000E-05   7.252978803800000E-02   2.000000000000000E+00   2.000000000000000E+00   2.960204846400000E-03  -6.726797712699999E+01   8.680555361500000E+02   2.960204846400000E-03
   3.503279976300000E-05   7.278603878999999E-02   2.000000000000000E+00   2.000000000000000E+00   2.970663791300000E-03  -6.726794927000000E+01   8.680555361500000E+02   2.970663791300000E-03
   3.527992393000000E-05   7.304182980800000E-02   2.000000000000000E+00   2.000000000000000E+00   2.981247474300000E-03  -6.726792132800000E+01   8.680555361500000E+02   2.981247474300000E-03
   3.552791643400000E-05   7.329807807600000E-02   2.000000000000000E+00   2.000000000000000E+00   2.991706832700000E-03  -6.726789327500001E+01   8.680555361500000E+02   2.991706832700000E-03
   3.577677728400000E-05   7.355432593600000E-02   2.000000000000000E+00   2.000000000000000E+00   3.002166178900000E-03  -6.726786512300001E+01   8.680555361500000E+02   3.002166178900000E-03
   3.602650646600000E-05   7.381123912199999E-02   2.000000000000000E+00   2.000000000000000E+00   3.012517358400000E-03  -6.726783686200000E+01   8.680555361500000E+02   3.012517358400000E-03
   3.627710398800000E-05   7.406748851800000E-02   2.000000000000000E+00   2.000000000000000E+00   3.022976304600000E-03  -6.726780851400000E+01   8.680555361500000E+02   3.022976304600000E-03
   3.652856983600000E-05   7.432373750100001E-02   2.000000000000000E+00   2.000000000000000E+00   3.033435238500000E-03  -6.726778006799999E+01   8.680555361500000E+02   3.033435238500000E-03
   3.678090401900000E-05   7.457946372099999E-02   2.000000000000000E+00   2.000000000000000E+00   3.044023172800000E-03  -6.726775154800001E+01   8.680555361500000E+02   3.044023172800000E-03
   3.703410652800000E-05   7.483571011400000E-02   2.000000000000000E+00   2.000000000000000E+00   3.054482525200000E-03  -6.726772290600000E+01   8.680555361500000E+02   3.054482525200000E-03
   3.728817735200000E-05   7.509195608999999E-02   2.000000000000000E+00   2.000000000000000E+00   3.064941865300000E-03  -6.726769416600000E+01   8.680555361500000E+02   3.064941865300000E-03
   3.754311650700000E-05   7.534718559500000E-02   2.000000000000000E+00   2.000000000000000E+00   3.075389610000000E-03  -6.726766533800000E+01   8.680555361500000E+02   3.075389610000000E-03
   3.779892397200000E-05   7.560342730600000E-02   2.000000000000000E+00   2.000000000000000E+00   3.085848885700000E-03  -6.726763640100000E+01   8.680555361500000E+02   3.085848885700000E-03
   3.805559975400000E-05   7.585966859700000E-02   2.000000000000000E+00   2.000000000000000E+00   3.096308148800000E-03  -6.726760736599999E+01   8.680555361500000E+02   3.096308148800000E-03
   3.831314384500000E-05   7.611747050000001E-02   2.000000000000000E+00   2.000000000000000E+00   3.106745263600000E-03  -6.726757822099999E+01   8.680555361500000E+02   3.106745263600000E-03
   3.857155624400000E-05   7.637371613299999E-02   2.000000000000000E+00   2.000000000000000E+00   3.117204426900000E-03  -6.726754898900001E+01   8.680555361500000E+02   3.117204426900000E-03
   3.883083694600000E-05   7.662996134199999E-02   2.000000000000000E+00   2.000000000000000E+00   3.127663577600000E-03  -6.726751966000000E+01   8.680555361500000E+02   3.127663577600000E-03
   3.909098595000000E-05   7.688621057900000E-02   2.000000000000000E+00   2.000000000000000E+00   3.138018266500000E-03  -6.726749021500000E+01   8.680555361500000E+02   3.138018266500000E-03
   3.935200325100000E-05   7.714245495499999E-02   2.000000000000000E+00   2.000000000000000E+00   3.148477043600000E-03  -6.726746068900000E+01   8.680555361500000E+02   3.148477043600000E-03
   3.961388885500000E-05   7.739869890200000E-02   2.000000000000000E+00   2.000000000000000E+00   3.158935807800000E-03  -6.726743106399999E+01   8.680555361500000E+02   3.158935807800000E-03
   3.987664274300000E-05   7.765459120800000E-02   2.000000000000000E+00   2.000000000000000E+00   3.169531778800000E-03  -6.726740137300000E+01   8.680555361500000E+02   3.169531778800000E-03
   4.014026492000000E-05   7.791083316200000E-02   2.000000000000000E+00   2.000000000000000E+00   3.179990970000000E-03  -6.726737155200000E+01   8.680555361500000E+02   3.179990970000000E-03
   4.040475538700000E-05   7.816707468400000E-02   2.000000000000000E+00   2.000000000000000E+00   3.190450148400000E-03  -6.726734163300000E+01   8.680555361500000E+02   3.190450148400000E-03
   4.067011413400000E-05   7.842224009500000E-02   2.000000000000000E+00   2.000000000000000E+00   3.200813138800000E-03  -6.726731157899999E+01   8.680555361500000E+02   3.200813138800000E-03
   4.093634116100000E-05   7.867847726400000E-02   2.000000000000000E+00   2.000000000000000E+00   3.211271976900000E-03  -6.726728146300000E+01   8.680555361500000E+02   3.211271976900000E-03
   4.120343646600000E-05   7.893471399500000E-02   2.000000000000000E+00   2.000000000000000E+00   3.221730801800000E-03  -6.726725124900000E+01   8.680555361500000E+02   3.221730801800000E-03
   4.147140004500000E-05   7.918995735400000E-02   2.000000000000000E+00   2.000000000000000E+00   3.232255225000000E-03  -6.726722093300000E+01   8.680555361500000E+02   3.232255225000000E-03
   4.174023189100000E-05   7.944618984300000E-02   2.000000000000000E+00   2.000000000000000E+00   3.242714236000000E-03  -6.726719052300000E+01   8.680555361500000E+02   3.242714236000000E-03
   4.200993200300000E-05   7.970242188899999E-02   2.000000000000000E+00   2.000000000000000E+00   3.253173233900000E-03  -6.726716001500000E+01   8.680555361500000E+02   3.253173233900000E-03
   4.228050038400000E-05   7.996020290500000E-02   2.000000000000000E+00   2.000000000000000E+00   3.263528343900000E-03  -6.726712941800000E+01   8.680555361500000E+02   3.263528343900000E-03
   4.255193701800000E-05   8.021643916700000E-02   2.000000000000000E+00   2.000000000000000E+00   3.273986982300000E-03  -6.726709871300000E+01   8.680555361500000E+02   3.273986982300000E-03
   4.282424191200000E-05   8.047267498299999E-02   2.000000000000000E+00   2.000000000000000E+00   3.284445607300000E-03  -6.726706790999999E+01   8.680555361500000E+02   3.284445607300000E-03
   4.309741505800000E-05   8.072980419500000E-02   2.000000000000000E+00   2.000000000000000E+00   3.294984122600000E-03  -6.726703701300001E+01   8.680555361500000E+02   3.294984122600000E-03
   4.337145645300000E-05   8.098604188899999E-02   2.000000000000000E+00   2.000000000000000E+00   3.305442974600000E-03  -6.726700601400000E+01   8.680555361500000E+02   3.305442974600000E-03
   4.364636609800000E-05   8.124227913300000E-02   2.000000000000000E+00   2.000000000000000E+00   3.315901813100000E-03  -6.726697491600000E+01   8.680555361500000E+02   3.315901813100000E-03
   4.392214398800000E-05   8.149854407899999E-02   2.000000000000000E+00   2.000000000000000E+00   3.326310602600000E-03  -6.726694370500000E+01   8.680555361500000E+02   3.326310602600000E-03
   4.419879011100000E-05   8.175478051700000E-02   2.000000000000000E+00   2.000000000000000E+00   3.336769256700000E-03  -6.726691241100001E+01   8.680555361500000E+02   3.336769256700000E-03
   4.447630447900000E-05   8.201101650100000E-02   2.000000000000000E+00   2.000000000000000E+00   3.347227897300000E-03  -6.726688101900000E+01   8.680555361500000E+02   3.347227897300000E-03
   4.475468708500000E-05   8.226710121300000E-02   2.000000000000000E+00   2.000000000000000E+00   3.357778395400000E-03  -6.726684957200000E+01   8.680555361500000E+02   3.357778395400000E-03
   4.503393791200000E-05   8.252333583400000E-02   2.000000000000000E+00   2.000000000000000E+00   3.368237294800000E-03  -6.726681798300000E+01   8.680555361500000E+02   3.368237294800000E-03
   4.531405697200000E-05   8.277956999600000E-02   2.000000000000000E+00   2.000000000000000E+00   3.378696180500000E-03  -6.726678629700000E+01   8.680555361500000E+02   3.378696180500000E-03
   4.559504425000000E-05   8.303525699200000E-02   2.000000000000000E+00   2.000000000000000E+00   3.389143186500000E-03  -6.726675451400000E+01   8.680555361500000E+02   3.389143186500000E-03
   4.587689975400000E-05   8.329148847300000E-02   2.000000000000000E+00   2.000000000000000E+00   3.399602008000000E-03  -6.726672263099999E+01   8.680555361500000E+02   3.399602008000000E-03
   4.615962347000000E-05   8.354771949100000E-02   2.000000000000000E+00   2.000000000000000E+00   3.410060815800000E-03  -6.726669065000000E+01   8.680555361500000E+02   3.410060815800000E-03
   4.644321540300000E-05   8.380443017500000E-02   2.000000000000000E+00   2.000000000000000E+00   3.420435098900000E-03  -6.726665852399999E+01   8.680555361500000E+02   3.420435098900000E-03
   4.672767554500000E-05   8.406066175000000E-02   2.000000000000000E+00   2.000000000000000E+00   3.430893620400000E-03  -6.726662634700000E+01   8.680555361500000E+02   3.430893620400000E-03
   4.701300390000000E-05   8.431689285799999E-02   2.000000000000000E+00   2.000000000000000E+00   3.441352128000000E-03  -6.726659407100000E+01   8.680555361500000E+02   3.441352128000000E-03
   4.729920045500000E-05   8.457227961000000E-02   2.000000000000000E+00   2.000000000000000E+00   3.451886373800000E-03  -6.726656170800000E+01   8.680555361500000E+02   3.451886373800000E-03
   4.758626520500000E-05   8.482850718700000E-02   2.000000000000000E+00   2.000000000000000E+00   3.462345082800000E-03  -6.726652923499999E+01   8.680555361500000E+02   3.462345082800000E-03
   4.787419815600000E-05   8.508473429100000E-02   2.000000000000000E+00   2.000000000000000E+00   3.472803777800000E-03  -6.726649666500001E+01   8.680555361500000E+02   3.472803777800000E-03
   4.816299929800000E-05   8.534204276200000E-02   2.000000000000000E+00   2.000000000000000E+00   3.483253488700000E-03  -6.726646398400000E+01   8.680555361500000E+02   3.483253488700000E-03
   4.845266863000000E-05   8.559827222999999E-02   2.000000000000000E+00   2.000000000000000E+00   3.493712128400000E-03  -6.726643121700000E+01   8.680555361500000E+02   3.493712128400000E-03
   4.874320615100000E-05   8.585450122200000E-02   2.000000000000000E+00   2.000000000000000E+00   3.504170753900000E-03  -6.726639835200000E+01   8.680555361500000E+02   3.504170753900000E-03
   4.903461184600000E-05   8.611069417000000E-02   2.000000000000000E+00   2.000000000000000E+00   3.514551770300000E-03  -6.726636538900000E+01   8.680555361500000E+02   3.514551770300000E-03
   4.932688573300000E-05   8.636692211100000E-02   2.000000000000000E+00   2.000000000000000E+00   3.525010136300000E-03  -6.726633232700000E+01   8.680555361500000E+02   3.525010136300000E-03
   4.962002778800000E-05   8.662314957099999E-02   2.000000000000000E+00   2.000000000000000E+00   3.535468488000000E-03  -6.726629916700000E+01   8.680555361500000E+02   3.535468488000000E-03
   4.991403801800000E-05   8.687870169600000E-02   2.000000000000000E+00   2.000000000000000E+00   3.545974425400000E-03  -6.726626591800000E+01   8.680555361500000E+02   3.545974425400000E-03
   5.020891641600000E-05   8.713492613600000E-02   2.000000000000000E+00   2.000000000000000E+00   3.556432888700000E-03  -6.726623256200000E+01   8.680555361500000E+02   3.556432888700000E-03
   5.050466298100000E-05   8.739115009200001E-02   2.000000000000000E+00   2.000000000000000E+00   3.566891337500000E-03  -6.726619910800000E+01   8.680555361500000E+02   3.566891337500000E-03
   5.080127770500000E-05   8.764767062400000E-02   2.000000000000000E+00   2.000000000000000E+00   3.577303645300000E-03  -6.726616555900000E+01   8.680555361500000E+02   3.577303645300000E-03
   5.109876058600000E-05   8.790389456800000E-02   2.000000000000000E+00   2.000000000000000E+00   3.587761930200000E-03  -6.726613190800001E+01   8.680555361500000E+02   3.587761930200000E-03
   5.139711162300000E-05   8.816011802400001E-02   2.000000000000000E+00   2.000000000000000E+00   3.598220200400000E-03  -6.726609815899999E+01   8.680555361500000E+02   3.598220200400000E-03
   5.169633081700000E-05   8.841675927900000E-02   2.000000000000000E+00   2.000000000000000E+00   3.608770863000000E-03  -6.726606430000000E+01   8.680555361500000E+02   3.608770863000000E-03
   5.199641815100000E-05   8.867298292900000E-02   2.000000000000000E+00   2.000000000000000E+00   3.619229371700000E-03  -6.726603035500000E+01   8.680555361500000E+02   3.619229371700000E-03
   5.229737362900000E-05   8.892920608600000E-02   2.000000000000000E+00   2.000000000000000E+00   3.629687865700000E-03  -6.726599631099999E+01   8.680555361500000E+02   3.629687865700000E-03
   5.259919725100000E-05   8.918465661000000E-02   2.000000000000000E+00   2.000000000000000E+00   3.640047416600000E-03  -6.726596217600000E+01   8.680555361500000E+02   3.640047416600000E-03
   5.290188900800000E-05   8.944087661000000E-02   2.000000000000000E+00   2.000000000000000E+00   3.650505596800000E-03  -6.726592793600000E+01   8.680555361500000E+02   3.650505596800000E-03
   5.320544889600000E-05   8.969709611300000E-02   2.000000000000000E+00   2.000000000000000E+00   3.660963762100000E-03  -6.726589359800001E+01   8.680555361500000E+02   3.660963762100000E-03
   5.350987692000000E-05   8.995409753300000E-02   2.000000000000000E+00   2.000000000000000E+00   3.671452474000000E-03  -6.726585916499999E+01   8.680555361500000E+02   3.671452474000000E-03
   5.381517306500000E-05   9.021031821100001E-02   2.000000000000000E+00   2.000000000000000E+00   3.681910696600000E-03  -6.726582463100000E+01   8.680555361500000E+02   3.681910696600000E-03
   5.412133733300000E-05   9.046653838700000E-02   2.000000000000000E+00   2.000000000000000E+00   3.692368904200000E-03  -6.726578999800000E+01   8.680555361500000E+02   3.692368904200000E-03
   5.442836970900000E-05   9.072234586600000E-02   2.000000000000000E+00   2.000000000000000E+00   3.702775843100000E-03  -6.726575525800000E+01   8.680555361500000E+02   3.702775843100000E-03
   5.473627020800000E-05   9.097856382400001E-02   2.000000000000000E+00   2.000000000000000E+00   3.713233875800000E-03  -6.726572042900000E+01   8.680555361500000E+02   3.713233875800000E-03
   5.504503881800000E-05   9.123478127699999E-02   2.000000000000000E+00   2.000000000000000E+00   3.723691893400000E-03  -6.726568550200000E+01   8.680555361500000E+02   3.723691893400000E-03
   5.535467554000000E-05   9.149141064300000E-02   2.000000000000000E+00   2.000000000000000E+00   3.734129927600000E-03  -6.726565047600000E+01   8.680555361500000E+02   3.734129927600000E-03
   5.566518036100000E-05   9.174762828200000E-02   2.000000000000000E+00   2.000000000000000E+00   3.744587859000000E-03  -6.726561535300000E+01   8.680555361500000E+02   3.744587859000000E-03
   5.597655328400000E-05   9.200384541100000E-02   2.000000000000000E+00   2.000000000000000E+00   3.755045775100000E-03  -6.726558013099999E+01   8.680555361500000E+02   3.755045775100000E-03
   5.628879430400000E-05   9.225688861100000E-02   2.000000000000000E+00   2.000000000000000E+00   3.765609974300000E-03  -6.726554482000000E+01   8.680555361500000E+02   3.765609974300000E-03
   5.660190341600000E-05   9.251309577400001E-02   2.000000000000000E+00   2.000000000000000E+00   3.776068155000000E-03  -6.726550940200001E+01   8.680555361500000E+02   3.776068155000000E-03
   5.691588060800000E-05   9.276930242100000E-02   2.000000000000000E+00   2.000000000000000E+00   3.786526320400000E-03  -6.726547388600000E+01   8.680555361500000E+02   3.786526320400000E-03
   5.723072589900000E-05   9.302733303999999E-02   2.000000000000000E+00   2.000000000000000E+00   3.797044947000000E-03  -6.726543833700001E+01   8.680555361500000E+02   3.797044947000000E-03
   5.754643926200000E-05   9.328354372100001E-02   2.000000000000000E+00   2.000000000000000E+00   3.807503248100000E-03  -6.726540262499999E+01   8.680555361500000E+02   3.807503248100000E-03
   5.786302070600000E-05   9.353975388200000E-02   2.000000000000000E+00   2.000000000000000E+00   3.817961533700000E-03  -6.726536681499999E+01   8.680555361500000E+02   3.817961533700000E-03
   5.818047022000000E-05   9.379713683099999E-02   2.000000000000000E+00   2.000000000000000E+00   3.828358918100000E-03  -6.726533084800000E+01   8.680555361500000E+02   3.828358918100000E-03
   5.849878781100000E-05   9.405334920400001E-02   2.000000000000000E+00   2.000000000000000E+00   3.838817006300000E-03  -6.726529484100000E+01   8.680555361500000E+02   3.838817006300000E-03
   5.881797345800000E-05   9.430956105400000E-02   2.000000000000000E+00   2.000000000000000E+00   3.849275078800000E-03  -6.726525873600001E+01   8.680555361500000E+02   3.849275078800000E-03
   5.913802717100000E-05   9.456526236200000E-02   2.000000000000000E+00   2.000000000000000E+00   3.859717489300000E-03  -6.726522254800000E+01   8.680555361500000E+02   3.859717489300000E-03
   5.945894894700000E-05   9.482147187300000E-02   2.000000000000000E+00   2.000000000000000E+00   3.870175488000000E-03  -6.726518624700000E+01   8.680555361500000E+02   3.870175488000000E-03
   5.978073877400000E-05   9.507768085700000E-02   2.000000000000000E+00   2.000000000000000E+00   3.880633471100000E-03  -6.726514984700000E+01   8.680555361500000E+02   3.880633471100000E-03
   6.010339664900000E-05   9.533433727200000E-02   2.000000000000000E+00   2.000000000000000E+00   3.891070269200000E-03  -6.726511331600000E+01   8.680555361500000E+02   3.891070269200000E-03
   6.042692257500000E-05   9.559054630200001E-02   2.000000000000000E+00   2.000000000000000E+00   3.901528163700000E-03  -6.726507672000000E+01   8.680555361500000E+02   3.901528163700000E-03
   6.075131654300000E-05   9.584675480000000E-02   2.000000000000000E+00   2.000000000000000E+00   3.911986042300000E-03  -6.726504002599999E+01   8.680555361500000E+02   3.911986042300000E-03
   6.107657855000000E-05   9.610312492299999E-02   2.000000000000000E+00   2.000000000000000E+00   3.922490980600000E-03  -6.726500325600000E+01   8.680555361500000E+02   3.922490980600000E-03
   6.140270859200000E-05   9.635933285100000E-02   2.000000000000000E+00   2.000000000000000E+00   3.932948952900000E-03  -6.726496636600000E+01   8.680555361500000E+02   3.932948952900000E-03
   6.172970665900000E-05   9.661554024299999E-02   2.000000000000000E+00   2.000000000000000E+00   3.943406909200000E-03  -6.726492937700000E+01   8.680555361500000E+02   3.943406909200000E-03
   6.205757276400000E-05   9.687159097500000E-02   2.000000000000000E+00   2.000000000000000E+00   3.953780951400000E-03  -6.726489230100000E+01   8.680555361500000E+02   3.953780951400000E-03
   6.238630688600001E-05   9.712779689200000E-02   2.000000000000000E+00   2.000000000000000E+00   3.964238653700000E-03  -6.726485511600001E+01   8.680555361500000E+02   3.964238653700000E-03
   6.271590903099999E-05   9.738400226799999E-02   2.000000000000000E+00   2.000000000000000E+00   3.974696339700000E-03  -6.726481783300000E+01   8.680555361500000E+02   3.974696339700000E-03
   6.304637918500000E-05   9.763991352800000E-02   2.000000000000000E+00   2.000000000000000E+00   3.985243989700000E-03  -6.726478042799999E+01   8.680555361500000E+02   3.985243989700000E-03
   6.337771735200000E-05   9.789611695300000E-02   2.000000000000000E+00   2.000000000000000E+00   3.995701879600000E-03  -6.726474294800001E+01   8.680555361500000E+02   3.995701879600000E-03
   6.370992353600000E-05   9.815231983400000E-02   2.000000000000000E+00   2.000000000000000E+00   4.006159753200000E-03  -6.726470537000000E+01   8.680555361500000E+02   4.006159753200000E-03
   6.404299771299999E-05   9.840885299100000E-02   2.000000000000000E+00   2.000000000000000E+00   4.016541116400000E-03  -6.726466770099999E+01   8.680555361500000E+02   4.016541116400000E-03
   6.437693989700000E-05   9.866505565800000E-02   2.000000000000000E+00   2.000000000000000E+00   4.026998758200000E-03  -6.726462992700000E+01   8.680555361500000E+02   4.026998758200000E-03
   6.471175007300001E-05   9.892125777700000E-02   2.000000000000000E+00   2.000000000000000E+00   4.037456383600000E-03  -6.726459205499999E+01   8.680555361500000E+02   4.037456383600000E-03
   6.504742824200000E-05   9.917662492600000E-02   2.000000000000000E+00   2.000000000000000E+00   4.048006042700000E-03  -6.726455414400000E+01   8.680555361500000E+02   4.048006042700000E-03
   6.538397439700000E-05   9.943282390500000E-02   2.000000000000000E+00   2.000000000000000E+00   4.058463873000000E-03  -6.726451607600001E+01   8.680555361500000E+02   4.058463873000000E-03
   6.572138853699999E-05   9.968902233200000E-02   2.000000000000000E+00   2.000000000000000E+00   4.068921686800000E-03  -6.726447790899999E+01   8.680555361500000E+02   4.068921686800000E-03
   6.605967065200000E-05   9.994460479400000E-02   2.000000000000000E+00   2.000000000000000E+00   4.079432855900000E-03  -6.726443959900000E+01   8.680555361500000E+02   4.079432855900000E-03
   6.639882074700000E-05   1.002008003500000E-01   2.000000000000000E+00   2.000000000000000E+00   4.089890773400000E-03  -6.726440123600000E+01   8.680555361500000E+02   4.089890773400000E-03
   6.673883881600000E-05   1.004569953500000E-01   2.000000000000000E+00   2.000000000000000E+00   4.100348674200000E-03  -6.726436277500000E+01   8.680555361500000E+02   4.100348674200000E-03
   6.707972485000000E-05   1.007141731700000E-01   2.000000000000000E+00   2.000000000000000E+00   4.110728025700000E-03  -6.726432420099999E+01   8.680555361500000E+02   4.110728025700000E-03
   6.742147884400000E-05   1.009703697200000E-01   2.000000000000000E+00   2.000000000000000E+00   4.121185693300000E-03  -6.726428554400000E+01   8.680555361500000E+02   4.121185693300000E-03
   6.776410079800000E-05   1.012265657100000E-01   2.000000000000000E+00   2.000000000000000E+00   4.131643344200000E-03  -6.726424678799999E+01   8.680555361500000E+02   4.131643344200000E-03
   6.810759071100000E-05   1.014813837400000E-01   2.000000000000000E+00   2.000000000000000E+00   4.142179166800000E-03  -6.726420791900000E+01   8.680555361500000E+02   4.142179166800000E-03
   6.845194857100000E-05   1.017375751800000E-01   2.000000000000000E+00   2.000000000000000E+00   4.152636981500000E-03  -6.726416896700000E+01   8.680555361500000E+02   4.152636981500000E-03
   6.879717437699999E-05   1.019937660500000E-01   2.000000000000000E+00   2.000000000000000E+00   4.163094779200000E-03  -6.726412991700001E+01   8.680555361500000E+02   4.163094779200000E-03
   6.914326813200000E-05   1.022520266900000E-01   2.000000000000000E+00   2.000000000000000E+00   4.173459433100000E-03  -6.726409079100000E+01   8.680555361500000E+02   4.173459433100000E-03
   6.949022981900000E-05   1.025082215200000E-01   2.000000000000000E+00   2.000000000000000E+00   4.183916963500000E-03  -6.726405154400000E+01   8.680555361500000E+02   4.183916963500000E-03
   6.983805944500001E-05   1.027644157800000E-01   2.000000000000000E+00   2.000000000000000E+00   4.194374476900000E-03  -6.726401220000000E+01   8.680555361500000E+02   4.194374476900000E-03
   7.018675699500000E-05   1.030194514600000E-01   2.000000000000000E+00   2.000000000000000E+00   4.204733073500000E-03  -6.726397273800001E+01   8.680555361500000E+02   4.204733073500000E-03
   7.053632247399999E-05   1.032756415800000E-01   2.000000000000000E+00   2.000000000000000E+00   4.215190306800000E-03  -6.726393319700000E+01   8.680555361500000E+02   4.215190306800000E-03
   7.088675588000000E-05   1.035318311200000E-01   2.000000000000000E+00   2.000000000000000E+00   4.225647522900000E-03  -6.726389355800001E+01   8.680555361500000E+02   4.225647522900000E-03
   7.123805720100000E-05   1.037888458500000E-01   2.000000000000000E+00   2.000000000000000E+00   4.236170012300000E-03  -6.726385383100001E+01   8.680555361500000E+02   4.236170012300000E-03
   7.159022643699999E-05   1.040450363200000E-01   2.000000000000000E+00   2.000000000000000E+00   4.246627355200000E-03  -6.726381399600000E+01   8.680555361500000E+02   4.246627355200000E-03
   7.194326357900000E-05   1.043012262100000E-01   2.000000000000000E+00   2.000000000000000E+00   4.257084680800000E-03  -6.726377406200000E+01   8.680555361500000E+02   4.257084680800000E-03
   7.229716862600001E-05   1.045560705000000E-01   2.000000000000000E+00   2.000000000000000E+00   4.267667945800000E-03  -6.726373407400000E+01   8.680555361500000E+02   4.267667945800000E-03
   7.265194157099999E-05   1.048122558800000E-01   2.000000000000000E+00   2.000000000000000E+00   4.278125545400000E-03  -6.726369394400000E+01   8.680555361500000E+02   4.278125545400000E-03
   7.300758241800001E-05   1.050684406700000E-01   2.000000000000000E+00   2.000000000000000E+00   4.288583127600000E-03  -6.726365371599999E+01   8.680555361500000E+02   4.288583127600000E-03
   7.336409116200000E-05   1.053249681500000E-01   2.000000000000000E+00   2.000000000000000E+00   4.298981243600000E-03  -6.726361338400000E+01   8.680555361500000E+02   4.298981243600000E-03
   7.372146778699999E-05   1.055811528200000E-01   2.000000000000000E+00   2.000000000000000E+00   4.309438646300000E-03  -6.726357296000000E+01   8.680555361500000E+02   4.309438646300000E-03
   7.407971229499999E-05   1.058373369000000E-01   2.000000000000000E+00   2.000000000000000E+00   4.319896031400000E-03  -6.726353243699999E+01   8.680555361500000E+02   4.319896031400000E-03
   7.443882468700000E-05   1.060944776600000E-01   2.000000000000000E+00   2.000000000000000E+00   4.330335589000000E-03  -6.726349180800000E+01   8.680555361500000E+02   4.330335589000000E-03
   7.479880494900000E-05   1.063506628300000E-01   2.000000000000000E+00   2.000000000000000E+00   4.340792895900000E-03  -6.726345108900000E+01   8.680555361500000E+02   4.340792895900000E-03
   7.515965308400000E-05   1.066068474100000E-01   2.000000000000000E+00   2.000000000000000E+00   4.351250185200000E-03  -6.726341027300001E+01   8.680555361500000E+02   4.351250185200000E-03
   7.552136908600000E-05   1.068634603000000E-01   2.000000000000000E+00   2.000000000000000E+00   4.361748021200000E-03  -6.726336931100001E+01   8.680555361500000E+02   4.361748021200000E-03
   7.588395295400000E-05   1.071196446400000E-01   2.000000000000000E+00   2.000000000000000E+00   4.372205372300000E-03  -6.726332829800000E+01   8.680555361500000E+02   4.372205372300000E-03
   7.624740467600000E-05   1.073758283900000E-01   2.000000000000000E+00   2.000000000000000E+00   4.382662705600000E-03  -6.726328718700000E+01   8.680555361500000E+02   4.382662705600000E-03
   7.661172425200000E-05   1.076319246200000E-01   2.000000000000000E+00   2.000000000000000E+00   4.393005783500000E-03  -6.726324600400000E+01   8.680555361500000E+02   4.393005783500000E-03
   7.697691167399999E-05   1.078881069600000E-01   2.000000000000000E+00   2.000000000000000E+00   4.403462809100000E-03  -6.726320469600000E+01   8.680555361500000E+02   4.403462809100000E-03
   7.734296694500000E-05   1.081442886900000E-01   2.000000000000000E+00   2.000000000000000E+00   4.413919816800000E-03  -6.726316329100000E+01   8.680555361500000E+02   4.413919816800000E-03
   7.770989006000000E-05   1.084005895400000E-01   2.000000000000000E+00   2.000000000000000E+00   4.424331751800000E-03  -6.726312176200000E+01   8.680555361500000E+02   4.424331751800000E-03
   7.807768100300000E-05   1.086567704100000E-01   2.000000000000000E+00   2.000000000000000E+00   4.434788617000000E-03  -6.726308016000000E+01   8.680555361500000E+02   4.434788617000000E-03
   7.844633978099999E-05   1.089129506700000E-01   2.000000000000000E+00   2.000000000000000E+00   4.445245464300000E-03  -6.726303845900000E+01   8.680555361500000E+02   4.445245464300000E-03
   7.881586638699999E-05   1.091689613200000E-01   2.000000000000000E+00   2.000000000000000E+00   4.455779499400000E-03  -6.726299666700000E+01   8.680555361500000E+02   4.455779499400000E-03
   7.918626081300001E-05   1.094251400000000E-01   2.000000000000000E+00   2.000000000000000E+00   4.466236491700000E-03  -6.726295476999999E+01   8.680555361500000E+02   4.466236491700000E-03
   7.955752306800000E-05   1.096813180600000E-01   2.000000000000000E+00   2.000000000000000E+00   4.476693465700000E-03  -6.726291277599999E+01   8.680555361500000E+02   4.476693465700000E-03
   7.992965312600001E-05   1.099376173800000E-01   2.000000000000000E+00   2.000000000000000E+00   4.487105055700000E-03  -6.726287068600000E+01   8.680555361500000E+02   4.487105055700000E-03
   8.030265099700000E-05   1.101937944400000E-01   2.000000000000000E+00   2.000000000000000E+00   4.497561887600000E-03  -6.726282849600000E+01   8.680555361500000E+02   4.497561887600000E-03
   8.067651667099999E-05   1.104499709000000E-01   2.000000000000000E+00   2.000000000000000E+00   4.508018701100000E-03  -6.726278620700000E+01   8.680555361500000E+02   4.508018701100000E-03
   8.105125014500000E-05   1.107062271700000E-01   2.000000000000000E+00   2.000000000000000E+00   4.518618681400000E-03  -6.726274381200000E+01   8.680555361500000E+02   4.518618681400000E-03
   8.142685141700000E-05   1.109624026000000E-01   2.000000000000000E+00   2.000000000000000E+00   4.529075789700000E-03  -6.726270132600000E+01   8.680555361500000E+02   4.529075789700000E-03
   8.180332048100000E-05   1.112185774100000E-01   2.000000000000000E+00   2.000000000000000E+00   4.539532879500000E-03  -6.726265874300000E+01   8.680555361500000E+02   4.539532879500000E-03
   8.218065733300001E-05   1.114745831900000E-01   2.000000000000000E+00   2.000000000000000E+00   4.549847121900000E-03  -6.726261605900000E+01   8.680555361500000E+02   4.549847121900000E-03
   8.255886196900001E-05   1.117307564100000E-01   2.000000000000000E+00   2.000000000000000E+00   4.560303846500000E-03  -6.726257327899999E+01   8.680555361500000E+02   4.560303846500000E-03
   8.293793438200000E-05   1.119869290200000E-01   2.000000000000000E+00   2.000000000000000E+00   4.570760552500000E-03  -6.726253040100001E+01   8.680555361500000E+02   4.570760552500000E-03
   8.331787456800000E-05   1.122394198100000E-01   2.000000000000000E+00   2.000000000000000E+00   4.581335866900000E-03  -6.726248746900001E+01   8.680555361500000E+02   4.581335866900000E-03
   8.369868251800000E-05   1.124955825500000E-01   2.000000000000000E+00   2.000000000000000E+00   4.591792806500000E-03  -6.726244439500000E+01   8.680555361500000E+02   4.591792806500000E-03
   8.408035823800000E-05   1.127517446600000E-01   2.000000000000000E+00   2.000000000000000E+00   4.602249727500000E-03  -6.726240122300000E+01   8.680555361500000E+02   4.602249727500000E-03
   8.446290171700000E-05   1.130114893300000E-01   2.000000000000000E+00   2.000000000000000E+00   4.612631419800000E-03  -6.726235791800001E+01   8.680555361500000E+02   4.612631419800000E-03
   8.484631295200000E-05   1.132676585400000E-01   2.000000000000000E+00   2.000000000000000E+00   4.623088132700000E-03  -6.726231455000000E+01   8.680555361500000E+02   4.623088132700000E-03
   8.523059193499999E-05   1.135238271200000E-01   2.000000000000000E+00   2.000000000000000E+00   4.633544826800000E-03  -6.726227108300000E+01   8.680555361500000E+02   4.633544826800000E-03
   8.561573866700000E-05   1.137794345600000E-01   2.000000000000000E+00   2.000000000000000E+00   4.644010800200000E-03  -6.726222751500001E+01   8.680555361500000E+02   4.644010800200000E-03
   8.600175313599999E-05   1.140356006600000E-01   2.000000000000000E+00   2.000000000000000E+00   4.654467477500000E-03  -6.726218385200001E+01   8.680555361500000E+02   4.654467477500000E-03
   8.638863534900000E-05   1.142917661200000E-01   2.000000000000000E+00   2.000000000000000E+00   4.664924135900000E-03  -6.726214009100001E+01   8.680555361500000E+02   4.664924135900000E-03
   8.677638528800000E-05   1.145486210500000E-01   2.000000000000000E+00   2.000000000000000E+00   4.675468846000000E-03  -6.726209627000000E+01   8.680555361500000E+02   4.675468846000000E-03
   8.716500295500000E-05   1.148047866600000E-01   2.000000000000000E+00   2.000000000000000E+00   4.685925663400000E-03  -6.726205231300000E+01   8.680555361500000E+02   4.685925663400000E-03
   8.755448835100000E-05   1.150609516200000E-01   2.000000000000000E+00   2.000000000000000E+00   4.696382461700000E-03  -6.726200825799999E+01   8.680555361500000E+02   4.696382461700000E-03
   8.794484146200000E-05   1.153172545000000E-01   2.000000000000000E+00   2.000000000000000E+00   4.706662693800000E-03  -6.726196406600000E+01   8.680555361500000E+02   4.706662693800000E-03
   8.833606228800000E-05   1.155734185200000E-01   2.000000000000000E+00   2.000000000000000E+00   4.717119061700000E-03  -6.726191981400000E+01   8.680555361500000E+02   4.717119061700000E-03
   8.872815081500000E-05   1.158295818900000E-01   2.000000000000000E+00   2.000000000000000E+00   4.727575410300000E-03  -6.726187546400000E+01   8.680555361500000E+02   4.727575410300000E-03
   8.912110705700000E-05   1.160857450100000E-01   2.000000000000000E+00   2.000000000000000E+00   4.738119499200000E-03  -6.726183101100000E+01   8.680555361500000E+02   4.738119499200000E-03
   8.951493099200000E-05   1.163419071000000E-01   2.000000000000000E+00   2.000000000000000E+00   4.748576003100000E-03  -6.726178646500000E+01   8.680555361500000E+02   4.748576003100000E-03
   8.990962262400000E-05   1.165980685400000E-01   2.000000000000000E+00   2.000000000000000E+00   4.759032487600000E-03  -6.726174182100000E+01   8.680555361500000E+02   4.759032487600000E-03
   9.030518194500000E-05   1.168542646700000E-01   2.000000000000000E+00   2.000000000000000E+00   4.769600216700000E-03  -6.726169717000001E+01   8.680555361500000E+02   4.769600216700000E-03
   9.070160895400000E-05   1.171104249000000E-01   2.000000000000000E+00   2.000000000000000E+00   4.780056906400000E-03  -6.726165233000000E+01   8.680555361500000E+02   4.780056906400000E-03
   9.109890364000000E-05   1.173665844800000E-01   2.000000000000000E+00   2.000000000000000E+00   4.790513576700000E-03  -6.726160739200000E+01   8.680555361500000E+02   4.790513576700000E-03
   9.149706600400000E-05   1.176227403600000E-01   2.000000000000000E+00   2.000000000000000E+00   4.800787263000000E-03  -6.726156226400001E+01   8.680555361500000E+02   4.800787263000000E-03
   9.189609603900000E-05   1.178788986400000E-01   2.000000000000000E+00   2.000000000000000E+00   4.811243495700000E-03  -6.726151713000000E+01   8.680555361500000E+02   4.811243495700000E-03
   9.229599373999999E-05   1.181350562600000E-01   2.000000000000000E+00   2.000000000000000E+00   4.821699708900000E-03  -6.726147189700001E+01   8.680555361500000E+02   4.821699708900000E-03
   9.269675910400000E-05   1.183910672600000E-01   2.000000000000000E+00   2.000000000000000E+00   4.832300709600000E-03  -6.726142664699999E+01   8.680555361500000E+02   4.832300709600000E-03
   9.309839212300000E-05   1.186472232100000E-01   2.000000000000000E+00   2.000000000000000E+00   4.842757196900000E-03  -6.726138121900000E+01   8.680555361500000E+02   4.842757196900000E-03
   9.350089279699999E-05   1.189033785000000E-01   2.000000000000000E+00   2.000000000000000E+00   4.853213664500000E-03  -6.726133569200000E+01   8.680555361500000E+02   4.853213664500000E-03
   9.390426111400000E-05   1.191595124800000E-01   2.000000000000000E+00   2.000000000000000E+00   4.863559459200000E-03  -6.726128998500000E+01   8.680555361500000E+02   4.863559459200000E-03
   9.430849707400000E-05   1.194156664800000E-01   2.000000000000000E+00   2.000000000000000E+00   4.874015649300000E-03  -6.726124426100000E+01   8.680555361500000E+02   4.874015649300000E-03
   9.471360067700000E-05   1.196718198100000E-01   2.000000000000000E+00   2.000000000000000E+00   4.884471819700000E-03  -6.726119844000000E+01   8.680555361500000E+02   4.884471819700000E-03
   9.511957191000000E-05   1.199281407400000E-01   2.000000000000000E+00   2.000000000000000E+00   4.894885863200000E-03  -6.726115255400001E+01   8.680555361500000E+02   4.894885863200000E-03
   9.552641076800000E-05   1.201842930600000E-01   2.000000000000000E+00   2.000000000000000E+00   4.905341903800000E-03  -6.726110653700000E+01   8.680555361500000E+02   4.905341903800000E-03
   9.593411725000000E-05   1.204404447100000E-01   2.000000000000000E+00   2.000000000000000E+00   4.915797924500000E-03  -6.726106042100000E+01   8.680555361500000E+02   4.915797924500000E-03
   9.634269134600000E-05   1.206962696000000E-01   2.000000000000000E+00   2.000000000000000E+00   4.926305006200000E-03  -6.726101417400000E+01   8.680555361500000E+02   4.926305006200000E-03
   9.675213306400000E-05   1.209524192800000E-01   2.000000000000000E+00   2.000000000000000E+00   4.936761095300000E-03  -6.726096786200000E+01   8.680555361500000E+02   4.936761095300000E-03
   9.716244238700000E-05   1.212085682900000E-01   2.000000000000000E+00   2.000000000000000E+00   4.947217164300000E-03  -6.726092145200001E+01   8.680555361500000E+02   4.947217164300000E-03
   9.757361931399999E-05   1.214625731400000E-01   2.000000000000000E+00   2.000000000000000E+00   4.957742311900000E-03  -6.726087494399999E+01   8.680555361500000E+02   4.957742311900000E-03
   9.798566384000000E-05   1.217187160500000E-01   2.000000000000000E+00   2.000000000000000E+00   4.968198486300000E-03  -6.726082833800000E+01   8.680555361500000E+02   4.968198486300000E-03
   9.839857595700000E-05   1.219748582900000E-01   2.000000000000000E+00   2.000000000000000E+00   4.978654640600000E-03  -6.726078163299999E+01   8.680555361500000E+02   4.978654640600000E-03
   9.881235565900000E-05   1.222334702000000E-01   2.000000000000000E+00   2.000000000000000E+00   4.989046287900000E-03  -6.726073483499999E+01   8.680555361500000E+02   4.989046287900000E-03
   9.922700295000000E-05   1.224896164100000E-01   2.000000000000000E+00   2.000000000000000E+00   4.999502266400000E-03  -6.726068793500001E+01   8.680555361500000E+02   4.999502266400000E-03
   9.964251781700000E-05   1.227457619300000E-01   2.000000000000000E+00   2.000000000000000E+00   5.009958224700000E-03  -6.726064093600000E+01   8.680555361500000E+02   5.009958224700000E-03
   1.000589002600000E-04   1.230017186700000E-01   2.000000000000000E+00   2.000000000000000E+00   5.020470923000000E-03  -6.726059387100000E+01   8.680555361500000E+02   5.020470923000000E-03
   1.004761502700000E-04   1.232578624000000E-01   2.000000000000000E+00   2.000000000000000E+00   5.030926958700000E-03  -6.726054667600000E+01   8.680555361500000E+02   5.030926958700000E-03
   1.008942678500000E-04   1.235140054500000E-01   2.000000000000000E+00   2.000000000000000E+00   5.041382973900000E-03  -6.726049938400000E+01   8.680555361500000E+02   5.041382973900000E-03
   1.013132529800000E-04   1.237700177200000E-01   2.000000000000000E+00   2.000000000000000E+00   5.051844598500000E-03  -6.726045197500000E+01   8.680555361500000E+02   5.051844598500000E-03
   1.017331056700000E-04   1.240261592300000E-01   2.000000000000000E+00   2.000000000000000E+00   5.062300584300000E-03  -6.726040448600000E+01   8.680555361500000E+02   5.062300584300000E-03
   1.021538259000000E-04   1.242823000600000E-01   2.000000000000000E+00   2.000000000000000E+00   5.072756549600000E-03  -6.726035689900000E+01   8.680555361500000E+02   5.072756549600000E-03
   1.025754136800000E-04   1.245387813600000E-01   2.000000000000000E+00   2.000000000000000E+00   5.083097947900000E-03  -6.726030921000000E+01   8.680555361500000E+02   5.083097947900000E-03
   1.029978690000000E-04   1.247949214400000E-01   2.000000000000000E+00   2.000000000000000E+00   5.093553636200000E-03  -6.726026142700000E+01   8.680555361500000E+02   5.093553636200000E-03
   1.034211918600000E-04   1.250510608300000E-01   2.000000000000000E+00   2.000000000000000E+00   5.104009303800000E-03  -6.726021354500000E+01   8.680555361500000E+02   5.104009303800000E-03
   1.038453822400000E-04   1.253070754800000E-01   2.000000000000000E+00   2.000000000000000E+00   5.114526469200000E-03  -6.726016557200001E+01   8.680555361500000E+02   5.114526469200000E-03
   1.042704401400000E-04   1.255632132600000E-01   2.000000000000000E+00   2.000000000000000E+00   5.124982221000000E-03  -6.726011749400000E+01   8.680555361500000E+02   5.124982221000000E-03
   1.046963655700000E-04   1.258193503500000E-01   2.000000000000000E+00   2.000000000000000E+00   5.135437952000000E-03  -6.726006931900000E+01   8.680555361500000E+02   5.135437952000000E-03
   1.051231585000000E-04   1.260754709000000E-01   2.000000000000000E+00   2.000000000000000E+00   5.145857940100000E-03  -6.726002102200000E+01   8.680555361500000E+02   5.145857940100000E-03
   1.055508189400000E-04   1.263316064800000E-01   2.000000000000000E+00   2.000000000000000E+00   5.156313556700000E-03  -6.725997264999999E+01   8.680555361500000E+02   5.156313556700000E-03
   1.059793468900000E-04   1.265877413500000E-01   2.000000000000000E+00   2.000000000000000E+00   5.166769152300000E-03  -6.725992418000000E+01   8.680555361500000E+02   5.166769152300000E-03
   1.064087423400000E-04   1.268438867900000E-01   2.000000000000000E+00   2.000000000000000E+00   5.177293996300000E-03  -6.725987566400001E+01   8.680555361500000E+02   5.177293996300000E-03
   1.068390052800000E-04   1.271000203600000E-01   2.000000000000000E+00   2.000000000000000E+00   5.187749689800000E-03  -6.725982699799999E+01   8.680555361500000E+02   5.187749689800000E-03
   1.072701357000000E-04   1.273561532200000E-01   2.000000000000000E+00   2.000000000000000E+00   5.198205362200000E-03  -6.725977823400000E+01   8.680555361500000E+02   5.198205362200000E-03
   1.077021336100000E-04   1.276123629500000E-01   2.000000000000000E+00   2.000000000000000E+00   5.208722777400000E-03  -6.725972932000001E+01   8.680555361500000E+02   5.208722777400000E-03
   1.081349990000000E-04   1.278684944900000E-01   2.000000000000000E+00   2.000000000000000E+00   5.219178531500000E-03  -6.725968036000000E+01   8.680555361500000E+02   5.219178531500000E-03

