   1.189685143500000E+00   0.000000000000000E+00   2.886751410500000E+01   2.886751410500000E+01   0.000000000000000E+00   9.999999747400000E-06   2.886751410500000E+01   0.000000000000000E+00
   1.189687192700000E+00   1.253187440300000E-03   2.886751410500000E+01   2.886751410500000E+01   1.576894266400000E-02   9.999999747400000E-06   2.886751410500000E+01   1.576894266400000E-02
   1.189693340000000E+00   2.506349672400000E-03   2.886751410500000E+01   2.886751410500000E+01   3.153789706100000E-02   9.999999747400000E-06   2.886751410500000E+01   3.153789706100000E-02
   1.189703585700000E+00   3.759461152500000E-03   2.886751410500000E+01   2.886751410500000E+01   4.730647655200000E-02   9.999999747400000E-06   2.886751410500000E+01   4.730647655200000E-02
   1.189717929800000E+00   5.012496567100000E-03   2.886751410500000E+01   2.886751410500000E+01   6.307534836299999E-02   9.999999747400000E-06   2.886751410500000E+01   6.307534836299999E-02
   1.189736372500000E+00   6.265430544100000E-03   2.886751410500000E+01   2.886751410500000E+01   7.884425929100000E-02   9.999999747400000E-06   2.886751410500000E+01   7.884425929100000E-02
   1.189758913900000E+00   7.518237735800000E-03   2.886751410500000E+01   2.886751410500000E+01   9.461374763600000E-02   9.999999747400000E-06   2.886751410500000E+01   9.461374763600000E-02
   1.189785554300000E+00   8.770892802100000E-03   2.886751410500000E+01   2.886751410500000E+01   1.103828542200000E-01   9.999999747400000E-06   2.886751410500000E+01   1.103828542200000E-01
   1.189816293900000E+00   1.002337041200000E-02   2.886751410500000E+01   2.886751410500000E+01   1.261520292100000E-01   9.999999747400000E-06   2.886751410500000E+01   1.261520292100000E-01
   1.189851133100000E+00   1.127564524600000E-02   2.886751410500000E+01   2.886751410500000E+01   1.419218160000000E-01   9.999999747400000E-06   2.886751410500000E+01   1.419218160000000E-01
   1.189890072100000E+00   1.252769199500000E-02   2.886751410500000E+01   2.886751410500000E+01   1.576912164500000E-01   9.999999747400000E-06   2.886751410500000E+01   1.576912164500000E-01
   1.189933111500000E+00   1.377948536700000E-02   2.886751410500000E+01   2.886751410500000E+01   1.734607145800000E-01   9.999999747400000E-06   2.886751410500000E+01   1.734607145800000E-01
   1.189980251500000E+00   1.503100008200000E-02   2.886751410500000E+01   2.886751410500000E+01   1.892271906400000E-01   9.999999747400000E-06   2.886751410500000E+01   1.892271906400000E-01
   1.190031492700000E+00   1.628221087900000E-02   2.886751410500000E+01   2.886751410500000E+01   2.049966526200000E-01   9.999999747400000E-06   2.886751410500000E+01   2.049966526200000E-01
   1.190086835500000E+00   1.753309251600000E-02   2.886751410500000E+01   2.886751410500000E+01   2.207662414200000E-01   9.999999747400000E-06   2.886751410500000E+01   2.207662414200000E-01
   1.190146280600000E+00   1.878361976800000E-02   2.886751410500000E+01   2.886751410500000E+01   2.365388010600000E-01   9.999999747400000E-06   2.886751410500000E+01   2.365388010600000E-01
   1.190209828500000E+00   2.003376743400000E-02   2.886751410500000E+01   2.886751410500000E+01   2.523088614200000E-01   9.999999747400000E-06   2.886751410500000E+01   2.523088614200000E-01
   1.190277479800000E+00   2.128351033700000E-02   2.886751410500000E+01   2.886751410500000E+01   2.680790775800000E-01   9.999999747400000E-06   2.886751410500000E+01   2.680790775800000E-01
   1.190349235300000E+00   2.253282332200000E-02   2.886751410500000E+01   2.886751410500000E+01   2.838505724100000E-01   9.999999747400000E-06   2.886751410500000E+01   2.838505724100000E-01
   1.190425095500000E+00   2.378168126100000E-02   2.886751410500000E+01   2.886751410500000E+01   2.996211907800000E-01   9.999999747400000E-06   2.886751410500000E+01   2.996211907800000E-01
   1.190505061200000E+00   2.503005905400000E-02   2.886751410500000E+01   2.886751410500000E+01   3.153919937600000E-01   9.999999747400000E-06   2.886751410500000E+01   3.153919937600000E-01
   1.190589133300000E+00   2.627793163000000E-02   2.886751410500000E+01   2.886751410500000E+01   3.311613156200000E-01   9.999999747400000E-06   2.886751410500000E+01   3.311613156200000E-01
   1.190677312500000E+00   2.752527394800000E-02   2.886751410500000E+01   2.886751410500000E+01   3.469324369200000E-01   9.999999747400000E-06   2.886751410500000E+01   3.469324369200000E-01
   1.190769599700000E+00   2.877206100200000E-02   2.886751410500000E+01   2.886751410500000E+01   3.627037714700000E-01   9.999999747400000E-06   2.886751410500000E+01   3.627037714700000E-01
   1.190865995800000E+00   3.001826781500000E-02   2.886751410500000E+01   2.886751410500000E+01   3.784734887300000E-01   9.999999747400000E-06   2.886751410500000E+01   3.784734887300000E-01
   1.190966501700000E+00   3.126386944900000E-02   2.886751410500000E+01   2.886751410500000E+01   3.942452003400000E-01   9.999999747400000E-06   2.886751410500000E+01   3.942452003400000E-01
   1.191071118400000E+00   3.250884100100000E-02   2.886751410500000E+01   2.886751410500000E+01   4.100171534400000E-01   9.999999747400000E-06   2.886751410500000E+01   4.100171534400000E-01
   1.191179846900000E+00   3.375315783100000E-02   2.886751410500000E+01   2.886751410500000E+01   4.257936253800000E-01   9.999999747400000E-06   2.886751410500000E+01   4.257936253800000E-01
   1.191292688200000E+00   3.499679468100000E-02   2.886751410500000E+01   2.886751410500000E+01   4.415662490000000E-01   9.999999747400000E-06   2.886751410500000E+01   4.415662490000000E-01
   1.191409643400000E+00   3.623972697800000E-02   2.886751410500000E+01   2.886751410500000E+01   4.573391423900000E-01   9.999999747400000E-06   2.886751410500000E+01   4.573391423900000E-01
   1.191530713500000E+00   3.748192970500000E-02   2.886751410500000E+01   2.886751410500000E+01   4.731079113500000E-01   9.999999747400000E-06   2.886751410500000E+01   4.731079113500000E-01
   1.191655899900000E+00   3.872337869600000E-02   2.886751410500000E+01   2.886751410500000E+01   4.888812259600000E-01   9.999999747400000E-06   2.886751410500000E+01   4.888812259600000E-01
   1.191785203500000E+00   3.996404904300000E-02   2.886751410500000E+01   2.886751410500000E+01   5.046548382300000E-01   9.999999747400000E-06   2.886751410500000E+01   5.046548382300000E-01
   1.191918625700000E+00   4.120391614200000E-02   2.886751410500000E+01   2.886751410500000E+01   5.204290598500000E-01   9.999999747400000E-06   2.886751410500000E+01   5.204290598500000E-01
   1.192056167700000E+00   4.244295543800000E-02   2.886751410500000E+01   2.886751410500000E+01   5.362033018100000E-01   9.999999747400000E-06   2.886751410500000E+01   5.362033018100000E-01
   1.192197830800000E+00   4.368114242500000E-02   2.886751410500000E+01   2.886751410500000E+01   5.519778687400000E-01   9.999999747400000E-06   2.886751410500000E+01   5.519778687400000E-01
   1.192343616200000E+00   4.491845264900000E-02   2.886751410500000E+01   2.886751410500000E+01   5.677562206900000E-01   9.999999747400000E-06   2.886751410500000E+01   5.677562206900000E-01
   1.192493525300000E+00   4.615486170800000E-02   2.886751410500000E+01   2.886751410500000E+01   5.835315631600000E-01   9.999999747400000E-06   2.886751410500000E+01   5.835315631600000E-01
   1.192647559600000E+00   4.739034525700000E-02   2.886751410500000E+01   2.886751410500000E+01   5.993072579800000E-01   9.999999747400000E-06   2.886751410500000E+01   5.993072579800000E-01
   1.192805720300000E+00   4.862487900400000E-02   2.886751410500000E+01   2.886751410500000E+01   6.150828284700000E-01   9.999999747400000E-06   2.886751410500000E+01   6.150828284700000E-01
   1.192968009000000E+00   4.985843871500000E-02   2.886751410500000E+01   2.886751410500000E+01   6.308592403400000E-01   9.999999747400000E-06   2.886751410500000E+01   6.308592403400000E-01
   1.193134427100000E+00   5.109100021600000E-02   2.886751410500000E+01   2.886751410500000E+01   6.466360312100000E-01   9.999999747400000E-06   2.886751410500000E+01   6.466360312100000E-01
   1.193304976000000E+00   5.232253939300000E-02   2.886751410500000E+01   2.886751410500000E+01   6.624138314200000E-01   9.999999747400000E-06   2.886751410500000E+01   6.624138314200000E-01
   1.193479657400000E+00   5.355303219100000E-02   2.886751410500000E+01   2.886751410500000E+01   6.781914217900000E-01   9.999999747400000E-06   2.886751410500000E+01   6.781914217900000E-01
   1.193658472800000E+00   5.478245462000000E-02   2.886751410500000E+01   2.886751410500000E+01   6.939694175800000E-01   9.999999747400000E-06   2.886751410500000E+01   6.939694175800000E-01
   1.193841423700000E+00   5.601078275600000E-02   2.886751410500000E+01   2.886751410500000E+01   7.097481288600000E-01   9.999999747400000E-06   2.886751410500000E+01   7.097481288600000E-01
   1.194028511800000E+00   5.723799273700000E-02   2.886751410500000E+01   2.886751410500000E+01   7.255269683800000E-01   9.999999747400000E-06   2.886751410500000E+01   7.255269683800000E-01
   1.194219738700000E+00   5.846406077100000E-02   2.886751410500000E+01   2.886751410500000E+01   7.413062392999999E-01   9.999999747400000E-06   2.886751410500000E+01   7.413062392999999E-01
   1.194415106000000E+00   5.968896313400000E-02   2.886751410500000E+01   2.886751410500000E+01   7.570824635600000E-01   9.999999747400000E-06   2.886751410500000E+01   7.570824635600000E-01
   1.194614615600000E+00   6.091267617100000E-02   2.886751410500000E+01   2.886751410500000E+01   7.728625491600000E-01   9.999999747400000E-06   2.886751410500000E+01   7.728625491600000E-01

