   1.194193187100000E+00   0.000000000000000E+00   2.886751410500000E+01   2.886751410500000E+01   0.000000000000000E+00   4.999999888200000E-03   2.886751410500000E+01   0.000000000000000E+00
   1.194196212800000E+00   1.101278699200000E-03   2.886751410500000E+01   2.886751410500000E+01   1.533270905500000E-02   4.999999888200000E-03   2.886751410500000E+01   1.533270905500000E-02
   1.194205291200000E+00   2.202539011000000E-03   2.886751410500000E+01   2.886751410500000E+01   3.066542648700000E-02   4.999999888200000E-03   2.886751410500000E+01   3.066542648700000E-02
   1.194220422000000E+00   3.303661531700000E-03   2.886751410500000E+01   2.886751410500000E+01   4.599806932900000E-02   4.999999888200000E-03   2.886751410500000E+01   4.599806932900000E-02
   1.194241605200000E+00   4.404789993600000E-03   2.886751410500000E+01   2.886751410500000E+01   6.133070901400000E-02   4.999999888200000E-03   2.886751410500000E+01   6.133070901400000E-02
   1.194268840900000E+00   5.505839140300000E-03   2.886751410500000E+01   2.886751410500000E+01   7.666329983300001E-02   4.999999888200000E-03   2.886751410500000E+01   7.666329983300001E-02
   1.194302129300000E+00   6.607003093000000E-03   2.886751410500000E+01   2.886751410500000E+01   9.199512157900000E-02   4.999999888200000E-03   2.886751410500000E+01   9.199512157900000E-02
   1.194341470500000E+00   7.707868441000000E-03   2.886751410500000E+01   2.886751410500000E+01   1.073274616300000E-01   4.999999888200000E-03   2.886751410500000E+01   1.073274616300000E-01
   1.194386864800000E+00   8.808594403100001E-03   2.886751410500000E+01   2.886751410500000E+01   1.226597167900000E-01   4.999999888200000E-03   2.886751410500000E+01   1.226597167900000E-01
   1.194438312200000E+00   9.909179031200000E-03   2.886751410500000E+01   2.886751410500000E+01   1.379926625200000E-01   4.999999888200000E-03   2.886751410500000E+01   1.379926625200000E-01
   1.194495813100000E+00   1.100956876100000E-02   2.886751410500000E+01   2.886751410500000E+01   1.533247964600000E-01   4.999999888200000E-03   2.886751410500000E+01   1.533247964600000E-01
   1.194559367800000E+00   1.210975954000000E-02   2.886751410500000E+01   2.886751410500000E+01   1.686568080500000E-01   4.999999888200000E-03   2.886751410500000E+01   1.686568080500000E-01
   1.194628976500000E+00   1.320945690200000E-02   2.886751410500000E+01   2.886751410500000E+01   1.839888477600000E-01   4.999999888200000E-03   2.886751410500000E+01   1.839892366800000E-01
   1.194704639600000E+00   1.430916532600000E-02   2.886751410500000E+01   2.886751410500000E+01   1.993205804600000E-01   4.999999888200000E-03   2.886751410500000E+01   1.993210063500000E-01
   1.194786357500000E+00   1.540861481700000E-02   2.886751410500000E+01   2.886751410500000E+01   2.146521509200000E-01   4.999999888200000E-03   2.886751410500000E+01   2.146526148700000E-01
   1.194874130500000E+00   1.650794498400000E-02   2.886751410500000E+01   2.886751410500000E+01   2.299806304100000E-01   4.999999888200000E-03   2.886751410500000E+01   2.299826551300000E-01
   1.194967959100000E+00   1.760683583400000E-02   2.886751410500000E+01   2.886751410500000E+01   2.453116703300000E-01   4.999999888200000E-03   2.886751410500000E+01   2.453137983900000E-01
   1.195067843700000E+00   1.870540986200000E-02   2.886751410500000E+01   2.886751410500000E+01   2.606425147400000E-01   4.999999888200000E-03   2.886751410500000E+01   2.606447400000000E-01
   1.195173784800000E+00   1.980340933400000E-02   2.886751410500000E+01   2.886751410500000E+01   2.759769608000000E-01   4.999999888200000E-03   2.886751410500000E+01   2.759769608000000E-01
   1.195285783000000E+00   2.090126589300000E-02   2.886751410500000E+01   2.886751410500000E+01   2.913075544700000E-01   4.999999888200000E-03   2.886751410500000E+01   2.913075544700000E-01
   1.195403838600000E+00   2.199874477900000E-02   2.886751410500000E+01   2.886751410500000E+01   3.066379091100000E-01   4.999999888200000E-03   2.886751410500000E+01   3.066379091100000E-01
   1.195527952400000E+00   2.309600216600000E-02   2.886751410500000E+01   2.886751410500000E+01   3.219641493200000E-01   4.999999888200000E-03   2.886751410500000E+01   3.219676173200000E-01
   1.195658124900000E+00   2.419267640900000E-02   2.886751410500000E+01   2.886751410500000E+01   3.372938456300000E-01   4.999999888200000E-03   2.886751410500000E+01   3.372974586300000E-01
   1.195794356700000E+00   2.528891412600000E-02   2.886751410500000E+01   2.886751410500000E+01   3.526232692400000E-01   4.999999888200000E-03   2.886751410500000E+01   3.526270244300000E-01
   1.195936648400000E+00   2.638474538500000E-02   2.886751410500000E+01   2.886751410500000E+01   3.679525773800000E-01   4.999999888200000E-03   2.886751410500000E+01   3.679540890700000E-01
   1.196085000800000E+00   2.748005379500000E-02   2.886751410500000E+01   2.886751410500000E+01   3.832814223800000E-01   4.999999888200000E-03   2.886751410500000E+01   3.832829891300000E-01
   1.196239414500000E+00   2.857486697300000E-02   2.886751410500000E+01   2.886751410500000E+01   3.986099548600000E-01   4.999999888200000E-03   2.886751410500000E+01   3.986115757000000E-01
   1.196399890300000E+00   2.966905544300000E-02   2.886751410500000E+01   2.886751410500000E+01   4.139363978400000E-01   4.999999888200000E-03   2.886751410500000E+01   4.139412980900000E-01
   1.196566429000000E+00   3.076284223500000E-02   2.886751410500000E+01   2.886751410500000E+01   4.292642082400000E-01   4.999999888200000E-03   2.886751410500000E+01   4.292691958800000E-01
   1.196739031200000E+00   3.185607822600000E-02   2.886751410500000E+01   2.886751410500000E+01   4.445916663600000E-01   4.999999888200000E-03   2.886751410500000E+01   4.445967310800000E-01
   1.196917697900000E+00   3.294883951400000E-02   2.886751410500000E+01   2.886751410500000E+01   4.599184802600000E-01   4.999999888200000E-03   2.886751410500000E+01   4.599250083100000E-01
   1.197102429800000E+00   3.404088717600000E-02   2.886751410500000E+01   2.886751410500000E+01   4.752450297200000E-01   4.999999888200000E-03   2.886751410500000E+01   4.752518809100000E-01
   1.197293227900000E+00   3.513232305600000E-02   2.886751410500000E+01   2.886751410500000E+01   4.905711700300000E-01   4.999999888200000E-03   2.886751410500000E+01   4.905783547900000E-01
   1.197490093000000E+00   3.622281013300000E-02   2.886751410500000E+01   2.886751410500000E+01   5.059007725900000E-01   4.999999888200000E-03   2.886751410500000E+01   5.059049270500000E-01
   1.197693026000000E+00   3.731295112800000E-02   2.886751410500000E+01   2.886751410500000E+01   5.212261939800000E-01   4.999999888200000E-03   2.886751410500000E+01   5.212305237500000E-01
   1.197902027900000E+00   3.840242221100000E-02   2.886751410500000E+01   2.886751410500000E+01   5.365511641200000E-01   4.999999888200000E-03   2.886751410500000E+01   5.365556736600000E-01
   1.198117099600000E+00   3.949206283800000E-02   2.886751410500000E+01   2.886751410500000E+01   5.518763720800000E-01   4.999999888200000E-03   2.886751410500000E+01   5.518773768900000E-01
   1.198338242200000E+00   4.058020385400000E-02   2.886751410500000E+01   2.886751410500000E+01   5.672005775300000E-01   4.999999888200000E-03   2.886751410500000E+01   5.672014623000000E-01
   1.198565456700000E+00   4.166762108200000E-02   2.886751410500000E+01   2.886751410500000E+01   5.825242997300000E-01   4.999999888200000E-03   2.886751410500000E+01   5.825250522099999E-01
   1.198798744100000E+00   4.275461775500000E-02   2.886751410500000E+01   2.886751410500000E+01   5.978487004100000E-01   4.999999888200000E-03   2.886751410500000E+01   5.978487004100000E-01
   1.199038105400000E+00   4.384051947700000E-02   2.886751410500000E+01   2.886751410500000E+01   6.131714287200000E-01   4.999999888200000E-03   2.886751410500000E+01   6.131714287200000E-01
   1.199283541800000E+00   4.492563922100000E-02   2.886751410500000E+01   2.886751410500000E+01   6.284936270000000E-01   4.999999888200000E-03   2.886751410500000E+01   6.284936270000000E-01
   1.199535054400000E+00   4.600948715200000E-02   2.886751410500000E+01   2.886751410500000E+01   6.438187237000000E-01   4.999999888200000E-03   2.886751410500000E+01   6.438187237000000E-01
   1.199792644400000E+00   4.709295725900000E-02   2.886751410500000E+01   2.886751410500000E+01   6.591398194600000E-01   4.999999888200000E-03   2.886751410500000E+01   6.591398194600000E-01
   1.200056312900000E+00   4.817558774000000E-02   2.886751410500000E+01   2.886751410500000E+01   6.744603321400000E-01   4.999999888200000E-03   2.886751410500000E+01   6.744603321400000E-01
   1.200326061000000E+00   4.925784495300000E-02   2.886751410500000E+01   2.886751410500000E+01   6.897709859500000E-01   4.999999888200000E-03   2.886751410500000E+01   6.897747216600000E-01
   1.200601890100000E+00   5.033879056100000E-02   2.886751410500000E+01   2.886751410500000E+01   7.050902261699999E-01   4.999999888200000E-03   2.886751410500000E+01   7.050937672299999E-01
   1.200883801300000E+00   5.141884315900000E-02   2.886751410500000E+01   2.886751410500000E+01   7.204088436300000E-01   4.999999888200000E-03   2.886751410500000E+01   7.204121715100000E-01
   1.201171796000000E+00   5.249798871500000E-02   2.886751410500000E+01   2.886751410500000E+01   7.357224825499999E-01   4.999999888200000E-03   2.886751410500000E+01   7.357342128400000E-01
   1.201465875400000E+00   5.357619966200000E-02   2.886751410500000E+01   2.886751410500000E+01   7.510397491700000E-01   4.999999888200000E-03   2.886751410500000E+01   7.510514354400000E-01

