   1.376126013100000E+00   0.000000000000000E+00   2.886751410500000E+01   2.886751410500000E+01   0.000000000000000E+00   1.999999955300000E-02   2.886751410500000E+01   0.000000000000000E+00
   1.376132702300000E+00   2.147090876700000E-03   2.886751410500000E+01   2.886751410500000E+01   1.251578467500000E-02   1.999999955300000E-02   2.886751410500000E+01   1.771227891100000E-02
   1.376152770900000E+00   4.294093614000000E-03   2.886751410500000E+01   2.886751410500000E+01   2.503169664100000E-02   1.999999955300000E-02   2.886751410500000E+01   3.542446557400000E-02
   1.376186219400000E+00   6.440773897600000E-03   2.886751410500000E+01   2.886751410500000E+01   3.754835037400000E-02   1.999999955300000E-02   2.886751410500000E+01   5.313548772600000E-02
   1.376233049000000E+00   8.587253298700000E-03   2.886751410500000E+01   2.886751410500000E+01   5.006487822100000E-02   1.999999955300000E-02   2.886751410500000E+01   7.084660628800001E-02
   1.376293261600000E+00   1.073334884100000E-02   2.886751410500000E+01   2.886751410500000E+01   6.258174525599999E-02   1.999999955300000E-02   2.886751410500000E+01   8.855709694000000E-02
   1.376366859300000E+00   1.287917588700000E-02   2.886751410500000E+01   2.886751410500000E+01   7.509839589200000E-02   1.999999955300000E-02   2.886751410500000E+01   1.062681804000000E-01
   1.376453845000000E+00   1.502425103100000E-02   2.886751410500000E+01   2.886751410500000E+01   8.761609815500000E-02   1.999999955300000E-02   2.886751410500000E+01   1.239771727000000E-01
   1.376554221900000E+00   1.716865444400000E-02   2.886751410500000E+01   2.886751410500000E+01   1.001343977700000E-01   1.999999955300000E-02   2.886751410500000E+01   1.416850642400000E-01
   1.376667993700000E+00   1.931232283300000E-02   2.886751410500000E+01   2.886751410500000E+01   1.126544076500000E-01   1.999999955300000E-02   2.886751410500000E+01   1.593919098400000E-01
   1.376795164700000E+00   2.145509858300000E-02   2.886751410500000E+01   2.886751410500000E+01   1.251742474100000E-01   1.999999955300000E-02   2.886751410500000E+01   1.770971483800000E-01
   1.376935739600000E+00   2.359691479500000E-02   2.886751410500000E+01   2.886751410500000E+01   1.376949315600000E-01   1.999999955300000E-02   2.886751410500000E+01   1.948008101200000E-01
   1.377089723600000E+00   2.573670405400000E-02   2.886751410500000E+01   2.886751410500000E+01   1.502144119900000E-01   1.999999955300000E-02   2.886751410500000E+01   2.124963891400000E-01
   1.377257122500000E+00   2.787623277000000E-02   2.886751410500000E+01   2.886751410500000E+01   1.627367121300000E-01   1.999999955300000E-02   2.886751410500000E+01   2.301958880100000E-01
   1.377437942500000E+00   3.001451430200000E-02   2.886751410500000E+01   2.886751410500000E+01   1.752600721600000E-01   1.999999955300000E-02   2.886751410500000E+01   2.478933292200000E-01
   1.377632190200000E+00   3.215107969300000E-02   2.886751410500000E+01   2.886751410500000E+01   1.877873280000000E-01   1.999999955300000E-02   2.886751410500000E+01   2.655861110400000E-01
   1.377839872800000E+00   3.428655451600000E-02   2.886751410500000E+01   2.886751410500000E+01   2.003133168600000E-01   1.999999955300000E-02   2.886751410500000E+01   2.832787887100000E-01
   1.378060998000000E+00   3.642049461700000E-02   2.886751410500000E+01   2.886751410500000E+01   2.128406223300000E-01   1.999999955300000E-02   2.886751410500000E+01   3.009689220700000E-01
   1.378295573900000E+00   3.855432975500000E-02   2.886751410500000E+01   2.886751410500000E+01   2.253658730900000E-01   1.999999955300000E-02   2.886751410500000E+01   3.186663413800000E-01
   1.378543609000000E+00   4.068499712200000E-02   2.886751410500000E+01   2.886751410500000E+01   2.378962401800000E-01   1.999999955300000E-02   2.886751410500000E+01   3.363514514000000E-01
   1.378805112500000E+00   4.281384228700000E-02   2.886751410500000E+01   2.886751410500000E+01   2.504282263800000E-01   1.999999955300000E-02   2.886751410500000E+01   3.540335236500000E-01
   1.379080093800000E+00   4.494127285100000E-02   2.886751410500000E+01   2.886751410500000E+01   2.629654066200000E-01   1.999999955300000E-02   2.886751410500000E+01   3.717156952500000E-01
   1.379368562900000E+00   4.706621012600000E-02   2.886751410500000E+01   2.886751410500000E+01   2.755008998600000E-01   1.999999955300000E-02   2.886751410500000E+01   3.893913498700000E-01
   1.379670530200000E+00   4.918903800600000E-02   2.886751410500000E+01   2.886751410500000E+01   2.880382394200000E-01   1.999999955300000E-02   2.886751410500000E+01   4.070634645900000E-01
   1.379986006600000E+00   5.130778606600000E-02   2.886751410500000E+01   2.886751410500000E+01   3.005758905800000E-01   1.999999955300000E-02   2.886751410500000E+01   4.247195394000000E-01
   1.380315003400000E+00   5.342603110700000E-02   2.886751410500000E+01   2.886751410500000E+01   3.131166511900000E-01   1.999999955300000E-02   2.886751410500000E+01   4.423835475000000E-01
   1.380657532500000E+00   5.554188001900000E-02   2.886751410500000E+01   2.886751410500000E+01   3.256594443600000E-01   1.999999955300000E-02   2.886751410500000E+01   4.600435032900000E-01
   1.381013605900000E+00   5.765551151400000E-02   2.886751410500000E+01   2.886751410500000E+01   3.382078272100000E-01   1.999999955300000E-02   2.886751410500000E+01   4.777010418100000E-01
   1.381383236300000E+00   5.976629161300000E-02   2.886751410500000E+01   2.886751410500000E+01   3.507555871600000E-01   1.999999955300000E-02   2.886751410500000E+01   4.953524400800000E-01
   1.381766436700000E+00   6.187438911400000E-02   2.886751410500000E+01   2.886751410500000E+01   3.633056696700000E-01   1.999999955300000E-02   2.886751410500000E+01   5.129992630900000E-01
   1.382163220700000E+00   6.398121688100000E-02   2.886751410500000E+01   2.886751410500000E+01   3.758519120700000E-01   1.999999955300000E-02   2.886751410500000E+01   5.306513046900000E-01
   1.382573602000000E+00   6.608371237400000E-02   2.886751410500000E+01   2.886751410500000E+01   3.884059710800000E-01   1.999999955300000E-02   2.886751410500000E+01   5.482887805400000E-01
   1.382997595100000E+00   6.818323920300000E-02   2.886751410500000E+01   2.886751410500000E+01   4.009625160800000E-01   1.999999955300000E-02   2.886751410500000E+01   5.659211462600000E-01
   1.383435214400000E+00   7.027629509300000E-02   2.886751410500000E+01   2.886751410500000E+01   4.135291284100000E-01   1.999999955300000E-02   2.886751410500000E+01   5.835256291399999E-01
   1.383886475200000E+00   7.236949830900000E-02   2.886751410500000E+01   2.886751410500000E+01   4.260915694200000E-01   1.999999955300000E-02   2.886751410500000E+01   6.011465363100000E-01
   1.384351392900000E+00   7.445944771200000E-02   2.886751410500000E+01   2.886751410500000E+01   4.386567599100000E-01   1.999999955300000E-02   2.886751410500000E+01   6.187617841300000E-01
   1.384829983300000E+00   7.655018177700000E-02   2.886751410500000E+01   2.886751410500000E+01   4.512272628400000E-01   1.999999955300000E-02   2.886751410500000E+01   6.363986846600000E-01
   1.385322262700000E+00   7.863345029300001E-02   2.886751410500000E+01   2.886751410500000E+01   4.637990341900000E-01   1.999999955300000E-02   2.886751410500000E+01   6.540028289499999E-01
   1.385828247600000E+00   8.071318010900000E-02   2.886751410500000E+01   2.886751410500000E+01   4.763738400700000E-01   1.999999955300000E-02   2.886751410500000E+01   6.716007518100000E-01
   1.386347955000000E+00   8.278857189600000E-02   2.886751410500000E+01   2.886751410500000E+01   4.889514806700000E-01   1.999999955300000E-02   2.886751410500000E+01   6.891875577100000E-01
   1.386881402200000E+00   8.486092288700001E-02   2.886751410500000E+01   2.886751410500000E+01   5.015322283500000E-01   1.999999955300000E-02   2.886751410500000E+01   7.067723402000000E-01
   1.387428606800000E+00   8.692945147500000E-02   2.886751410500000E+01   2.886751410500000E+01   5.141162028000000E-01   1.999999955300000E-02   2.886751410500000E+01   7.243503227000000E-01
   1.387989586900000E+00   8.899335970100000E-02   2.886751410500000E+01   2.886751410500000E+01   5.266989543800000E-01   1.999999955300000E-02   2.886751410500000E+01   7.419165929000000E-01
   1.388564360700000E+00   9.105394444900000E-02   2.886751410500000E+01   2.886751410500000E+01   5.392908937300001E-01   1.999999955300000E-02   2.886751410500000E+01   7.594802697700000E-01
   1.389152946800000E+00   9.311042415900000E-02   2.886751410500000E+01   2.886751410500000E+01   5.518863713600000E-01   1.999999955300000E-02   2.886751410500000E+01   7.770365515400000E-01
   1.389755364300000E+00   9.516187167000000E-02   2.886751410500000E+01   2.886751410500000E+01   5.644860426900000E-01   1.999999955300000E-02   2.886751410500000E+01   7.945796281500001E-01
   1.390371632500000E+00   9.720984190000000E-02   2.886751410500000E+01   2.886751410500000E+01   5.770872350100000E-01   1.999999955300000E-02   2.886751410500000E+01   8.121203838300000E-01
   1.391001770800000E+00   9.925342572800000E-02   2.886751410500000E+01   2.886751410500000E+01   5.896920689400000E-01   1.999999955300000E-02   2.886751410500000E+01   8.296531317300000E-01
   1.391645799100000E+00   1.012954051700000E-01   2.886751410500000E+01   2.886751410500000E+01   6.023047758200000E-01   1.999999955300000E-02   2.886751410500000E+01   8.471971039900000E-01
   1.392303737700000E+00   1.033299927200000E-01   2.886751410500000E+01   2.886751410500000E+01   6.149176833400000E-01   1.999999955300000E-02   2.886751410500000E+01   8.647136246700000E-01

