   1.210793175100000E+00   0.000000000000000E+00   1.443375705200000E+01   1.443375705200000E+01   0.000000000000000E+00   4.999999888200000E-03   1.443375705200000E+01   0.000000000000000E+00
   1.210797102600000E+00   1.338548115800000E-03   1.443375705200000E+01   1.443375705200000E+01   1.992461643500000E-02   4.999999888200000E-03   1.443375705200000E+01   1.992461643500000E-02
   1.210808885300000E+00   2.677074383200000E-03   1.443375705200000E+01   1.443375705200000E+01   3.984901877100000E-02   4.999999888200000E-03   1.443375705200000E+01   3.984901877100000E-02
   1.210828523600000E+00   4.015500866500000E-03   1.443375705200000E+01   1.443375705200000E+01   5.977289276100000E-02   4.999999888200000E-03   1.443375705200000E+01   5.977289276100000E-02
   1.210856018200000E+00   5.353884585500000E-03   1.443375705200000E+01   1.443375705200000E+01   7.969597415400000E-02   4.999999888200000E-03   1.443375705200000E+01   7.969597415400000E-02
   1.210891370200000E+00   6.692167400200000E-03   1.443375705200000E+01   1.443375705200000E+01   9.961799860700001E-02   4.999999888200000E-03   1.443375705200000E+01   9.961799860700001E-02
   1.210934580600000E+00   8.030316631399999E-03   1.443375705200000E+01   1.443375705200000E+01   1.195387016500000E-01   4.999999888200000E-03   1.443375705200000E+01   1.195387016500000E-01
   1.210985651200000E+00   9.368320707299999E-03   1.443375705200000E+01   1.443375705200000E+01   1.394578186500000E-01   4.999999888200000E-03   1.443375705200000E+01   1.394578186500000E-01
   1.211044583700000E+00   1.070614807900000E-02   1.443375705200000E+01   1.443375705200000E+01   1.593750847900000E-01   4.999999888200000E-03   1.443375705200000E+01   1.593750847900000E-01
   1.211111380100000E+00   1.204392915700000E-02   1.443375705200000E+01   1.443375705200000E+01   1.792902350200000E-01   4.999999888200000E-03   1.443375705200000E+01   1.792902350200000E-01
   1.211186043000000E+00   1.338134429900000E-02   1.443375705200000E+01   1.443375705200000E+01   1.992030040700000E-01   4.999999888200000E-03   1.443375705200000E+01   1.992030040700000E-01
   1.211268574800000E+00   1.471850660100000E-02   1.443375705200000E+01   1.443375705200000E+01   2.191131263600000E-01   4.999999888200000E-03   1.443375705200000E+01   2.191131263600000E-01
   1.211358978500000E+00   1.605537336400000E-02   1.443375705200000E+01   1.443375705200000E+01   2.390203359900000E-01   4.999999888200000E-03   1.443375705200000E+01   2.390203359900000E-01
   1.211457257300000E+00   1.739195205000000E-02   1.443375705200000E+01   1.443375705200000E+01   2.589243667600000E-01   4.999999888200000E-03   1.443375705200000E+01   2.589243667600000E-01
   1.211563414700000E+00   1.872820136700000E-02   1.443375705200000E+01   1.443375705200000E+01   2.788249520500000E-01   4.999999888200000E-03   1.443375705200000E+01   2.788249520500000E-01
   1.211677454300000E+00   2.006401452400000E-02   1.443375705200000E+01   1.443375705200000E+01   2.987218248800000E-01   4.999999888200000E-03   1.443375705200000E+01   2.987218248800000E-01
   1.211799380200000E+00   2.139952307300000E-02   1.443375705200000E+01   1.443375705200000E+01   3.186147178200000E-01   4.999999888200000E-03   1.443375705200000E+01   3.186147178200000E-01
   1.211929196500000E+00   2.273462528400000E-02   1.443375705200000E+01   1.443375705200000E+01   3.385033629900000E-01   4.999999888200000E-03   1.443375705200000E+01   3.385033629900000E-01
   1.212066907900000E+00   2.406942071500000E-02   1.443375705200000E+01   1.443375705200000E+01   3.583874920200000E-01   4.999999888200000E-03   1.443375705200000E+01   3.583874920200000E-01
   1.212212519000000E+00   2.540363942900000E-02   1.443375705200000E+01   1.443375705200000E+01   3.782668360500000E-01   4.999999888200000E-03   1.443375705200000E+01   3.782668360500000E-01
   1.212366034900000E+00   2.673737413100000E-02   1.443375705200000E+01   1.443375705200000E+01   3.981411256500000E-01   4.999999888200000E-03   1.443375705200000E+01   3.981411256500000E-01
   1.212527460800000E+00   2.807057470500000E-02   1.443375705200000E+01   1.443375705200000E+01   4.180100908600000E-01   4.999999888200000E-03   1.443375705200000E+01   4.180100908600000E-01
   1.212696802300000E+00   2.940326227900000E-02   1.443375705200000E+01   1.443375705200000E+01   4.378734611200000E-01   4.999999888200000E-03   1.443375705200000E+01   4.378734611200000E-01
   1.212874065100000E+00   3.073538751800000E-02   1.443375705200000E+01   1.443375705200000E+01   4.577309652500000E-01   4.999999888200000E-03   1.443375705200000E+01   4.577309652500000E-01
   1.213059255300000E+00   3.206682167500000E-02   1.443375705200000E+01   1.443375705200000E+01   4.775823314600000E-01   4.999999888200000E-03   1.443375705200000E+01   4.775823314600000E-01
   1.213252379000000E+00   3.339773846000000E-02   1.443375705200000E+01   1.443375705200000E+01   4.974272872800000E-01   4.999999888200000E-03   1.443375705200000E+01   4.974272872800000E-01
   1.213453442800000E+00   3.472801368100000E-02   1.443375705200000E+01   1.443375705200000E+01   5.172655595700000E-01   4.999999888200000E-03   1.443375705200000E+01   5.172655595700000E-01
   1.213662453400000E+00   3.605774802700000E-02   1.443375705200000E+01   1.443375705200000E+01   5.370968744900000E-01   4.999999888200000E-03   1.443375705200000E+01   5.370968744900000E-01
   1.213879417700000E+00   3.738666520000000E-02   1.443375705200000E+01   1.443375705200000E+01   5.569209574800000E-01   4.999999888200000E-03   1.443375705200000E+01   5.569209574800000E-01
   1.214104342900000E+00   3.871486074800000E-02   1.443375705200000E+01   1.443375705200000E+01   5.767375332500000E-01   4.999999888200000E-03   1.443375705200000E+01   5.767375332500000E-01
   1.214337236300000E+00   4.004178328900000E-02   1.443375705200000E+01   1.443375705200000E+01   5.965463257600000E-01   4.999999888200000E-03   1.443375705200000E+01   5.965463257600000E-01
   1.214578105600000E+00   4.136843843800000E-02   1.443375705200000E+01   1.443375705200000E+01   6.163470581600000E-01   4.999999888200000E-03   1.443375705200000E+01   6.163470581600000E-01
   1.214826958600000E+00   4.269429098000000E-02   1.443375705200000E+01   1.443375705200000E+01   6.361394528500000E-01   4.999999888200000E-03   1.443375705200000E+01   6.361394528500000E-01
   1.215083803300000E+00   4.401987354400000E-02   1.443375705200000E+01   1.443375705200000E+01   6.559232314200000E-01   4.999999888200000E-03   1.443375705200000E+01   6.559232314200000E-01
   1.215348647800000E+00   4.534405455300000E-02   1.443375705200000E+01   1.443375705200000E+01   6.756981146200000E-01   4.999999888200000E-03   1.443375705200000E+01   6.756981146200000E-01
   1.215621500700000E+00   4.666735071300000E-02   1.443375705200000E+01   1.443375705200000E+01   6.954638224000000E-01   4.999999888200000E-03   1.443375705200000E+01   6.954638224000000E-01
   1.215902370500000E+00   4.798903873600000E-02   1.443375705200000E+01   1.443375705200000E+01   7.152200738400000E-01   4.999999888200000E-03   1.443375705200000E+01   7.152200738400000E-01
   1.216191266000000E+00   4.931046447400000E-02   1.443375705200000E+01   1.443375705200000E+01   7.349665871900000E-01   4.999999888200000E-03   1.443375705200000E+01   7.349665871900000E-01
   1.216488196200000E+00   5.063092217400000E-02   1.443375705200000E+01   1.443375705200000E+01   7.547030798300000E-01   4.999999888200000E-03   1.443375705200000E+01   7.547030798300000E-01
   1.216793170100000E+00   5.195107832000000E-02   1.443375705200000E+01   1.443375705200000E+01   7.744292682700000E-01   4.999999888200000E-03   1.443375705200000E+01   7.744292682700000E-01
   1.217106197300000E+00   5.326953263900000E-02   1.443375705200000E+01   1.443375705200000E+01   7.941448681500000E-01   4.999999888200000E-03   1.443375705200000E+01   7.941448681500000E-01
   1.217427287000000E+00   5.458693439000000E-02   1.443375705200000E+01   1.443375705200000E+01   8.138495942300000E-01   4.999999888200000E-03   1.443375705200000E+01   8.138495942300000E-01
   1.217756449000000E+00   5.590316080700000E-02   1.443375705200000E+01   1.443375705200000E+01   8.335431603700000E-01   4.999999888200000E-03   1.443375705200000E+01   8.335431603700000E-01
   1.218093693000000E+00   5.721836851400000E-02   1.443375705200000E+01   1.443375705200000E+01   8.532252795700001E-01   4.999999888200000E-03   1.443375705200000E+01   8.532252795700001E-01
   1.218439029000000E+00   5.853243788600000E-02   1.443375705200000E+01   1.443375705200000E+01   8.728956639200000E-01   4.999999888200000E-03   1.443375705200000E+01   8.728956639200000E-01
   1.218792467100000E+00   5.984507874300000E-02   1.443375705200000E+01   1.443375705200000E+01   8.925540246400000E-01   4.999999888200000E-03   1.443375705200000E+01   8.925540246400000E-01
   1.219154017400000E+00   6.115677864100000E-02   1.443375705200000E+01   1.443375705200000E+01   9.122000720600000E-01   4.999999888200000E-03   1.443375705200000E+01   9.122000720600000E-01
   1.219523690300000E+00   6.246725321100000E-02   1.443375705200000E+01   1.443375705200000E+01   9.318335156100001E-01   4.999999888200000E-03   1.443375705200000E+01   9.318335156100001E-01
   1.219901496200000E+00   6.377646205100000E-02   1.443375705200000E+01   1.443375705200000E+01   9.514540638600000E-01   4.999999888200000E-03   1.443375705200000E+01   9.514540638600000E-01
   1.220287445700000E+00   6.508439773700000E-02   1.443375705200000E+01   1.443375705200000E+01   9.710614245200000E-01   4.999999888200000E-03   1.443375705200000E+01   9.710614245200000E-01

